 1.0000E-05 1.0716E+01 1.0564E-05 1.0427E+01 1.1127E-05 1.0159E+01
 1.2327E-05 9.6522E+00 1.3584E-05 9.1947E+00 1.4909E-05 8.7766E+00
 1.6285E-05 8.3977E+00 1.6761E-05 8.2776E+00 1.7723E-05 8.0498E+00
 1.8741E-05 7.8282E+00 1.9204E-05 7.7331E+00 2.0808E-05 7.4292E+00
 2.2883E-05 7.0844E+00 2.5165E-05 6.7556E+00 2.7357E-05 6.4792E+00
 2.9666E-05 6.2220E+00 3.0927E-05 6.0938E+00 3.2006E-05 5.9902E+00
 3.4445E-05 5.7743E+00 3.5573E-05 5.6820E+00 3.8023E-05 5.4958E+00
 3.9114E-05 5.4187E+00 4.2747E-05 5.1833E+00 4.7307E-05 4.9272E+00
 5.0000E-05 4.7926E+00 5.1947E-05 4.7020E+00 5.6379E-05 4.5134E+00
 5.8779E-05 4.4203E+00 6.2624E-05 4.2824E+00 6.6397E-05 4.1589E+00
 7.0559E-05 4.0344E+00 7.3555E-05 3.9514E+00 7.9545E-05 3.7997E+00
 8.1746E-05 3.7482E+00 8.7847E-05 3.6157E+00 9.5773E-05 3.4628E+00
 1.0000E-04 3.3888E+00 1.0366E-04 3.3284E+00 1.0944E-04 3.2393E+00
 1.1522E-04 3.1570E+00 1.2737E-04 3.0027E+00 1.3188E-04 2.9508E+00
 1.4021E-04 2.8618E+00 1.5359E-04 2.7343E+00 1.6761E-04 2.6174E+00
 1.8209E-04 2.5112E+00 1.8839E-04 2.4688E+00 1.9714E-04 2.4134E+00
 2.0910E-04 2.3433E+00 2.1820E-04 2.2940E+00 2.4176E-04 2.1793E+00
 2.6237E-04 2.0920E+00 2.7542E-04 2.0418E+00 2.8525E-04 2.0063E+00
 3.1040E-04 1.9233E+00 3.4368E-04 1.8279E+00 3.5765E-04 1.7919E+00
 3.7947E-04 1.7396E+00 4.0670E-04 1.6804E+00 4.1477E-04 1.6640E+00
 4.5004E-04 1.5975E+00 5.0000E-04 1.5156E+00 5.4265E-04 1.4548E+00
 5.8574E-04 1.4003E+00 6.4483E-04 1.3347E+00 6.9885E-04 1.2821E+00
 7.6434E-04 1.2259E+00 8.4134E-04 1.1685E+00 9.1724E-04 1.1191E+00
 1.0000E-03 1.0718E+00 1.0564E-03 1.0428E+00 1.1127E-03 1.0160E+00
 1.2327E-03 9.6530E-01 1.3584E-03 9.1953E-01 1.4909E-03 8.7769E-01
 1.7723E-03 8.0498E-01 1.9204E-03 7.7332E-01 2.0000E-03 7.5778E-01
 2.0740E-03 7.4414E-01 2.2883E-03 7.0846E-01 2.5092E-03 6.7657E-01
 2.7357E-03 6.4798E-01 3.0000E-03 6.1880E-01 3.2006E-03 5.9910E-01
 3.3790E-03 5.8309E-01 3.5573E-03 5.6829E-01 4.0000E-03 5.3593E-01
 4.2671E-03 5.1888E-01 4.7307E-03 4.9280E-01 5.0000E-03 4.7934E-01
 5.1947E-03 4.7026E-01 5.6378E-03 4.5139E-01 5.9501E-03 4.3938E-01
 6.2624E-03 4.2828E-01 6.6397E-03 4.1592E-01 7.3555E-03 3.9516E-01
 7.5000E-03 3.9134E-01 8.1746E-03 3.7484E-01 8.7847E-03 3.6159E-01
 9.5773E-03 3.4630E-01 1.0000E-02 3.3890E-01 1.0597E-02 3.2922E-01
 1.1190E-02 3.2038E-01 1.2391E-02 3.0446E-01 1.3825E-02 2.8824E-01
 1.4648E-02 2.8003E-01 1.6159E-02 2.6661E-01 1.7543E-02 2.5587E-01
 2.0591E-02 2.3618E-01 2.2824E-02 2.2433E-01 2.5300E-02 2.1307E-01
 2.7569E-02 2.0411E-01 2.9881E-02 1.9606E-01 3.2225E-02 1.8879E-01
 3.5755E-02 1.7923E-01 3.9333E-02 1.7088E-01 4.2851E-02 1.6372E-01
 4.3975E-02 1.6161E-01 4.6354E-02 1.5741E-01 5.1030E-02 1.5002E-01
 5.5507E-02 1.4385E-01 5.8670E-02 1.3992E-01 6.1833E-02 1.3629E-01
 7.2466E-02 1.2589E-01 7.8542E-02 1.2092E-01 8.1325E-02 1.1884E-01
 8.5618E-02 1.1582E-01 9.4956E-02 1.0998E-01 1.0366E-01 1.0527E-01
 1.0944E-01 1.0246E-01 1.1522E-01 9.9849E-02 1.1962E-01 9.7993E-02
 1.2737E-01 9.4966E-02 1.4021E-01 9.0507E-02 1.5359E-01 8.6472E-02
 1.6761E-01 8.2774E-02 1.8209E-01 7.9415E-02 1.9714E-01 7.6327E-02
 2.1820E-01 7.2553E-02 2.3998E-01 6.9180E-02 2.5700E-01 6.6847E-02
 2.6237E-01 6.6158E-02 2.8525E-01 6.3449E-02 3.0851E-01 6.1015E-02
 3.4368E-01 5.7813E-02 3.7947E-01 5.5015E-02 4.1477E-01 5.2619E-02
 4.5004E-01 5.0518E-02 5.0000E-01 4.7933E-02 5.4265E-01 4.6020E-02
 5.8574E-01 4.4314E-02 6.4483E-01 4.2256E-02 6.9885E-01 4.0606E-02
 7.6434E-01 3.8849E-02 8.4134E-01 3.7046E-02 9.1724E-01 3.5495E-02
 1.0000E+00 3.4013E-02 1.1127E+00 3.2265E-02 1.2327E+00 3.0669E-02
 1.3584E+00 2.9229E-02 1.4909E+00 2.7912E-02 1.6285E+00 2.6718E-02
 1.7723E+00 2.5621E-02 1.9204E+00 2.4623E-02 2.0740E+00 2.3705E-02
 2.2883E+00 2.2581E-02 2.5092E+00 2.1573E-02 2.7357E+00 2.0669E-02
 2.9666E+00 1.9856E-02 3.2006E+00 1.9125E-02 3.5573E+00 1.8152E-02
 3.9114E+00 1.7318E-02 4.2671E+00 1.6589E-02 4.7307E+00 1.5764E-02
 5.1947E+00 1.5049E-02 5.6378E+00 1.4452E-02 6.2624E+00 1.3719E-02
 6.6397E+00 1.3328E-02 7.3555E+00 1.2671E-02 8.1745E+00 1.2025E-02
 8.7847E+00 1.1604E-02 9.5773E+00 1.1118E-02 1.0366E+01 1.0691E-02
 1.1522E+01 1.0147E-02 1.2737E+01 9.6559E-03 1.5359E+01 8.8013E-03
 1.6761E+01 8.4288E-03 1.8209E+01 8.0902E-03 1.9714E+01 7.7786E-03
 2.1820E+01 7.3978E-03 2.3998E+01 7.0574E-03 2.6237E+01 6.7526E-03
 2.8525E+01 6.4788E-03 3.0852E+01 6.2325E-03 3.4368E+01 5.9085E-03
 3.7947E+01 5.6258E-03 4.1477E+01 5.3834E-03 4.5004E+01 5.1704E-03
 4.9727E+01 4.9213E-03 5.4265E+01 4.7131E-03 5.8574E+01 4.5383E-03
 6.4483E+01 4.3276E-03 6.9885E+01 4.1587E-03 7.6434E+01 3.9785E-03
 8.4133E+01 3.7939E-03 9.1724E+01 3.6352E-03 1.0000E+02 3.4831E-03
 1.0746E+02 3.3614E-03 1.2354E+02 3.1374E-03 1.4079E+02 2.9410E-03
 1.5914E+02 2.7679E-03 1.7851E+02 2.6150E-03 1.9881E+02 2.4794E-03
 2.3059E+02 2.3040E-03 2.6420E+02 2.1540E-03 2.9853E+02 2.0276E-03
 3.3395E+02 1.9182E-03 3.8302E+02 1.7925E-03 4.3184E+02 1.6892E-03
 4.7963E+02 1.6037E-03 5.4732E+02 1.5023E-03 6.1127E+02 1.4224E-03
 6.9131E+02 1.3384E-03 7.5815E+02 1.2787E-03 8.7072E+02 1.1940E-03
 1.0000E+03 1.1150E-03 1.2381E+03 1.0032E-03 1.4762E+03 9.1967E-04
 2.2141E+03 7.8079E-04 2.9520E+03 6.9562E-04 3.6899E+03 6.6478E-04
 4.4278E+03 7.0637E-04 4.7967E+03 8.0930E-04 4.9812E+03 9.2362E-04
 5.1656E+03 1.1430E-03 5.2579E+03 1.3612E-03 5.3501E+03 1.6289E-03
 5.3962E+03 1.8566E-03 5.4423E+03 2.1242E-03 5.5000E+03 2.6537E-03
 5.5346E+03 3.0436E-03 5.5673E+03 3.6304E-03 5.6000E+03 4.3404E-03
 5.6268E+03 5.0456E-03 5.6542E+03 6.2943E-03 5.6817E+03 7.8883E-03
 5.6909E+03 8.5053E-03 5.7095E+03 9.9179E-03 5.7190E+03 1.0783E-02
 5.7306E+03 1.2331E-02 5.7421E+03 1.4172E-02 5.7536E+03 1.6287E-02
 5.7594E+03 1.7464E-02 5.7623E+03 1.8113E-02 5.7651E+03 1.8855E-02
 5.7695E+03 2.0210E-02 5.7739E+03 2.1787E-02 5.7826E+03 2.5334E-02
 5.7913E+03 2.9439E-02 5.8000E+03 3.4231E-02 5.8028E+03 3.6200E-02
 5.8056E+03 3.7774E-02 5.8084E+03 3.9484E-02 5.8099E+03 4.0607E-02
 5.8113E+03 4.1974E-02 5.8134E+03 4.4018E-02 5.8156E+03 4.6324E-02
 5.8200E+03 5.1548E-02 5.8254E+03 5.8725E-02 5.8272E+03 6.1496E-02
 5.8300E+03 6.6077E-02 5.8322E+03 7.0072E-02 5.8332E+03 7.2308E-02
 5.8343E+03 7.4805E-02 5.8357E+03 7.8430E-02 5.8372E+03 8.2490E-02
 5.8386E+03 8.6963E-02 5.8400E+03 9.1810E-02 5.8425E+03 1.0115E-01
 5.8438E+03 1.0609E-01 5.8450E+03 1.1146E-01 5.8475E+03 1.2281E-01
 5.8488E+03 1.2880E-01 5.8500E+03 1.3530E-01 5.8525E+03 1.4905E-01
 5.8538E+03 1.5631E-01 5.8550E+03 1.6419E-01 5.8575E+03 1.8085E-01
 5.8588E+03 1.8965E-01 5.8600E+03 1.9921E-01 5.8622E+03 2.1727E-01
 5.8633E+03 2.2700E-01 5.8644E+03 2.3769E-01 5.8650E+03 2.4326E-01
 5.8660E+03 2.5395E-01 5.8670E+03 2.6551E-01 5.8679E+03 2.7837E-01
 5.8689E+03 2.9287E-01 5.8700E+03 3.1091E-01 5.8710E+03 3.2938E-01
 5.8720E+03 3.4978E-01 5.8725E+03 3.6071E-01 5.8732E+03 3.7806E-01
 5.8740E+03 3.9658E-01 5.8750E+03 4.2326E-01 5.8760E+03 4.5248E-01
 5.8768E+03 4.7634E-01 5.8775E+03 5.0211E-01 5.8780E+03 5.2050E-01
 5.8790E+03 5.6057E-01 5.8795E+03 5.8241E-01 5.8800E+03 6.0562E-01
 5.8804E+03 6.2720E-01 5.8812E+03 6.6832E-01 5.8820E+03 7.1334E-01
 5.8828E+03 7.6578E-01 5.8834E+03 8.0569E-01 5.8840E+03 8.4813E-01
 5.8846E+03 8.9517E-01 5.8852E+03 9.4515E-01 5.8860E+03 1.0135E+00
 5.8868E+03 1.0896E+00 5.8876E+03 1.1716E+00 5.8880E+03 1.2136E+00
 5.8890E+03 1.3282E+00 5.8895E+03 1.3895E+00 5.8900E+03 1.4538E+00
 5.8905E+03 1.5209E+00 5.8910E+03 1.5912E+00 5.8915E+03 1.6646E+00
 5.8920E+03 1.7414E+00 5.8930E+03 1.9056E+00 5.8940E+03 2.0845E+00
 5.8950E+03 2.2786E+00 5.8960E+03 2.4877E+00 5.8970E+03 2.7098E+00
 5.8990E+03 3.1740E+00 5.9000E+03 3.3992E+00 5.9010E+03 3.6039E+00
 5.9018E+03 3.7360E+00 5.9020E+03 3.7749E+00 5.9025E+03 3.8440E+00
 5.9030E+03 3.9006E+00 5.9035E+03 3.9438E+00 5.9042E+03 3.9827E+00
 5.9050E+03 3.9907E+00 5.9055E+03 3.9798E+00 5.9060E+03 3.9570E+00
 5.9065E+03 3.9234E+00 5.9070E+03 3.8804E+00 5.9080E+03 3.7719E+00
 5.9090E+03 3.6425E+00 5.9100E+03 3.5019E+00 5.9130E+03 3.0724E+00
 5.9150E+03 2.8060E+00 5.9160E+03 2.6810E+00 5.9170E+03 2.5614E+00
 5.9180E+03 2.4471E+00 5.9190E+03 2.3379E+00 5.9200E+03 2.2336E+00
 5.9210E+03 2.1340E+00 5.9220E+03 2.0388E+00 5.9230E+03 1.9478E+00
 5.9240E+03 1.8610E+00 5.9250E+03 1.7780E+00 5.9260E+03 1.6987E+00
 5.9270E+03 1.6230E+00 5.9280E+03 1.5507E+00 5.9290E+03 1.4816E+00
 5.9300E+03 1.4156E+00 5.9310E+03 1.3525E+00 5.9320E+03 1.2923E+00
 5.9330E+03 1.2347E+00 5.9340E+03 1.1798E+00 5.9350E+03 1.1272E+00
 5.9360E+03 1.0771E+00 5.9370E+03 1.0287E+00 5.9380E+03 9.8336E-01
 5.9400E+03 8.9782E-01 5.9412E+03 8.4740E-01 5.9425E+03 8.0132E-01
 5.9450E+03 7.1522E-01 5.9462E+03 6.7509E-01 5.9475E+03 6.3841E-01
 5.9500E+03 5.6987E-01 5.9512E+03 5.3793E-01 5.9525E+03 5.0872E-01
 5.9550E+03 4.5415E-01 5.9562E+03 4.2871E-01 5.9575E+03 4.0545E-01
 5.9600E+03 3.6199E-01 5.9612E+03 3.4173E-01 5.9625E+03 3.2321E-01
 5.9650E+03 2.8859E-01 5.9662E+03 2.7245E-01 5.9675E+03 2.5770E-01
 5.9700E+03 2.3012E-01 5.9712E+03 2.1726E-01 5.9725E+03 2.0550E-01
 5.9750E+03 1.8353E-01 5.9762E+03 1.7328E-01 5.9775E+03 1.6391E-01
 5.9800E+03 1.4640E-01 5.9812E+03 1.3823E-01 5.9825E+03 1.3076E-01
 5.9850E+03 1.1680E-01 5.9862E+03 1.1029E-01 5.9875E+03 1.0434E-01
 5.9900E+03 9.3205E-02 5.9912E+03 8.8015E-02 5.9925E+03 8.3266E-02
 5.9950E+03 7.4386E-02 5.9962E+03 7.0242E-02 5.9975E+03 6.6448E-02
 6.0000E+03 5.9348E-02 6.0020E+03 5.4168E-02 6.0040E+03 4.9446E-02
 6.0051E+03 4.7220E-02 6.0061E+03 4.5135E-02 6.0081E+03 4.1210E-02
 6.0091E+03 3.9375E-02 6.0101E+03 3.7666E-02 6.0121E+03 3.4518E-02
 6.0131E+03 3.3117E-02 6.0141E+03 3.1848E-02 6.0152E+03 3.0716E-02
 6.0162E+03 2.9735E-02 6.0171E+03 2.8944E-02 6.0181E+03 2.8280E-02
 6.0190E+03 2.7721E-02 6.0200E+03 2.7243E-02 6.0212E+03 2.6656E-02
 6.0225E+03 2.6187E-02 6.0300E+03 2.3968E-02 6.0400E+03 2.1266E-02
 6.0500E+03 1.8872E-02 6.0600E+03 1.6751E-02 6.0750E+03 1.4015E-02
 6.0800E+03 1.3205E-02 6.0950E+03 1.1045E-02 6.1144E+03 8.7796E-03
 6.1216E+03 8.0644E-03 6.1289E+03 7.4561E-03 6.1333E+03 7.1356E-03
 6.1378E+03 6.9801E-03 6.1466E+03 6.5717E-03 6.1644E+03 5.8348E-03
 6.1822E+03 5.1828E-03 6.2000E+03 4.6052E-03 6.2208E+03 4.0136E-03
 6.2415E+03 3.5099E-03 6.2979E+03 2.7238E-03 6.3542E+03 2.1279E-03
 6.4106E+03 1.8099E-03 6.4669E+03 1.5457E-03 6.5232E+03 1.3218E-03
 6.5796E+03 1.1336E-03 6.6923E+03 9.3849E-04 6.8050E+03 7.8139E-04
 7.0000E+03 6.5526E-04 7.2557E+03 5.2508E-04 7.7064E+03 4.3238E-04
 8.0000E+03 4.1388E-04 9.5093E+03 3.3893E-04 1.0800E+04 3.3609E-04
 1.2000E+04 3.3352E-04 1.3115E+04 3.3116E-04 1.3800E+04 3.3982E-04
 1.5000E+04 3.5503E-04 1.6000E+04 3.6700E-04 1.6721E+04 3.7566E-04
 1.7541E+04 3.9862E-04 1.8360E+04 4.2162E-04 1.9180E+04 4.4462E-04
 2.0327E+04 4.7686E-04 2.0777E+04 5.0329E-04 2.1228E+04 5.2979E-04
 2.2130E+04 5.8283E-04 2.3031E+04 6.4206E-04 2.3933E+04 7.0144E-04
 2.4500E+04 7.6820E-04 2.5000E+04 8.2719E-04 2.5736E+04 9.2324E-04
 2.6637E+04 1.1068E-03 2.7538E+04 1.3193E-03 2.8000E+04 1.4856E-03
 2.8440E+04 1.6449E-03 2.8500E+04 1.6767E-03 2.9000E+04 1.9449E-03
 2.9341E+04 2.1288E-03 2.9500E+04 2.2568E-03 2.9750E+04 2.4596E-03
 3.0000E+04 2.6627E-03 3.0243E+04 2.8890E-03 3.0400E+04 3.0923E-03
 3.0600E+04 3.3523E-03 3.0800E+04 3.6309E-03 3.0919E+04 3.8065E-03
 3.1000E+04 3.9363E-03 3.1144E+04 4.1698E-03 3.1200E+04 4.2991E-03
 3.1400E+04 4.7790E-03 3.1600E+04 5.3140E-03 3.1800E+04 5.9061E-03
 3.1893E+04 6.1968E-03 3.2000E+04 6.5531E-03 3.2125E+04 6.9938E-03
 3.2200E+04 7.2741E-03 3.2375E+04 7.9600E-03 3.2400E+04 8.0650E-03
 3.2600E+04 8.9374E-03 3.2750E+04 9.6473E-03 3.2800E+04 9.8997E-03
 3.3000E+04 1.0953E-02 3.3188E+04 1.2040E-02 3.3350E+04 1.3067E-02
 3.3375E+04 1.3227E-02 3.3500E+04 1.4079E-02 3.3625E+04 1.5007E-02
 3.3750E+04 1.5941E-02 3.3875E+04 1.6982E-02 3.4000E+04 1.8030E-02
 3.4200E+04 1.9885E-02 3.4300E+04 2.0898E-02 3.4400E+04 2.1917E-02
 3.4500E+04 2.3028E-02 3.4600E+04 2.4144E-02 3.4750E+04 2.5891E-02
 3.4766E+04 2.5520E-02 3.4781E+04 2.5384E-02 3.4812E+04 2.5308E-02
 3.4938E+04 2.5212E-02 3.4969E+04 2.5136E-02 3.5000E+04 2.4572E-02
 3.5160E+04 2.3710E-02 3.5400E+04 2.1164E-02 3.5571E+04 1.9360E-02
 3.5800E+04 1.6647E-02 3.6000E+04 1.4594E-02 3.6196E+04 1.2837E-02
 3.6392E+04 1.1301E-02 3.6500E+04 1.0627E-02 3.6625E+04 9.8514E-03
 3.6750E+04 9.1339E-03 3.6875E+04 8.4928E-03 3.7000E+04 7.8544E-03
 3.7125E+04 7.3121E-03 3.7250E+04 6.7746E-03 3.7375E+04 6.3100E-03
 3.7500E+04 5.8493E-03 3.7750E+04 5.0552E-03 3.8000E+04 4.3727E-03
 3.8034E+04 4.2887E-03 3.8267E+04 3.8936E-03 3.8445E+04 3.5952E-03
 3.8750E+04 3.1672E-03 3.8856E+04 3.0204E-03 3.9000E+04 2.8513E-03
 3.9250E+04 2.5603E-03 3.9677E+04 2.1442E-03 4.0000E+04 1.9373E-03
 4.0250E+04 1.8016E-03 4.0500E+04 1.6663E-03 4.0750E+04 1.5406E-03
 4.1000E+04 1.4318E-03 4.1319E+04 1.2938E-03 4.2000E+04 1.1204E-03
 4.2500E+04 1.0157E-03 4.3125E+04 8.9044E-04 4.3750E+04 7.8639E-04
 4.4302E+04 7.0284E-04 4.4603E+04 6.6114E-04 4.5651E+04 5.8420E-04
 4.6245E+04 5.4072E-04 4.6708E+04 5.1384E-04 4.7652E+04 4.5910E-04
 4.7888E+04 4.4552E-04 4.9250E+04 4.0686E-04 5.0000E+04 3.8566E-04
 5.0586E+04 3.7130E-04 5.1172E+04 3.5701E-04 5.2814E+04 3.3947E-04
 5.4456E+04 3.2204E-04 5.6562E+04 3.2541E-04 5.8750E+04 3.2896E-04
 6.1025E+04 3.3271E-04 6.6000E+04 4.1078E-04 6.7594E+04 4.3588E-04
 7.0878E+04 5.4462E-04 7.2000E+04 6.0410E-04 7.3000E+04 6.6056E-04
 7.4162E+04 7.3058E-04 7.5081E+04 8.1408E-04 7.6000E+04 9.0609E-04
 7.7000E+04 1.0191E-03 7.7447E+04 1.0699E-03 7.8000E+04 1.1663E-03
 7.8500E+04 1.2536E-03 7.8723E+04 1.2928E-03 7.9000E+04 1.3500E-03
 7.9500E+04 1.4537E-03 8.0000E+04 1.5576E-03 8.0731E+04 1.7309E-03
 8.1000E+04 1.8111E-03 8.1500E+04 1.9608E-03 8.2000E+04 2.1279E-03
 8.2504E+04 2.3040E-03 8.3008E+04 2.4964E-03 8.3512E+04 2.7001E-03
 8.4508E+04 3.0945E-03 8.5000E+04 3.2802E-03 8.5658E+04 3.5347E-03
 8.6000E+04 3.5801E-03 8.7300E+04 3.7450E-03 8.8314E+04 3.4791E-03
 8.9328E+04 3.2317E-03 9.0339E+04 2.7824E-03 9.1017E+04 2.5183E-03
 9.1356E+04 2.3968E-03 9.2017E+04 2.1605E-03 9.2750E+04 1.9284E-03
 9.3339E+04 1.7598E-03 9.3500E+04 1.7183E-03 9.4000E+04 1.5900E-03
 9.4500E+04 1.4811E-03 9.5000E+04 1.3725E-03 9.5412E+04 1.2833E-03
 9.6000E+04 1.2063E-03 9.6500E+04 1.1483E-03 9.7000E+04 1.0904E-03
 9.7500E+04 1.0325E-03 9.8000E+04 9.8356E-04 9.8500E+04 9.3468E-04
 9.9000E+04 8.8586E-04 9.9469E+04 8.4509E-04 1.0000E+05 8.2578E-04
 1.0100E+05 7.8999E-04 1.0200E+05 7.5422E-04 1.0276E+05 7.2978E-04
 1.0352E+05 7.0557E-04 1.0500E+05 7.1923E-04 1.0600E+05 7.2865E-04
 1.0758E+05 7.4388E-04 1.0879E+05 8.2398E-04 1.1000E+05 9.1212E-04
 1.1164E+05 1.0452E-03 1.1242E+05 1.1923E-03 1.1367E+05 1.4720E-03
 1.1426E+05 1.7316E-03 1.1500E+05 2.1156E-03 1.1548E+05 2.4074E-03
 1.1569E+05 2.5505E-03 1.1600E+05 2.8719E-03 1.1650E+05 3.4888E-03
 1.1653E+05 3.5304E-03 1.1671E+05 3.7838E-03 1.1696E+05 4.2804E-03
 1.1722E+05 4.8457E-03 1.1750E+05 5.5703E-03 1.1772E+05 6.2043E-03
 1.1800E+05 7.1949E-03 1.1818E+05 7.9357E-03 1.1840E+05 8.9135E-03
 1.1860E+05 9.9394E-03 1.1874E+05 1.0635E-02 1.1902E+05 1.1980E-02
 1.1924E+05 1.3010E-02 1.1926E+05 1.3222E-02 1.1927E+05 1.3346E-02
 1.1931E+05 1.3439E-02 1.1937E+05 1.3488E-02 1.1962E+05 1.3551E-02
 1.1969E+05 1.3600E-02 1.1972E+05 1.3692E-02 1.1973E+05 1.3808E-02
 1.1975E+05 1.3981E-02 1.2020E+05 1.2685E-02 1.2045E+05 1.1972E-02
 1.2066E+05 1.0893E-02 1.2080E+05 1.0148E-02 1.2086E+05 9.8528E-03
 1.2104E+05 9.0769E-03 1.2115E+05 8.5849E-03 1.2120E+05 8.3709E-03
 1.2140E+05 7.5903E-03 1.2160E+05 6.8834E-03 1.2179E+05 6.2856E-03
 1.2200E+05 5.6643E-03 1.2212E+05 5.3306E-03 1.2225E+05 5.0175E-03
 1.2241E+05 4.6473E-03 1.2254E+05 4.3550E-03 1.2272E+05 4.1021E-03
 1.2300E+05 3.7304E-03 1.2325E+05 3.4279E-03 1.2359E+05 3.0564E-03
 1.2377E+05 2.8821E-03 1.2394E+05 2.7201E-03 1.2433E+05 2.5096E-03
 1.2475E+05 2.3084E-03 1.2500E+05 2.1950E-03 1.2534E+05 2.0517E-03
 1.2600E+05 1.9546E-03 1.2640E+05 1.8973E-03 1.2700E+05 1.8166E-03
 1.2813E+05 1.6755E-03 1.2900E+05 1.7088E-03 1.3000E+05 1.7484E-03
 1.3092E+05 1.7855E-03 1.3150E+05 1.8591E-03 1.3200E+05 1.9235E-03
 1.3232E+05 1.9651E-03 1.3250E+05 1.9900E-03 1.3300E+05 2.0602E-03
 1.3354E+05 2.1358E-03 1.3372E+05 2.1614E-03 1.3412E+05 2.2393E-03
 1.3450E+05 2.3115E-03 1.3488E+05 2.3837E-03 1.3550E+05 2.5134E-03
 1.3575E+05 2.5657E-03 1.3600E+05 2.6195E-03 1.3626E+05 2.6764E-03
 1.3688E+05 2.8077E-03 1.3726E+05 2.8821E-03 1.3763E+05 2.9565E-03
 1.3791E+05 3.0129E-03 1.3833E+05 3.1037E-03 1.3865E+05 3.1751E-03
 1.3898E+05 3.2462E-03 1.3931E+05 3.3166E-03 1.4000E+05 3.3672E-03
 1.4050E+05 3.4030E-03 1.4100E+05 3.4387E-03 1.4150E+05 3.4745E-03
 1.4210E+05 3.5158E-03 1.4400E+05 3.1721E-03 1.4622E+05 2.8102E-03
 1.4717E+05 2.5634E-03 1.4906E+05 2.1351E-03 1.5035E+05 1.8865E-03
 1.5241E+05 1.6577E-03 1.5448E+05 1.4604E-03 1.5551E+05 1.5348E-03
 1.5600E+05 1.6830E-03 1.5654E+05 1.8483E-03 1.5700E+05 2.1599E-03
 1.5750E+05 2.5566E-03 1.5800E+05 3.0246E-03 1.5860E+05 3.6765E-03
 1.5900E+05 3.1460E-03 1.5948E+05 2.5984E-03 1.5987E+05 2.2197E-03
 1.6000E+05 2.1055E-03 1.6025E+05 1.9059E-03 1.6050E+05 1.7278E-03
 1.6066E+05 1.6207E-03 1.6075E+05 1.5633E-03 1.6098E+05 1.4224E-03
 1.6131E+05 1.2500E-03 1.6199E+05 1.0654E-03 1.6300E+05 8.6957E-04
 1.6402E+05 7.4688E-04 1.6500E+05 6.9899E-04 1.6674E+05 6.1464E-04
 1.6800E+05 5.6478E-04 1.6945E+05 5.0781E-04 1.7244E+05 4.7378E-04
 1.7488E+05 4.4629E-04 1.7500E+05 4.4667E-04 1.8030E+05 4.6759E-04
 1.8500E+05 5.7267E-04 1.8572E+05 5.8914E-04 1.8844E+05 7.3518E-04
 1.9115E+05 9.1507E-04 1.9251E+05 1.0629E-03 1.9318E+05 1.1452E-03
 1.9386E+05 1.2336E-03 1.9454E+05 1.3389E-03 1.9658E+05 1.7108E-03
 1.9729E+05 1.8461E-03 1.9800E+05 1.9837E-03 1.9929E+05 2.2640E-03
 2.0000E+05 2.3324E-03 2.0100E+05 2.4270E-03 2.0200E+05 2.5205E-03
 2.0270E+05 2.4968E-03 2.0305E+05 2.5115E-03 2.0322E+05 2.6788E-03
 2.0327E+05 2.8880E-03 2.0329E+05 3.1181E-03 2.0331E+05 3.5924E-03
 2.0332E+05 4.1908E-03 2.0333E+05 4.7975E-03 2.0333E+05 5.8964E-03
 2.0334E+05 6.7805E-03 2.0334E+05 7.9484E-03 2.0334E+05 9.6050E-03
 2.0334E+05 1.1775E-02 2.0335E+05 1.4806E-02 2.0335E+05 1.8692E-02
 2.0335E+05 2.3980E-02 2.0336E+05 3.0570E-02 2.0336E+05 3.8226E-02
 2.0336E+05 4.7610E-02 2.0336E+05 6.1454E-02 2.0337E+05 7.8408E-02
 2.0337E+05 1.1405E-01 2.0338E+05 1.3981E-01 2.0338E+05 1.6851E-01
 2.0338E+05 1.9954E-01 2.0338E+05 2.4303E-01 2.0339E+05 3.0719E-01
 2.0340E+05 3.4461E-01 2.0340E+05 3.7986E-01 2.0340E+05 3.8936E-01
 2.0341E+05 3.9934E-01 2.0341E+05 3.9862E-01 2.0341E+05 3.9429E-01
 2.0341E+05 3.8238E-01 2.0342E+05 3.7116E-01 2.0342E+05 3.5011E-01
 2.0342E+05 3.3376E-01 2.0342E+05 3.0666E-01 2.0343E+05 2.5768E-01
 2.0343E+05 2.0839E-01 2.0344E+05 1.4620E-01 2.0345E+05 9.1118E-02
 2.0346E+05 5.7634E-02 2.0346E+05 4.0859E-02 2.0347E+05 2.8754E-02
 2.0347E+05 2.0224E-02 2.0347E+05 1.6425E-02 2.0348E+05 1.1749E-02
 2.0348E+05 8.6084E-03 2.0349E+05 6.5398E-03 2.0349E+05 5.2026E-03
 2.0350E+05 4.3539E-03 2.0350E+05 3.8228E-03 2.0351E+05 3.4918E-03
 2.0352E+05 3.1426E-03 2.0354E+05 2.8726E-03 2.0356E+05 2.7245E-03
 2.0372E+05 2.4365E-03 2.0403E+05 2.3243E-03 2.0467E+05 2.1908E-03
 2.0594E+05 1.9167E-03 2.0721E+05 1.6345E-03 2.0848E+05 1.3950E-03
 2.1038E+05 1.1062E-03 2.1228E+05 8.7885E-04 2.1292E+05 8.1442E-04
 2.1355E+05 7.5501E-04 2.1482E+05 6.7946E-04 2.1736E+05 5.5153E-04
 2.1800E+05 5.2400E-04 2.1862E+05 4.9758E-04 2.1989E+05 4.8368E-04
 2.2116E+05 5.3040E-04 2.2180E+05 6.2746E-04 2.2196E+05 6.8708E-04
 2.2231E+05 8.4775E-04 2.2243E+05 9.1370E-04 2.2259E+05 1.0770E-03
 2.2267E+05 1.1714E-03 2.2275E+05 1.2815E-03 2.2283E+05 1.4461E-03
 2.2299E+05 1.8583E-03 2.2301E+05 1.9291E-03 2.2303E+05 1.9804E-03
 2.2305E+05 2.0348E-03 2.2307E+05 2.1196E-03 2.2309E+05 2.2220E-03
 2.2311E+05 2.2997E-03 2.2313E+05 2.3819E-03 2.2314E+05 2.5012E-03
 2.2322E+05 2.9634E-03 2.2338E+05 4.1629E-03 2.2346E+05 4.8861E-03
 2.2348E+05 5.1224E-03 2.2350E+05 5.2929E-03 2.2352E+05 5.4579E-03
 2.2354E+05 5.6699E-03 2.2356E+05 5.8935E-03 2.2358E+05 6.0193E-03
 2.2362E+05 6.1339E-03 2.2370E+05 6.4709E-03 2.2373E+05 6.3381E-03
 2.2378E+05 6.2059E-03 2.2380E+05 6.1481E-03 2.2381E+05 6.0513E-03
 2.2383E+05 5.8988E-03 2.2385E+05 5.7386E-03 2.2387E+05 5.6025E-03
 2.2388E+05 5.4575E-03 2.2390E+05 5.2683E-03 2.2396E+05 4.6738E-03
 2.2400E+05 4.2951E-03 2.2403E+05 4.0516E-03 2.2409E+05 3.4966E-03
 2.2416E+05 3.0248E-03 2.2417E+05 2.9039E-03 2.2419E+05 2.8116E-03
 2.2422E+05 2.6173E-03 2.2424E+05 2.5240E-03 2.2426E+05 2.4544E-03
 2.2429E+05 2.3071E-03 2.2435E+05 2.0403E-03 2.2442E+05 1.8044E-03
 2.2448E+05 1.5983E-03 2.2455E+05 1.4513E-03 2.2462E+05 1.3216E-03
 2.2468E+05 1.2053E-03 2.2475E+05 1.1020E-03 2.2488E+05 9.7228E-04
 2.2514E+05 7.6276E-04 2.2527E+05 6.7750E-04 2.2553E+05 5.8555E-04
 2.2579E+05 5.0842E-04 2.2631E+05 4.3487E-04 2.2684E+05 3.7333E-04
 2.2800E+05 3.1440E-04 2.2997E+05 2.7342E-04 2.3206E+05 2.3630E-04
 2.4043E+05 1.8733E-04 2.4880E+05 1.7727E-04 2.5507E+05 1.8800E-04
 2.5611E+05 1.9275E-04 2.5664E+05 1.9879E-04 2.5680E+05 2.0754E-04
 2.5690E+05 2.1620E-04 2.5696E+05 2.4005E-04 2.5700E+05 2.5051E-04
 2.5701E+05 2.6342E-04 2.5703E+05 2.8923E-04 2.5704E+05 3.0806E-04
 2.5704E+05 3.4024E-04 2.5705E+05 3.6916E-04 2.5705E+05 4.1214E-04
 2.5706E+05 4.8138E-04 2.5706E+05 5.8963E-04 2.5707E+05 7.5254E-04
 2.5707E+05 1.0066E-03 2.5707E+05 1.3996E-03 2.5708E+05 2.0004E-03
 2.5708E+05 2.4529E-03 2.5708E+05 2.9883E-03 2.5709E+05 4.4484E-03
 2.5709E+05 6.6620E-03 2.5710E+05 9.7849E-03 2.5710E+05 1.1692E-02
 2.5710E+05 1.5164E-02 2.5710E+05 2.2884E-02 2.5711E+05 2.8870E-02
 2.5711E+05 4.1415E-02 2.5712E+05 5.3897E-02 2.5712E+05 7.6524E-02
 2.5713E+05 1.0272E-01 2.5714E+05 1.3006E-01 2.5714E+05 1.4722E-01
 2.5714E+05 1.6844E-01 2.5715E+05 1.7796E-01 2.5716E+05 1.8330E-01
 2.5716E+05 1.7887E-01 2.5716E+05 1.6686E-01 2.5717E+05 1.4457E-01
 2.5718E+05 1.1256E-01 2.5718E+05 8.9108E-02 2.5719E+05 5.5789E-02
 2.5720E+05 3.6425E-02 2.5720E+05 2.8750E-02 2.5720E+05 1.8748E-02
 2.5721E+05 1.0674E-02 2.5721E+05 7.9146E-03 2.5722E+05 5.8161E-03
 2.5722E+05 4.2486E-03 2.5722E+05 3.0979E-03 2.5723E+05 2.2667E-03
 2.5723E+05 1.6753E-03 2.5723E+05 1.2834E-03 2.5723E+05 1.0130E-03
 2.5724E+05 8.1374E-04 2.5724E+05 6.7788E-04 2.5724E+05 5.7250E-04
 2.5725E+05 5.0012E-04 2.5725E+05 4.1423E-04 2.5726E+05 3.6933E-04
 2.5726E+05 3.4254E-04 2.5728E+05 3.1017E-04 2.5730E+05 2.7216E-04
 2.5734E+05 2.3813E-04 2.5753E+05 2.0926E-04 2.5790E+05 2.0444E-04
 2.5863E+05 2.1240E-04 2.5936E+05 2.4908E-04 2.5950E+05 2.7309E-04
 2.5955E+05 2.8489E-04 2.5964E+05 3.2725E-04 2.5973E+05 3.8550E-04
 2.5978E+05 4.4273E-04 2.5982E+05 5.2893E-04 2.5987E+05 6.8406E-04
 2.5990E+05 8.5820E-04 2.5992E+05 9.4565E-04 2.5994E+05 1.1842E-03
 2.5996E+05 1.5769E-03 2.5997E+05 1.8565E-03 2.5998E+05 2.2740E-03
 2.6000E+05 2.8300E-03 2.6000E+05 3.2524E-03 2.6001E+05 3.8130E-03
 2.6001E+05 4.4404E-03 2.6002E+05 5.4929E-03 2.6002E+05 7.0611E-03
 2.6003E+05 9.4563E-03 2.6004E+05 1.2413E-02 2.6004E+05 1.7645E-02
 2.6005E+05 2.5421E-02 2.6005E+05 3.6511E-02 2.6006E+05 4.8719E-02
 2.6006E+05 5.7401E-02 2.6006E+05 6.7063E-02 2.6007E+05 8.1296E-02
 2.6008E+05 1.0865E-01 2.6009E+05 1.4634E-01 2.6009E+05 1.5821E-01
 2.6009E+05 1.6509E-01 2.6010E+05 1.6853E-01 2.6010E+05 1.7273E-01
 2.6010E+05 1.7206E-01 2.6010E+05 1.7029E-01 2.6011E+05 1.6375E-01
 2.6011E+05 1.5910E-01 2.6012E+05 1.4749E-01 2.6012E+05 1.4073E-01
 2.6012E+05 1.2591E-01 2.6012E+05 1.1012E-01 2.6013E+05 8.6509E-02
 2.6013E+05 7.5395E-02 2.6014E+05 6.1784E-02 2.6014E+05 4.9831E-02
 2.6015E+05 3.9668E-02 2.6015E+05 3.1274E-02 2.6015E+05 2.4517E-02
 2.6016E+05 1.9198E-02 2.6016E+05 1.5088E-02 2.6017E+05 1.2303E-02
 2.6017E+05 1.0126E-02 2.6017E+05 8.2222E-03 2.6018E+05 6.7927E-03
 2.6018E+05 5.0774E-03 2.6019E+05 3.8703E-03 2.6020E+05 3.1841E-03
 2.6021E+05 2.6394E-03 2.6022E+05 2.2492E-03 2.6022E+05 1.9569E-03
 2.6024E+05 1.5698E-03 2.6025E+05 1.2897E-03 2.6027E+05 1.0964E-03
 2.6028E+05 9.3924E-04 2.6032E+05 7.3645E-04 2.6033E+05 6.6876E-04
 2.6035E+05 6.1115E-04 2.6038E+05 5.3470E-04 2.6041E+05 4.7764E-04
 2.6047E+05 3.8894E-04 2.6059E+05 3.1098E-04 2.6084E+05 2.5772E-04
 2.6109E+05 2.4029E-04 2.6208E+05 2.2994E-04 2.6602E+05 2.8033E-04
 2.6701E+05 3.3663E-04 2.6726E+05 3.8347E-04 2.6751E+05 5.0923E-04
 2.6760E+05 6.2489E-04 2.6763E+05 6.8286E-04 2.6767E+05 7.8771E-04
 2.6771E+05 9.3085E-04 2.6772E+05 9.9976E-04 2.6777E+05 1.2893E-03
 2.6780E+05 1.6239E-03 2.6782E+05 1.8717E-03 2.6783E+05 2.1739E-03
 2.6785E+05 2.5937E-03 2.6786E+05 3.1192E-03 2.6788E+05 3.9128E-03
 2.6789E+05 5.0218E-03 2.6791E+05 6.7179E-03 2.6792E+05 9.3787E-03
 2.6793E+05 1.1373E-02 2.6794E+05 1.3875E-02 2.6795E+05 2.0041E-02
 2.6797E+05 2.7997E-02 2.6798E+05 3.1285E-02 2.6798E+05 3.4315E-02
 2.6799E+05 3.6123E-02 2.6800E+05 3.6415E-02 2.6801E+05 3.5612E-02
 2.6801E+05 3.3698E-02 2.6802E+05 3.1411E-02 2.6803E+05 2.5415E-02
 2.6805E+05 1.6293E-02 2.6807E+05 1.2150E-02 2.6808E+05 9.1195E-03
 2.6809E+05 6.9420E-03 2.6810E+05 6.0404E-03 2.6811E+05 5.2908E-03
 2.6812E+05 4.2200E-03 2.6813E+05 3.4555E-03 2.6814E+05 2.8945E-03
 2.6816E+05 2.4417E-03 2.6817E+05 2.1204E-03 2.6820E+05 1.6683E-03
 2.6821E+05 1.4966E-03 2.6824E+05 1.2650E-03 2.6826E+05 1.0906E-03
 2.6830E+05 8.8934E-04 2.6834E+05 7.5927E-04 2.6842E+05 6.0630E-04
 2.6853E+05 5.1529E-04 2.6864E+05 4.4731E-04 2.6885E+05 3.9471E-04
 2.6970E+05 3.6261E-04 2.7140E+05 4.0956E-04 2.7395E+05 5.7733E-04
 2.7450E+05 6.2232E-04 2.7522E+05 7.0469E-04 2.7650E+05 9.1031E-04
 2.7735E+05 1.1340E-03 2.7778E+05 1.2656E-03 2.7820E+05 1.4129E-03
 2.7862E+05 1.6011E-03 2.7905E+05 1.8146E-03 2.7948E+05 2.0524E-03
 2.7969E+05 2.1856E-03 2.7990E+05 2.3197E-03 2.8014E+05 2.4600E-03
 2.8038E+05 2.5970E-03 2.8056E+05 2.7060E-03 2.8075E+05 2.8126E-03
 2.8096E+05 2.8714E-03 2.8118E+05 2.9275E-03 2.8160E+05 3.0335E-03
 2.8200E+05 2.8896E-03 2.8255E+05 2.6836E-03 2.8310E+05 2.4756E-03
 2.8460E+05 1.6844E-03 2.8610E+05 1.2187E-03 2.8685E+05 1.0965E-03
 2.8760E+05 9.8840E-04 2.8910E+05 9.0316E-04 2.9060E+05 8.2658E-04
 2.9360E+05 7.7265E-04 2.9500E+05 7.4170E-04 3.0000E+05 6.5573E-04
 3.0420E+05 6.3861E-04 3.0818E+05 7.8037E-04 3.1082E+05 8.9100E-04
 3.1480E+05 1.0835E-03 3.1700E+05 9.2734E-04 3.1934E+05 7.8390E-04
 3.2108E+05 6.9265E-04 3.2318E+05 5.9759E-04 3.2598E+05 4.9171E-04
 3.3000E+05 4.2393E-04 3.3156E+05 3.9783E-04 3.3715E+05 3.7922E-04
 3.4274E+05 4.0652E-04 3.4832E+05 4.8855E-04 3.5252E+05 6.4112E-04
 3.5391E+05 7.0186E-04 3.5531E+05 8.1905E-04 3.5601E+05 8.8475E-04
 3.5671E+05 9.5614E-04 3.5740E+05 1.0622E-03 3.5810E+05 1.1811E-03
 3.5880E+05 1.3533E-03 3.5915E+05 1.5350E-03 3.5924E+05 1.6947E-03
 3.5928E+05 1.7942E-03 3.5932E+05 1.9946E-03 3.5935E+05 2.2215E-03
 3.5936E+05 2.4093E-03 3.5937E+05 2.7298E-03 3.5938E+05 3.3707E-03
 3.5939E+05 3.9283E-03 3.5939E+05 4.7515E-03 3.5940E+05 5.9602E-03
 3.5940E+05 7.7178E-03 3.5941E+05 1.0243E-02 3.5941E+05 1.3816E-02
 3.5942E+05 1.8265E-02 3.5942E+05 2.7018E-02 3.5943E+05 3.7503E-02
 3.5944E+05 5.6791E-02 3.5945E+05 8.2953E-02 3.5946E+05 1.2030E-01
 3.5946E+05 1.4370E-01 3.5947E+05 1.8216E-01 3.5947E+05 1.9596E-01
 3.5948E+05 2.2067E-01 3.5949E+05 2.4375E-01 3.5949E+05 2.5037E-01
 3.5950E+05 2.4918E-01 3.5950E+05 2.4481E-01 3.5950E+05 2.3232E-01
 3.5951E+05 2.1004E-01 3.5953E+05 1.3627E-01 3.5953E+05 1.0683E-01
 3.5954E+05 8.4729E-02 3.5954E+05 6.2125E-02 3.5955E+05 4.6843E-02
 3.5955E+05 3.4704E-02 3.5956E+05 2.5398E-02 3.5956E+05 1.7358E-02
 3.5957E+05 1.2334E-02 3.5958E+05 8.9558E-03 3.5958E+05 6.7364E-03
 3.5959E+05 5.2998E-03 3.5959E+05 4.3994E-03 3.5960E+05 3.8131E-03
 3.5961E+05 3.1258E-03 3.5962E+05 2.7448E-03 3.5963E+05 2.5089E-03
 3.5965E+05 2.2296E-03 3.5967E+05 2.0747E-03 3.5972E+05 1.9133E-03
 3.5976E+05 1.8683E-03 3.5980E+05 1.8277E-03 3.5984E+05 1.7506E-03
 3.6019E+05 1.7774E-03 3.6088E+05 2.0503E-03 3.6100E+05 2.1162E-03
 3.6156E+05 2.4201E-03 3.6200E+05 2.6973E-03 3.6225E+05 2.8565E-03
 3.6294E+05 3.3217E-03 3.6300E+05 3.3700E-03 3.6362E+05 3.8562E-03
 3.6365E+05 3.9420E-03 3.6367E+05 4.0039E-03 3.6369E+05 4.0408E-03
 3.6371E+05 4.0619E-03 3.6380E+05 4.0944E-03 3.6397E+05 4.1113E-03
 3.6466E+05 4.1327E-03 3.6483E+05 4.1497E-03 3.6491E+05 4.1822E-03
 3.6494E+05 4.2033E-03 3.6496E+05 4.2394E-03 3.6498E+05 4.2976E-03
 3.6500E+05 4.3727E-03 3.6600E+05 3.7362E-03 3.6635E+05 3.5110E-03
 3.6700E+05 3.1739E-03 3.6775E+05 2.7916E-03 3.6850E+05 2.4822E-03
 3.6905E+05 2.2559E-03 3.6950E+05 2.0986E-03 3.7040E+05 1.8118E-03
 3.7175E+05 1.6111E-03 3.7310E+05 1.6086E-03 3.7400E+05 1.7268E-03
 3.7445E+05 1.7867E-03 3.7580E+05 1.9811E-03 3.7650E+05 1.8197E-03
 3.7700E+05 1.7014E-03 3.7750E+05 1.5963E-03 3.7800E+05 1.4976E-03
 3.7852E+05 1.3953E-03 3.7900E+05 1.3650E-03 3.7950E+05 1.3345E-03
 3.8000E+05 1.3041E-03 3.8100E+05 1.2432E-03 3.8125E+05 1.2295E-03
 3.8200E+05 1.2819E-03 3.8261E+05 1.3275E-03 3.8329E+05 1.4756E-03
 3.8398E+05 1.6452E-03 3.8432E+05 1.8360E-03 3.8466E+05 2.0530E-03
 3.8500E+05 2.2947E-03 3.8517E+05 2.4291E-03 3.8534E+05 2.5680E-03
 3.8537E+05 2.6413E-03 3.8540E+05 2.6807E-03 3.8553E+05 2.7459E-03
 3.8557E+05 2.7859E-03 3.8558E+05 2.8195E-03 3.8560E+05 2.8621E-03
 3.8580E+05 3.1092E-03 3.8583E+05 3.1752E-03 3.8585E+05 3.2149E-03
 3.8596E+05 3.2886E-03 3.8599E+05 3.3272E-03 3.8602E+05 3.3881E-03
 3.8604E+05 3.4251E-03 3.8606E+05 3.4520E-03 3.8607E+05 3.4694E-03
 3.8609E+05 3.4804E-03 3.8613E+05 3.4934E-03 3.8620E+05 3.5106E-03
 3.8624E+05 3.5235E-03 3.8625E+05 3.5345E-03 3.8627E+05 3.5515E-03
 3.8629E+05 3.5767E-03 3.8631E+05 3.6097E-03 3.8660E+05 3.8260E-03
 3.8670E+05 3.8856E-03 3.8700E+05 3.7203E-03 3.8703E+05 3.6915E-03
 3.8705E+05 3.6737E-03 3.8716E+05 3.6396E-03 3.8719E+05 3.6205E-03
 3.8721E+05 3.5865E-03 3.8724E+05 3.4489E-03 3.8728E+05 3.3716E-03
 3.8734E+05 3.3170E-03 3.8760E+05 3.2463E-03 3.8766E+05 3.1914E-03
 3.8769E+05 3.1133E-03 3.8772E+05 2.9722E-03 3.8824E+05 2.4490E-03
 3.8875E+05 2.0200E-03 3.8926E+05 1.7872E-03 3.8978E+05 1.5857E-03
 3.9080E+05 1.3952E-03 3.9490E+05 1.2708E-03 4.0310E+05 1.5482E-03
 4.0720E+05 1.7393E-03 4.1130E+05 1.9516E-03 4.1540E+05 2.1319E-03
 4.1848E+05 2.2358E-03 4.1899E+05 2.2673E-03 4.1924E+05 2.3594E-03
 4.1931E+05 2.4775E-03 4.1934E+05 2.5557E-03 4.1936E+05 2.6518E-03
 4.1937E+05 2.8794E-03 4.1938E+05 3.1147E-03 4.1939E+05 3.5441E-03
 4.1940E+05 4.3451E-03 4.1940E+05 4.9733E-03 4.1940E+05 5.8206E-03
 4.1941E+05 6.9517E-03 4.1941E+05 8.4443E-03 4.1942E+05 1.0391E-02
 4.1942E+05 1.2896E-02 4.1942E+05 1.6074E-02 4.1943E+05 2.0044E-02
 4.1943E+05 2.4923E-02 4.1944E+05 3.0816E-02 4.1944E+05 4.1723E-02
 4.1945E+05 5.5192E-02 4.1945E+05 7.1041E-02 4.1946E+05 1.0107E-01
 4.1947E+05 1.1950E-01 4.1948E+05 1.3647E-01 4.1948E+05 1.4617E-01
 4.1949E+05 1.5721E-01 4.1949E+05 1.6295E-01 4.1950E+05 1.6271E-01
 4.1950E+05 1.6128E-01 4.1950E+05 1.5488E-01 4.1951E+05 1.4252E-01
 4.1953E+05 9.8234E-02 4.1954E+05 6.4749E-02 4.1954E+05 4.9197E-02
 4.1955E+05 3.8256E-02 4.1955E+05 2.9235E-02 4.1956E+05 2.1423E-02
 4.1956E+05 1.5573E-02 4.1957E+05 1.1349E-02 4.1958E+05 8.4038E-03
 4.1958E+05 6.4123E-03 4.1959E+05 5.1007E-03 4.1959E+05 4.2604E-03
 4.1960E+05 3.7216E-03 4.1961E+05 3.1609E-03 4.1962E+05 2.9174E-03
 4.1963E+05 2.7955E-03 4.1967E+05 2.5279E-03 4.1984E+05 2.3185E-03
 4.2019E+05 2.2789E-03 4.2225E+05 2.2872E-03 4.2500E+05 2.2767E-03
 4.3132E+05 2.0285E-03 4.3765E+05 1.8099E-03 4.4000E+05 1.6943E-03
 4.4500E+05 1.4571E-03 4.5030E+05 1.2439E-03 4.5346E+05 1.1570E-03
 4.5662E+05 1.0705E-03 4.6137E+05 1.0395E-03 4.6295E+05 1.0296E-03
 4.6398E+05 1.0586E-03 4.6500E+05 1.0879E-03 4.6611E+05 1.1206E-03
 4.6769E+05 1.2646E-03 4.6928E+05 1.4290E-03 4.7006E+05 1.6231E-03
 4.7244E+05 2.3841E-03 4.7500E+05 3.5946E-03 4.7560E+05 3.7897E-03
 4.7600E+05 3.6562E-03 4.7650E+05 3.4789E-03 4.7653E+05 3.4415E-03
 4.7656E+05 3.4191E-03 4.7659E+05 3.4078E-03 4.7662E+05 3.4016E-03
 4.7688E+05 3.3787E-03 4.7691E+05 3.3725E-03 4.7694E+05 3.3612E-03
 4.7697E+05 3.3388E-03 4.7700E+05 3.3015E-03 4.7702E+05 3.2868E-03
 4.7705E+05 3.2768E-03 4.7715E+05 3.2552E-03 4.7718E+05 3.2452E-03
 4.7720E+05 3.2305E-03 4.7734E+05 3.1796E-03 4.7740E+05 3.1477E-03
 4.7742E+05 3.1252E-03 4.7745E+05 3.1099E-03 4.7748E+05 3.1004E-03
 4.7752E+05 3.0864E-03 4.7755E+05 3.0769E-03 4.7758E+05 3.0616E-03
 4.7760E+05 3.0391E-03 4.7780E+05 2.9305E-03 4.7782E+05 2.9080E-03
 4.7785E+05 2.8927E-03 4.7795E+05 2.8597E-03 4.7800E+05 2.8219E-03
 4.7821E+05 2.7110E-03 4.7823E+05 2.6920E-03 4.7825E+05 2.6792E-03
 4.7835E+05 2.6513E-03 4.7838E+05 2.6387E-03 4.7840E+05 2.6204E-03
 4.7860E+05 2.5281E-03 4.7862E+05 2.5090E-03 4.7865E+05 2.4960E-03
 4.7868E+05 2.4878E-03 4.7872E+05 2.4760E-03 4.7875E+05 2.4678E-03
 4.7878E+05 2.4548E-03 4.7880E+05 2.4357E-03 4.7882E+05 2.4166E-03
 4.7885E+05 2.4036E-03 4.7895E+05 2.3755E-03 4.7898E+05 2.3625E-03
 4.7900E+05 2.3434E-03 4.7908E+05 2.3109E-03 4.7950E+05 2.1893E-03
 4.7953E+05 2.1599E-03 4.7956E+05 2.1421E-03 4.7962E+05 2.1282E-03
 4.7988E+05 2.1100E-03 4.7994E+05 2.0961E-03 4.7997E+05 2.0782E-03
 4.8000E+05 2.0488E-03 4.8081E+05 1.8230E-03 4.8200E+05 1.7148E-03
 4.8255E+05 1.6677E-03 4.8429E+05 1.7895E-03 4.8602E+05 2.2393E-03
 4.8689E+05 2.6146E-03 4.8700E+05 2.6679E-03 4.8776E+05 3.0510E-03
 4.8800E+05 3.1265E-03 4.8803E+05 3.1871E-03 4.8806E+05 3.2248E-03
 4.8812E+05 3.2541E-03 4.8825E+05 3.2699E-03 4.8875E+05 3.2899E-03
 4.8888E+05 3.3057E-03 4.8894E+05 3.3350E-03 4.8900E+05 3.4333E-03
 4.8905E+05 3.4703E-03 4.8910E+05 3.4847E-03 4.8930E+05 3.5047E-03
 4.8935E+05 3.5191E-03 4.8938E+05 3.5343E-03 4.8940E+05 3.5561E-03
 4.8950E+05 3.5793E-03 4.8958E+05 3.5652E-03 4.8960E+05 3.5568E-03
 4.8962E+05 3.5445E-03 4.8965E+05 3.5360E-03 4.8975E+05 3.5176E-03
 4.8978E+05 3.5092E-03 4.8980E+05 3.4969E-03 4.9068E+05 3.2288E-03
 4.9100E+05 3.0534E-03 4.9102E+05 3.0215E-03 4.9103E+05 2.9946E-03
 4.9105E+05 2.9738E-03 4.9106E+05 2.9588E-03 4.9109E+05 2.9406E-03
 4.9112E+05 2.9306E-03 4.9138E+05 2.8936E-03 4.9141E+05 2.8836E-03
 4.9144E+05 2.8654E-03 4.9145E+05 2.8502E-03 4.9147E+05 2.8294E-03
 4.9150E+05 2.7708E-03 4.9187E+05 2.5627E-03 4.9200E+05 2.4936E-03
 4.9246E+05 2.2531E-03 4.9250E+05 2.2344E-03 4.9300E+05 2.0045E-03
 4.9350E+05 1.7997E-03 4.9364E+05 1.7418E-03 4.9400E+05 1.6153E-03
 4.9424E+05 1.5329E-03 4.9450E+05 1.4718E-03 4.9500E+05 1.3586E-03
 4.9542E+05 1.2639E-03 4.9550E+05 1.2487E-03 4.9650E+05 1.0624E-03
 4.9661E+05 1.0436E-03 4.9700E+05 1.0012E-03 4.9800E+05 8.9861E-04
 4.9898E+05 8.0908E-04 5.0000E+05 7.6397E-04 5.0186E+05 6.8966E-04
 5.0371E+05 6.2313E-04 5.0500E+05 6.1460E-04 5.0845E+05 5.9306E-04
 5.1319E+05 6.7908E-04 5.1500E+05 7.8466E-04 5.1792E+05 9.8438E-04
 5.1800E+05 9.9490E-04 5.2000E+05 1.3290E-03 5.2200E+05 1.7721E-03
 5.2266E+05 1.9424E-03 5.2400E+05 2.4190E-03 5.2503E+05 2.8516E-03
 5.2700E+05 3.3194E-03 5.2740E+05 3.4079E-03 5.2800E+05 3.2696E-03
 5.2900E+05 3.0291E-03 5.3000E+05 2.7071E-03 5.3200E+05 1.9672E-03
 5.3400E+05 1.4528E-03 5.3497E+05 1.2547E-03 5.3605E+05 1.0673E-03
 5.3821E+05 8.7884E-04 5.4000E+05 7.5130E-04 5.4254E+05 6.6078E-04
 5.4362E+05 6.7630E-04 5.4416E+05 8.1619E-04 5.4429E+05 9.7125E-04
 5.4436E+05 1.1436E-03 5.4443E+05 1.4248E-03 5.4446E+05 1.6911E-03
 5.4450E+05 2.1636E-03 5.4451E+05 2.4095E-03 5.4453E+05 3.1096E-03
 5.4455E+05 3.6136E-03 5.4456E+05 4.2480E-03 5.4457E+05 5.1257E-03
 5.4458E+05 6.4805E-03 5.4460E+05 8.5991E-03 5.4461E+05 1.0481E-02
 5.4462E+05 1.3326E-02 5.4462E+05 1.6662E-02 5.4463E+05 2.1486E-02
 5.4464E+05 2.6801E-02 5.4465E+05 3.3877E-02 5.4467E+05 5.6256E-02
 5.4469E+05 6.5410E-02 5.4470E+05 6.9534E-02 5.4471E+05 6.8444E-02
 5.4473E+05 5.9716E-02 5.4476E+05 3.1140E-02 5.4477E+05 2.3206E-02
 5.4478E+05 1.9613E-02 5.4479E+05 1.4352E-02 5.4480E+05 1.0597E-02
 5.4481E+05 8.0086E-03 5.4482E+05 6.2515E-03 5.4483E+05 5.0502E-03
 5.4484E+05 4.2058E-03 5.4485E+05 3.5884E-03 5.4488E+05 2.7539E-03
 5.4490E+05 2.2324E-03 5.4492E+05 1.8898E-03 5.4494E+05 1.6481E-03
 5.4496E+05 1.4679E-03 5.4501E+05 1.2283E-03 5.4505E+05 1.0804E-03
 5.4514E+05 9.2264E-04 5.4523E+05 8.1544E-04 5.4540E+05 7.2223E-04
 5.4611E+05 6.3264E-04 5.4751E+05 6.1268E-04 5.5000E+05 6.3808E-04
 5.5314E+05 7.3779E-04 5.5500E+05 8.1070E-04 5.5595E+05 8.4831E-04
 5.5876E+05 1.0451E-03 5.6000E+05 1.1511E-03 5.6158E+05 1.2862E-03
 5.6200E+05 1.3217E-03 5.6439E+05 1.5203E-03 5.6720E+05 1.6097E-03
 5.6800E+05 1.5745E-03 5.6996E+05 1.4852E-03 5.7200E+05 1.3024E-03
 5.7400E+05 1.1255E-03 5.7549E+05 9.9547E-04 5.7600E+05 9.5926E-04
 5.7800E+05 8.1896E-04 5.8101E+05 6.9079E-04 5.8200E+05 6.8829E-04
 5.8300E+05 6.8628E-04 5.8378E+05 6.8545E-04 5.8400E+05 6.9638E-04
 5.8500E+05 7.4816E-04 5.8516E+05 7.5720E-04 5.8600E+05 8.6025E-04
 5.8654E+05 9.2744E-04 5.8700E+05 1.0184E-03 5.8723E+05 1.0639E-03
 5.8792E+05 1.2198E-03 5.8800E+05 1.2322E-03 5.8803E+05 1.2573E-03
 5.8806E+05 1.2739E-03 5.8812E+05 1.2878E-03 5.8825E+05 1.2955E-03
 5.8875E+05 1.3053E-03 5.8888E+05 1.3130E-03 5.8894E+05 1.3270E-03
 5.8900E+05 1.3686E-03 5.8930E+05 1.4059E-03 5.9000E+05 1.3122E-03
 5.9020E+05 1.2827E-03 5.9200E+05 8.3423E-04 5.9245E+05 7.4445E-04
 5.9290E+05 6.6494E-04 5.9380E+05 5.5814E-04 5.9400E+05 5.3728E-04
 5.9470E+05 4.6929E-04 5.9560E+05 4.1408E-04 5.9605E+05 4.0759E-04
 5.9628E+05 4.6415E-04 5.9630E+05 4.9136E-04 5.9633E+05 5.4082E-04
 5.9636E+05 6.4489E-04 5.9637E+05 7.6001E-04 5.9638E+05 8.5719E-04
 5.9639E+05 1.0020E-03 5.9639E+05 1.2205E-03 5.9640E+05 1.5505E-03
 5.9641E+05 2.0438E-03 5.9642E+05 2.7662E-03 5.9642E+05 3.4649E-03
 5.9642E+05 4.3493E-03 5.9643E+05 5.4477E-03 5.9644E+05 7.0810E-03
 5.9645E+05 1.0616E-02 5.9646E+05 1.5565E-02 5.9648E+05 2.5809E-02
 5.9648E+05 2.7027E-02 5.9648E+05 2.7765E-02 5.9650E+05 3.0622E-02
 5.9650E+05 3.0875E-02 5.9651E+05 2.9382E-02 5.9652E+05 2.6339E-02
 5.9654E+05 1.8686E-02 5.9655E+05 1.3294E-02 5.9655E+05 1.0287E-02
 5.9656E+05 7.7500E-03 5.9657E+05 5.7160E-03 5.9657E+05 4.3540E-03
 5.9658E+05 3.1558E-03 5.9659E+05 2.3037E-03 5.9660E+05 1.7169E-03
 5.9660E+05 1.3231E-03 5.9661E+05 1.0631E-03 5.9662E+05 8.9632E-04
 5.9662E+05 7.8605E-04 5.9664E+05 6.5546E-04 5.9665E+05 5.8455E-04
 5.9666E+05 5.3942E-04 5.9669E+05 4.8356E-04 5.9672E+05 4.5067E-04
 5.9683E+05 4.0143E-04 5.9700E+05 3.6286E-04 5.9716E+05 3.5466E-04
 5.9750E+05 3.5425E-04 5.9753E+05 3.5421E-04 5.9756E+05 3.5419E-04
 5.9759E+05 3.5418E-04 5.9762E+05 3.5417E-04 5.9788E+05 3.5414E-04
 5.9791E+05 3.5414E-04 5.9794E+05 3.5413E-04 5.9797E+05 3.5410E-04
 5.9800E+05 3.5407E-04 5.9850E+05 3.5388E-04 5.9853E+05 3.5383E-04
 5.9854E+05 3.5381E-04 5.9856E+05 3.5379E-04 5.9858E+05 3.5377E-04
 5.9861E+05 3.5375E-04 5.9867E+05 3.5374E-04 5.9872E+05 3.5373E-04
 5.9918E+05 3.5370E-04 5.9923E+05 3.5370E-04 5.9929E+05 3.5368E-04
 5.9932E+05 3.5367E-04 5.9934E+05 3.5365E-04 5.9936E+05 3.5363E-04
 5.9937E+05 3.5361E-04 5.9940E+05 3.5355E-04 5.9945E+05 3.5353E-04
 5.9950E+05 3.5352E-04 5.9960E+05 3.5348E-04 5.9965E+05 3.5344E-04
 5.9970E+05 3.5342E-04 5.9990E+05 3.5339E-04 5.9995E+05 3.5337E-04
 5.9998E+05 3.5336E-04 6.0000E+05 3.5333E-04 6.0050E+05 3.5305E-04
 6.0100E+05 3.5277E-04 6.0103E+05 3.5272E-04 6.0106E+05 3.5269E-04
 6.0109E+05 3.5267E-04 6.0112E+05 3.5266E-04 6.0138E+05 3.5261E-04
 6.0141E+05 3.5260E-04 6.0144E+05 3.5258E-04 6.0147E+05 3.5255E-04
 6.0150E+05 3.5250E-04 6.0153E+05 3.5244E-04 6.0156E+05 3.5241E-04
 6.0159E+05 3.5239E-04 6.0162E+05 3.5238E-04 6.0188E+05 3.5234E-04
 6.0191E+05 3.5232E-04 6.0194E+05 3.5231E-04 6.0197E+05 3.5227E-04
 6.0200E+05 3.5222E-04 6.0400E+05 3.5110E-04 6.0600E+05 3.4998E-04
 6.0700E+05 3.4942E-04 6.0800E+05 3.4887E-04 6.0900E+05 3.4831E-04
 6.1000E+05 3.4775E-04 6.1100E+05 3.4719E-04 6.1200E+05 3.4663E-04
 6.1400E+05 3.4552E-04 6.1600E+05 3.4440E-04 6.1800E+05 3.4328E-04
 6.2000E+05 3.4217E-04 6.2500E+05 3.3937E-04 6.3000E+05 3.3658E-04
 6.3500E+05 3.3379E-04 6.4000E+05 3.3100E-04 6.4200E+05 3.2988E-04
 6.4400E+05 3.2877E-04 6.4600E+05 3.2765E-04 6.4900E+05 3.2597E-04
 6.5000E+05 3.2542E-04 6.5100E+05 3.2486E-04 6.5200E+05 3.2430E-04
 6.5400E+05 3.2318E-04 6.5500E+05 3.2262E-04 6.5600E+05 3.2207E-04
 6.5700E+05 3.2151E-04 6.5800E+05 3.2095E-04 6.6000E+05 3.1983E-04
 6.6200E+05 3.1872E-04 6.6500E+05 3.1704E-04 6.7000E+05 3.1425E-04
 6.8000E+05 3.0867E-04 6.9000E+05 3.0308E-04 6.9500E+05 3.0029E-04
 7.0000E+05 2.9750E-04 7.0300E+05 2.9582E-04 7.0400E+05 2.9527E-04
 7.0500E+05 2.9471E-04 7.0550E+05 2.9443E-04 7.0600E+05 2.9415E-04
 7.0650E+05 2.9387E-04 7.0700E+05 2.9359E-04 7.0703E+05 2.9354E-04
 7.0706E+05 2.9351E-04 7.0709E+05 2.9349E-04 7.0712E+05 2.9347E-04
 7.0738E+05 2.9343E-04 7.0741E+05 2.9342E-04 7.0744E+05 2.9340E-04
 7.0747E+05 2.9336E-04 7.0750E+05 2.9331E-04 7.0756E+05 2.9323E-04
 7.0800E+05 2.9303E-04 7.0803E+05 2.9298E-04 7.0806E+05 2.9295E-04
 7.0809E+05 2.9293E-04 7.0812E+05 2.9292E-04 7.0838E+05 2.9287E-04
 7.0841E+05 2.9286E-04 7.0844E+05 2.9284E-04 7.0847E+05 2.9280E-04
 7.0850E+05 2.9275E-04 7.0900E+05 2.9247E-04 7.0903E+05 2.9238E-04
 7.0906E+05 2.9231E-04 7.0909E+05 2.9227E-04 7.0912E+05 2.9225E-04
 7.0919E+05 2.9223E-04 7.0925E+05 2.9222E-04 7.0975E+05 2.9217E-04
 7.0981E+05 2.9216E-04 7.0988E+05 2.9214E-04 7.0991E+05 2.9212E-04
 7.0994E+05 2.9208E-04 7.0997E+05 2.9201E-04 7.1000E+05 2.9192E-04
 7.1100E+05 2.9136E-04 7.1200E+05 2.9080E-04 7.1400E+05 2.8968E-04
 7.1500E+05 2.8912E-04 7.1515E+05 2.8905E-04 7.1520E+05 2.8901E-04
 7.1524E+05 2.8897E-04 7.1528E+05 2.8895E-04 7.1542E+05 2.8891E-04
 7.1546E+05 2.8888E-04 7.1550E+05 2.8885E-04 7.1600E+05 2.8857E-04
 7.1650E+05 2.8829E-04 7.1700E+05 2.8801E-04 7.1750E+05 2.8773E-04
 7.1800E+05 2.8745E-04 7.2000E+05 2.8633E-04 7.2200E+05 2.8522E-04
 7.2500E+05 2.8354E-04 7.2600E+05 2.8298E-04 7.2603E+05 2.8293E-04
 7.2606E+05 2.8290E-04 7.2612E+05 2.8287E-04 7.2638E+05 2.8282E-04
 7.2644E+05 2.8279E-04 7.2647E+05 2.8275E-04 7.2650E+05 2.8270E-04
 7.2700E+05 2.8242E-04 7.2705E+05 2.8239E-04 7.2715E+05 2.8235E-04
 7.2720E+05 2.8231E-04 7.2760E+05 2.8209E-04 7.2762E+05 2.8206E-04
 7.2765E+05 2.8203E-04 7.2770E+05 2.8200E-04 7.2790E+05 2.8196E-04
 7.2795E+05 2.8193E-04 7.2800E+05 2.8187E-04 7.2900E+05 2.8131E-04
 7.3000E+05 2.8075E-04 7.4000E+05 2.7517E-04 7.5000E+05 2.6958E-04
 7.5400E+05 2.6735E-04 7.5600E+05 2.6623E-04 7.5800E+05 2.6512E-04
 7.5900E+05 2.6456E-04 7.6000E+05 2.6400E-04 7.6100E+05 2.6344E-04
 7.6200E+05 2.6288E-04 7.6400E+05 2.6177E-04 7.6600E+05 2.6065E-04
 7.6650E+05 2.6037E-04 7.6700E+05 2.6009E-04 7.6706E+05 2.6001E-04
 7.6712E+05 2.5997E-04 7.6738E+05 2.5993E-04 7.6744E+05 2.5990E-04
 7.6747E+05 2.5986E-04 7.6750E+05 2.5981E-04 7.6780E+05 2.5964E-04
 7.6785E+05 2.5961E-04 7.6790E+05 2.5959E-04 7.6800E+05 2.5953E-04
 7.6850E+05 2.5925E-04 7.6853E+05 2.5920E-04 7.6856E+05 2.5917E-04
 7.6862E+05 2.5914E-04 7.6888E+05 2.5909E-04 7.6894E+05 2.5906E-04
 7.6900E+05 2.5897E-04 7.7000E+05 2.5842E-04 7.7100E+05 2.5786E-04
 7.7200E+05 2.5730E-04 7.7300E+05 2.5674E-04 7.7400E+05 2.5618E-04
 7.7600E+05 2.5507E-04 7.7700E+05 2.5451E-04 7.7900E+05 2.5339E-04
 7.8000E+05 2.5283E-04 7.8100E+05 2.5227E-04 7.8200E+05 2.5172E-04
 7.8500E+05 2.5004E-04 7.8600E+05 2.4948E-04 7.8700E+05 2.4892E-04
 7.8800E+05 2.4837E-04 7.8900E+05 2.4781E-04 7.9000E+05 2.4725E-04
 7.9100E+05 2.4669E-04 7.9200E+05 2.4613E-04 7.9500E+05 2.4446E-04
 8.0000E+05 2.4167E-04 8.1500E+05 2.3329E-04 8.1800E+05 2.3162E-04
 8.1900E+05 2.3106E-04 8.2000E+05 2.3050E-04 8.2100E+05 2.2994E-04
 8.2400E+05 2.2827E-04 8.2600E+05 2.2715E-04 8.2800E+05 2.2603E-04
 8.4000E+05 2.1933E-04 8.4500E+05 2.1654E-04 8.4800E+05 2.1487E-04
 8.4900E+05 2.1431E-04 8.5000E+05 2.1375E-04 8.5050E+05 2.1347E-04
 8.5100E+05 2.1319E-04 8.5106E+05 2.1311E-04 8.5150E+05 2.1291E-04
 8.5156E+05 2.1283E-04 8.5162E+05 2.1280E-04 8.5188E+05 2.1275E-04
 8.5194E+05 2.1272E-04 8.5197E+05 2.1268E-04 8.5200E+05 2.1263E-04
 8.5300E+05 2.1207E-04 8.5400E+05 2.1152E-04 8.5500E+05 2.1096E-04
 8.5600E+05 2.1040E-04 8.5700E+05 2.0984E-04 8.5900E+05 2.0872E-04
 8.5938E+05 2.0856E-04 8.5950E+05 2.0845E-04 8.6000E+05 2.0817E-04
 8.6100E+05 2.0761E-04 8.6200E+05 2.0705E-04 8.6300E+05 2.0649E-04
 8.6400E+05 2.0593E-04 8.6450E+05 2.0565E-04 8.6500E+05 2.0537E-04
 8.6600E+05 2.0482E-04 8.6800E+05 2.0370E-04 8.7000E+05 2.0258E-04
 8.7200E+05 2.0147E-04 8.7400E+05 2.0035E-04 8.7500E+05 1.9979E-04
 8.7600E+05 1.9923E-04 8.7700E+05 1.9867E-04 8.7800E+05 1.9812E-04
 8.8200E+05 1.9588E-04 8.8500E+05 1.9421E-04 8.9000E+05 1.9142E-04
 8.9500E+05 1.8862E-04 9.0000E+05 1.8583E-04 9.0500E+05 1.8304E-04
 9.0800E+05 1.8137E-04 9.1000E+05 1.8025E-04 9.1200E+05 1.7913E-04
 9.1400E+05 1.7802E-04 9.1500E+05 1.7746E-04 9.1550E+05 1.7718E-04
 9.1600E+05 1.7690E-04 9.1650E+05 1.7662E-04 9.1700E+05 1.7634E-04
 9.1800E+05 1.7578E-04 9.1900E+05 1.7522E-04 9.2000E+05 1.7467E-04
 9.2100E+05 1.7411E-04 9.2200E+05 1.7355E-04 9.2400E+05 1.7243E-04
 9.2500E+05 1.7187E-04 9.2600E+05 1.7132E-04 9.2700E+05 1.7076E-04
 9.2800E+05 1.7020E-04 9.2900E+05 1.6964E-04 9.3000E+05 1.6908E-04
 9.3050E+05 1.6880E-04 9.3100E+05 1.6852E-04 9.3150E+05 1.6825E-04
 9.3200E+05 1.6797E-04 9.3300E+05 1.6741E-04 9.3400E+05 1.6685E-04
 9.3600E+05 1.6573E-04 9.3700E+05 1.6517E-04 9.3800E+05 1.6462E-04
 9.3900E+05 1.6406E-04 9.4000E+05 1.6350E-04 9.4200E+05 1.6238E-04
 9.4400E+05 1.6127E-04 9.4600E+05 1.6015E-04 9.5000E+05 1.5792E-04
 9.5500E+05 1.5512E-04 9.6400E+05 1.5010E-04 9.6600E+05 1.4898E-04
 9.6800E+05 1.4787E-04 9.6900E+05 1.4731E-04 9.6950E+05 1.4703E-04
 9.7000E+05 1.4675E-04 9.7060E+05 1.4642E-04 9.7080E+05 1.4630E-04
 9.7100E+05 1.4619E-04 9.7120E+05 1.4608E-04 9.7150E+05 1.4591E-04
 9.7200E+05 1.4563E-04 9.7250E+05 1.4535E-04 9.7300E+05 1.4507E-04
 9.7400E+05 1.4452E-04 9.7600E+05 1.4340E-04 9.7900E+05 1.4172E-04
 9.8000E+05 1.4117E-04 9.8100E+05 1.4061E-04 9.8400E+05 1.3893E-04
 9.8600E+05 1.3782E-04 9.9000E+05 1.3558E-04 9.9500E+05 1.3279E-04
 1.0000E+06 1.3000E-04 1.0050E+06 1.3010E-04 1.0100E+06 1.3020E-04
 1.0160E+06 1.3032E-04 1.0180E+06 1.3036E-04 1.0200E+06 1.3040E-04
 1.0240E+06 1.3048E-04 1.0250E+06 1.3050E-04 1.0260E+06 1.3052E-04
 1.0265E+06 1.3053E-04 1.0280E+06 1.3056E-04 1.0290E+06 1.3058E-04
 1.0320E+06 1.3064E-04 1.0340E+06 1.3068E-04 1.0360E+06 1.3072E-04
 1.0380E+06 1.3076E-04 1.0390E+06 1.3078E-04 1.0400E+06 1.3080E-04
 1.0420E+06 1.3084E-04 1.0430E+06 1.3086E-04 1.0440E+06 1.3088E-04
 1.0450E+06 1.3090E-04 1.0480E+06 1.3096E-04 1.0500E+06 1.3100E-04
 1.0510E+06 1.3102E-04 1.0600E+06 1.3120E-04 1.0750E+06 1.3150E-04
 1.0800E+06 1.3160E-04 1.0820E+06 1.3164E-04 1.0840E+06 1.3168E-04
 1.0860E+06 1.3172E-04 1.0900E+06 1.3180E-04 1.0920E+06 1.3184E-04
 1.0940E+06 1.3188E-04 1.0980E+06 1.3196E-04 1.1000E+06 1.3200E-04
 1.1020E+06 1.3204E-04 1.1040E+06 1.3208E-04 1.1100E+06 1.3220E-04
 1.1150E+06 1.3230E-04 1.1200E+06 1.3240E-04 1.1400E+06 1.3280E-04
 1.1450E+06 1.3290E-04 1.1470E+06 1.3294E-04 1.1480E+06 1.3296E-04
 1.1485E+06 1.3297E-04 1.1490E+06 1.3298E-04 1.1495E+06 1.3299E-04
 1.1500E+06 1.3300E-04 1.1502E+06 1.3300E-04 1.1504E+06 1.3301E-04
 1.1506E+06 1.3301E-04 1.1510E+06 1.3302E-04 1.1515E+06 1.3303E-04
 1.1520E+06 1.3304E-04 1.1530E+06 1.3306E-04 1.1540E+06 1.3308E-04
 1.1620E+06 1.3324E-04 1.1640E+06 1.3328E-04 1.1660E+06 1.3332E-04
 1.1680E+06 1.3336E-04 1.1720E+06 1.3344E-04 1.1740E+06 1.3348E-04
 1.1760E+06 1.3352E-04 1.1780E+06 1.3356E-04 1.1790E+06 1.3358E-04
 1.1800E+06 1.3360E-04 1.1810E+06 1.3362E-04 1.1820E+06 1.3364E-04
 1.1840E+06 1.3368E-04 1.1860E+06 1.3372E-04 1.1910E+06 1.3382E-04
 1.1920E+06 1.3384E-04 1.1930E+06 1.3386E-04 1.1950E+06 1.3390E-04
 1.1960E+06 1.3392E-04 1.1970E+06 1.3394E-04 1.1980E+06 1.3396E-04
 1.2000E+06 1.3400E-04 1.2100E+06 1.3420E-04 1.2250E+06 1.3450E-04
 1.2300E+06 1.3460E-04 1.2350E+06 1.3470E-04 1.2380E+06 1.3476E-04
 1.2400E+06 1.3480E-04 1.2440E+06 1.3488E-04 1.2480E+06 1.3496E-04
 1.2500E+06 1.3500E-04 1.2510E+06 1.3502E-04 1.2520E+06 1.3504E-04
 1.2530E+06 1.3506E-04 1.2540E+06 1.3508E-04 1.2550E+06 1.3510E-04
 1.2560E+06 1.3512E-04 1.2570E+06 1.3514E-04 1.2580E+06 1.3516E-04
 1.2590E+06 1.3518E-04 1.2620E+06 1.3524E-04 1.2630E+06 1.3526E-04
 1.2640E+06 1.3528E-04 1.2660E+06 1.3532E-04 1.2680E+06 1.3536E-04
 1.2700E+06 1.3540E-04 1.2750E+06 1.3550E-04 1.2780E+06 1.3556E-04
 1.2800E+06 1.3560E-04 1.2830E+06 1.3566E-04 1.2840E+06 1.3568E-04
 1.2850E+06 1.3570E-04 1.2860E+06 1.3572E-04 1.2870E+06 1.3574E-04
 1.2880E+06 1.3576E-04 1.2900E+06 1.3580E-04 1.2910E+06 1.3582E-04
 1.2920E+06 1.3584E-04 1.2950E+06 1.3590E-04 1.3000E+06 1.3600E-04
 1.3100E+06 1.3620E-04 1.3140E+06 1.3628E-04 1.3160E+06 1.3632E-04
 1.3200E+06 1.3640E-04 1.3220E+06 1.3644E-04 1.3250E+06 1.3650E-04
 1.3300E+06 1.3660E-04 1.3350E+06 1.3670E-04 1.3400E+06 1.3680E-04
 1.3410E+06 1.3682E-04 1.3420E+06 1.3684E-04 1.3435E+06 1.3687E-04
 1.3440E+06 1.3688E-04 1.3445E+06 1.3689E-04 1.3460E+06 1.3692E-04
 1.3470E+06 1.3694E-04 1.3480E+06 1.3696E-04 1.3490E+06 1.3698E-04
 1.3500E+06 1.3700E-04 1.3510E+06 1.3702E-04 1.3520E+06 1.3704E-04
 1.3530E+06 1.3706E-04 1.3550E+06 1.3710E-04 1.3560E+06 1.3712E-04
 1.3570E+06 1.3714E-04 1.3580E+06 1.3716E-04 1.3600E+06 1.3720E-04
 1.3620E+06 1.3724E-04 1.3640E+06 1.3728E-04 1.3660E+06 1.3732E-04
 1.3680E+06 1.3736E-04 1.3690E+06 1.3738E-04 1.3710E+06 1.3742E-04
 1.3740E+06 1.3748E-04 1.3750E+06 1.3750E-04 1.3800E+06 1.3760E-04
 1.3810E+06 1.3762E-04 1.3870E+06 1.3774E-04 1.3900E+06 1.3780E-04
 1.3950E+06 1.3790E-04 1.3960E+06 1.3792E-04 1.3970E+06 1.3794E-04
 1.3980E+06 1.3796E-04 1.4000E+06 1.3800E-04 1.4010E+06 1.3802E-04
 1.4030E+06 1.3806E-04 1.4060E+06 1.3812E-04 1.4100E+06 1.3820E-04
 1.4140E+06 1.3828E-04 1.4180E+06 1.3836E-04 1.4220E+06 1.3844E-04
 1.4240E+06 1.3848E-04 1.4260E+06 1.3852E-04 1.4270E+06 1.3854E-04
 1.4300E+06 1.3860E-04 1.4340E+06 1.3868E-04 1.4360E+06 1.3872E-04
 1.4380E+06 1.3876E-04 1.4400E+06 1.3880E-04 1.4420E+06 1.3884E-04
 1.4440E+06 1.3888E-04 1.4460E+06 1.3892E-04 1.4480E+06 1.3896E-04
 1.4500E+06 1.3900E-04 1.4510E+06 1.3902E-04 1.4530E+06 1.3906E-04
 1.4540E+06 1.3908E-04 1.4560E+06 1.3912E-04 1.4600E+06 1.3920E-04
 1.4700E+06 1.3940E-04 1.4800E+06 1.3960E-04 1.5000E+06 1.4000E-04
 1.5100E+06 1.4020E-04 1.5200E+06 1.4040E-04 1.5250E+06 1.4050E-04
 1.5280E+06 1.4056E-04 1.5300E+06 1.4060E-04 1.5320E+06 1.4064E-04
 1.5380E+06 1.4076E-04 1.5400E+06 1.4080E-04 1.5420E+06 1.4084E-04
 1.5440E+06 1.4088E-04 1.5480E+06 1.4096E-04 1.5500E+06 1.4100E-04
 1.5520E+06 1.4104E-04 1.5540E+06 1.4108E-04 1.5560E+06 1.4112E-04
 1.5585E+06 1.4117E-04 1.5590E+06 1.4118E-04 1.5594E+06 1.4119E-04
 1.5598E+06 1.4120E-04 1.5600E+06 1.4120E-04 1.5602E+06 1.4120E-04
 1.5606E+06 1.4121E-04 1.5610E+06 1.4122E-04 1.5615E+06 1.4123E-04
 1.5620E+06 1.4124E-04 1.5640E+06 1.4128E-04 1.5660E+06 1.4132E-04
 1.5750E+06 1.4150E-04 1.5800E+06 1.4160E-04 1.5850E+06 1.4170E-04
 1.5910E+06 1.4182E-04 1.5950E+06 1.4190E-04 1.5980E+06 1.4196E-04
 1.5990E+06 1.4198E-04 1.6000E+06 1.4200E-04 1.6010E+06 1.4202E-04
 1.6020E+06 1.4204E-04 1.6030E+06 1.4206E-04 1.6040E+06 1.4208E-04
 1.6050E+06 1.4210E-04 1.6100E+06 1.4220E-04 1.6200E+06 1.4240E-04
 1.6240E+06 1.4248E-04 1.6250E+06 1.4250E-04 1.6270E+06 1.4254E-04
 1.6280E+06 1.4256E-04 1.6290E+06 1.4258E-04 1.6300E+06 1.4260E-04
 1.6310E+06 1.4262E-04 1.6320E+06 1.4264E-04 1.6340E+06 1.4268E-04
 1.6360E+06 1.4272E-04 1.6370E+06 1.4274E-04 1.6380E+06 1.4276E-04
 1.6400E+06 1.4280E-04 1.6420E+06 1.4284E-04 1.6440E+06 1.4288E-04
 1.6480E+06 1.4296E-04 1.6500E+06 1.4300E-04 1.6540E+06 1.4308E-04
 1.6580E+06 1.4316E-04 1.6640E+06 1.4328E-04 1.6660E+06 1.4332E-04
 1.6700E+06 1.4340E-04 1.6740E+06 1.4348E-04 1.6760E+06 1.4352E-04
 1.6780E+06 1.4356E-04 1.6820E+06 1.4364E-04 1.7000E+06 1.4400E-04
 1.7080E+06 1.4416E-04 1.7240E+06 1.4448E-04 1.7280E+06 1.4456E-04
 1.7300E+06 1.4460E-04 1.7315E+06 1.4463E-04 1.7335E+06 1.4467E-04
 1.7340E+06 1.4468E-04 1.7345E+06 1.4469E-04 1.7350E+06 1.4470E-04
 1.7355E+06 1.4471E-04 1.7365E+06 1.4473E-04 1.7390E+06 1.4478E-04
 1.7430E+06 1.4486E-04 1.7440E+06 1.4488E-04 1.7450E+06 1.4490E-04
 1.7480E+06 1.4496E-04 1.7520E+06 1.4504E-04 1.7540E+06 1.4508E-04
 1.7580E+06 1.4516E-04 1.7620E+06 1.4524E-04 1.7760E+06 1.4552E-04
 1.7780E+06 1.4556E-04 1.7820E+06 1.4564E-04 1.7840E+06 1.4568E-04
 1.7860E+06 1.4572E-04 1.8000E+06 1.4600E-04 1.8280E+06 1.4656E-04
 1.8385E+06 1.4677E-04 1.8425E+06 1.4685E-04 1.8460E+06 1.4692E-04
 1.8470E+06 1.4694E-04 1.8480E+06 1.4696E-04 1.8490E+06 1.4698E-04
 1.8505E+06 1.4701E-04 1.8530E+06 1.4706E-04 1.8545E+06 1.4709E-04
 1.8555E+06 1.4711E-04 1.8565E+06 1.4713E-04 1.8575E+06 1.4715E-04
 1.8610E+06 1.4722E-04 1.8640E+06 1.4728E-04 1.8660E+06 1.4732E-04
 1.8740E+06 1.4748E-04 1.8800E+06 1.4760E-04 1.8860E+06 1.4772E-04
 1.8880E+06 1.4776E-04 1.8900E+06 1.4780E-04 1.8920E+06 1.4784E-04
 1.8961E+06 1.4792E-04 1.8961E+06 1.4792E-04 1.8980E+06 1.4796E-04
 1.9000E+06 1.4800E-04 1.9020E+06 1.4804E-04 1.9040E+06 1.4808E-04
 1.9080E+06 1.4816E-04 1.9100E+06 1.4820E-04 1.9140E+06 1.4828E-04
 1.9200E+06 1.4840E-04 1.9240E+06 1.4848E-04 1.9300E+06 1.4860E-04
 1.9320E+06 1.4864E-04 1.9380E+06 1.4876E-04 1.9460E+06 1.4892E-04
 1.9500E+06 1.4900E-04 1.9520E+06 1.4904E-04 1.9540E+06 1.4908E-04
 1.9560E+06 1.4912E-04 1.9600E+06 1.4920E-04 1.9620E+06 1.4924E-04
 1.9680E+06 1.4936E-04 1.9720E+06 1.4944E-04 1.9740E+06 1.4948E-04
 1.9760E+06 1.4952E-04 1.9800E+06 1.4960E-04 1.9820E+06 1.4964E-04
 1.9840E+06 1.4968E-04 1.9900E+06 1.4980E-04 1.9920E+06 1.4984E-04
 1.9940E+06 1.4988E-04 1.9960E+06 1.4992E-04 1.9980E+06 1.4996E-04
 2.0000E+06 1.5000E-04 2.0020E+06 1.4990E-04 2.0040E+06 1.4980E-04
 2.0060E+06 1.4970E-04 2.0080E+06 1.4960E-04 2.0100E+06 1.4950E-04
 2.0120E+06 1.4940E-04 2.0160E+06 1.4920E-04 2.0240E+06 1.4880E-04
 2.0300E+06 1.4850E-04 2.0340E+06 1.4830E-04 2.0360E+06 1.4820E-04
 2.0380E+06 1.4810E-04 2.0400E+06 1.4800E-04 2.0420E+06 1.4790E-04
 2.0455E+06 1.4772E-04 2.0475E+06 1.4762E-04 2.0485E+06 1.4757E-04
 2.0495E+06 1.4752E-04 2.0500E+06 1.4750E-04 2.0508E+06 1.4746E-04
 2.0516E+06 1.4742E-04 2.0523E+06 1.4738E-04 2.0530E+06 1.4735E-04
 2.0538E+06 1.4731E-04 2.0545E+06 1.4727E-04 2.0545E+06 1.4727E-04
 2.0552E+06 1.4724E-04 2.0559E+06 1.4720E-04 2.0566E+06 1.4717E-04
 2.0573E+06 1.4714E-04 2.0580E+06 1.4710E-04 2.0586E+06 1.4707E-04
 2.0592E+06 1.4704E-04 2.0599E+06 1.4701E-04 2.0605E+06 1.4698E-04
 2.0605E+06 1.4697E-04 2.0611E+06 1.4694E-04 2.0615E+06 1.4693E-04
 2.0617E+06 1.4691E-04 2.0623E+06 1.4688E-04 2.0625E+06 1.4688E-04
 2.0629E+06 1.4685E-04 2.0635E+06 1.4683E-04 2.0638E+06 1.4681E-04
 2.0646E+06 1.4677E-04 2.0650E+06 1.4675E-04 2.0655E+06 1.4673E-04
 2.0663E+06 1.4669E-04 2.0670E+06 1.4665E-04 2.0678E+06 1.4661E-04
 2.0685E+06 1.4657E-04 2.0686E+06 1.4657E-04 2.0693E+06 1.4653E-04
 2.0700E+06 1.4650E-04 2.0707E+06 1.4646E-04 2.0714E+06 1.4643E-04
 2.0715E+06 1.4642E-04 2.0721E+06 1.4640E-04 2.0727E+06 1.4636E-04
 2.0734E+06 1.4633E-04 2.0738E+06 1.4631E-04 2.0746E+06 1.4627E-04
 2.0754E+06 1.4623E-04 2.0760E+06 1.4620E-04 2.0762E+06 1.4619E-04
 2.0769E+06 1.4615E-04 2.0776E+06 1.4612E-04 2.0783E+06 1.4608E-04
 2.0790E+06 1.4605E-04 2.0796E+06 1.4602E-04 2.0803E+06 1.4599E-04
 2.0809E+06 1.4595E-04 2.0815E+06 1.4593E-04 2.0824E+06 1.4588E-04
 2.0832E+06 1.4584E-04 2.0840E+06 1.4580E-04 2.0840E+06 1.4580E-04
 2.0847E+06 1.4577E-04 2.0854E+06 1.4573E-04 2.0860E+06 1.4570E-04
 2.0861E+06 1.4570E-04 2.0867E+06 1.4566E-04 2.0874E+06 1.4563E-04
 2.0880E+06 1.4560E-04 2.0881E+06 1.4559E-04 2.0889E+06 1.4556E-04
 2.0896E+06 1.4552E-04 2.0902E+06 1.4549E-04 2.0908E+06 1.4546E-04
 2.0917E+06 1.4542E-04 2.0920E+06 1.4540E-04 2.0924E+06 1.4538E-04
 2.0932E+06 1.4534E-04 2.0936E+06 1.4532E-04 2.0944E+06 1.4528E-04
 2.0951E+06 1.4525E-04 2.0957E+06 1.4521E-04 2.0965E+06 1.4518E-04
 2.0971E+06 1.4514E-04 2.0978E+06 1.4511E-04 2.0980E+06 1.4510E-04
 2.0984E+06 1.4508E-04 2.0992E+06 1.4504E-04 2.1000E+06 1.4500E-04
 2.1012E+06 1.4494E-04 2.1023E+06 1.4488E-04 2.1038E+06 1.4481E-04
 2.1040E+06 1.4480E-04 2.1052E+06 1.4474E-04 2.1060E+06 1.4470E-04
 2.1066E+06 1.4467E-04 2.1080E+06 1.4460E-04 2.1080E+06 1.4460E-04
 2.1093E+06 1.4453E-04 2.1106E+06 1.4447E-04 2.1118E+06 1.4441E-04
 2.1120E+06 1.4440E-04 2.1130E+06 1.4435E-04 2.1142E+06 1.4429E-04
 2.1153E+06 1.4424E-04 2.1160E+06 1.4420E-04 2.1164E+06 1.4418E-04
 2.1179E+06 1.4410E-04 2.1194E+06 1.4403E-04 2.1208E+06 1.4396E-04
 2.1220E+06 1.4390E-04 2.1222E+06 1.4389E-04 2.1235E+06 1.4383E-04
 2.1247E+06 1.4376E-04 2.1259E+06 1.4371E-04 2.1274E+06 1.4363E-04
 2.1280E+06 1.4360E-04 2.1288E+06 1.4356E-04 2.1301E+06 1.4349E-04
 2.1314E+06 1.4343E-04 2.1325E+06 1.4337E-04 2.1341E+06 1.4329E-04
 2.1356E+06 1.4322E-04 2.1360E+06 1.4320E-04 2.1369E+06 1.4315E-04
 2.1380E+06 1.4310E-04 2.1381E+06 1.4309E-04 2.1396E+06 1.4302E-04
 2.1400E+06 1.4300E-04 2.1409E+06 1.4295E-04 2.1420E+06 1.4290E-04
 2.1421E+06 1.4290E-04 2.1435E+06 1.4283E-04 2.1447E+06 1.4277E-04
 2.1460E+06 1.4270E-04 2.1474E+06 1.4263E-04 2.1487E+06 1.4256E-04
 2.1500E+06 1.4250E-04 2.1523E+06 1.4238E-04 2.1545E+06 1.4227E-04
 2.1566E+06 1.4217E-04 2.1587E+06 1.4207E-04 2.1600E+06 1.4200E-04
 2.1606E+06 1.4197E-04 2.1624E+06 1.4188E-04 2.1640E+06 1.4180E-04
 2.1647E+06 1.4176E-04 2.1660E+06 1.4170E-04 2.1669E+06 1.4165E-04
 2.1680E+06 1.4160E-04 2.1690E+06 1.4155E-04 2.1709E+06 1.4145E-04
 2.1720E+06 1.4140E-04 2.1728E+06 1.4136E-04 2.1745E+06 1.4128E-04
 2.1768E+06 1.4116E-04 2.1790E+06 1.4105E-04 2.1809E+06 1.4096E-04
 2.1820E+06 1.4090E-04 2.1832E+06 1.4084E-04 2.1840E+06 1.4080E-04
 2.1853E+06 1.4073E-04 2.1872E+06 1.4064E-04 2.1880E+06 1.4060E-04
 2.1895E+06 1.4052E-04 2.1908E+06 1.4046E-04 2.1920E+06 1.4040E-04
 2.1931E+06 1.4034E-04 2.1940E+06 1.4030E-04 2.1955E+06 1.4023E-04
 2.1960E+06 1.4020E-04 2.1971E+06 1.4015E-04 2.1980E+06 1.4010E-04
 2.1990E+06 1.4005E-04 2.2000E+06 1.4000E-04 2.2023E+06 1.3988E-04
 2.2040E+06 1.3980E-04 2.2045E+06 1.3977E-04 2.2060E+06 1.3970E-04
 2.2060E+06 1.3970E-04 2.2080E+06 1.3960E-04 2.2087E+06 1.3956E-04
 2.2100E+06 1.3950E-04 2.2113E+06 1.3944E-04 2.2137E+06 1.3931E-04
 2.2140E+06 1.3930E-04 2.2160E+06 1.3920E-04 2.2160E+06 1.3920E-04
 2.2180E+06 1.3910E-04 2.2181E+06 1.3909E-04 2.2210E+06 1.3895E-04
 2.2237E+06 1.3881E-04 2.2240E+06 1.3880E-04 2.2261E+06 1.3869E-04
 2.2280E+06 1.3860E-04 2.2283E+06 1.3858E-04 2.2310E+06 1.3845E-04
 2.2320E+06 1.3840E-04 2.2334E+06 1.3833E-04 2.2355E+06 1.3823E-04
 2.2360E+06 1.3820E-04 2.2381E+06 1.3809E-04 2.2400E+06 1.3800E-04
 2.2403E+06 1.3799E-04 2.2427E+06 1.3786E-04 2.2453E+06 1.3773E-04
 2.2460E+06 1.3770E-04 2.2477E+06 1.3762E-04 2.2500E+06 1.3750E-04
 2.2531E+06 1.3734E-04 2.2540E+06 1.3730E-04 2.2560E+06 1.3720E-04
 2.2580E+06 1.3710E-04 2.2588E+06 1.3706E-04 2.2626E+06 1.3687E-04
 2.2660E+06 1.3670E-04 2.2660E+06 1.3670E-04 2.2692E+06 1.3654E-04
 2.2720E+06 1.3640E-04 2.2755E+06 1.3622E-04 2.2760E+06 1.3620E-04
 2.2786E+06 1.3607E-04 2.2800E+06 1.3600E-04 2.2813E+06 1.3594E-04
 2.2846E+06 1.3577E-04 2.2874E+06 1.3563E-04 2.2880E+06 1.3560E-04
 2.2906E+06 1.3547E-04 2.2930E+06 1.3535E-04 2.2939E+06 1.3530E-04
 2.2970E+06 1.3515E-04 2.3000E+06 1.3500E-04 2.3031E+06 1.3484E-04
 2.3074E+06 1.3463E-04 2.3100E+06 1.3450E-04 2.3114E+06 1.3443E-04
 2.3120E+06 1.3440E-04 2.3149E+06 1.3425E-04 2.3160E+06 1.3420E-04
 2.3182E+06 1.3409E-04 2.3220E+06 1.3390E-04 2.3222E+06 1.3389E-04
 2.3256E+06 1.3372E-04 2.3260E+06 1.3370E-04 2.3280E+06 1.3360E-04
 2.3300E+06 1.3350E-04 2.3300E+06 1.3350E-04 2.3320E+06 1.3340E-04
 2.3337E+06 1.3332E-04 2.3360E+06 1.3320E-04 2.3378E+06 1.3311E-04
 2.3380E+06 1.3310E-04 2.3400E+06 1.3300E-04 2.3420E+06 1.3290E-04
 2.3440E+06 1.3280E-04 2.3448E+06 1.3276E-04 2.3460E+06 1.3270E-04
 2.3480E+06 1.3260E-04 2.3483E+06 1.3259E-04 2.3500E+06 1.3250E-04
 2.3520E+06 1.3240E-04 2.3540E+06 1.3230E-04 2.3546E+06 1.3227E-04
 2.3560E+06 1.3220E-04 2.3580E+06 1.3210E-04 2.3588E+06 1.3206E-04
 2.3620E+06 1.3190E-04 2.3638E+06 1.3181E-04 2.3640E+06 1.3180E-04
 2.3660E+06 1.3170E-04 2.3683E+06 1.3158E-04 2.3723E+06 1.3139E-04
 2.3740E+06 1.3130E-04 2.3774E+06 1.3113E-04 2.3800E+06 1.3100E-04
 2.3802E+06 1.3099E-04 2.3840E+06 1.3080E-04 2.3851E+06 1.3074E-04
 2.3880E+06 1.3060E-04 2.3902E+06 1.3049E-04 2.3920E+06 1.3040E-04
 2.3937E+06 1.3031E-04 2.3979E+06 1.3010E-04 2.3980E+06 1.3010E-04
 2.4000E+06 1.3000E-04 2.4020E+06 1.2990E-04 2.4031E+06 1.2984E-04
 2.4060E+06 1.2970E-04 2.4090E+06 1.2955E-04 2.4120E+06 1.2940E-04
 2.4141E+06 1.2929E-04 2.4160E+06 1.2920E-04 2.4180E+06 1.2910E-04
 2.4186E+06 1.2907E-04 2.4200E+06 1.2900E-04 2.4220E+06 1.2890E-04
 2.4240E+06 1.2880E-04 2.4242E+06 1.2879E-04 2.4260E+06 1.2870E-04
 2.4290E+06 1.2855E-04 2.4320E+06 1.2840E-04 2.4340E+06 1.2830E-04
 2.4342E+06 1.2829E-04 2.4396E+06 1.2802E-04 2.4456E+06 1.2772E-04
 2.4460E+06 1.2770E-04 2.4500E+06 1.2750E-04 2.4540E+06 1.2730E-04
 2.4562E+06 1.2719E-04 2.4580E+06 1.2710E-04 2.4617E+06 1.2691E-04
 2.4640E+06 1.2680E-04 2.4680E+06 1.2660E-04 2.4686E+06 1.2657E-04
 2.4744E+06 1.2628E-04 2.4808E+06 1.2596E-04 2.4820E+06 1.2590E-04
 2.4874E+06 1.2563E-04 2.4900E+06 1.2550E-04 2.4919E+06 1.2541E-04
 2.4973E+06 1.2514E-04 2.5000E+06 1.2500E-04 2.5020E+06 1.2490E-04
 2.5060E+06 1.2470E-04 2.5062E+06 1.2469E-04 2.5100E+06 1.2450E-04
 2.5141E+06 1.2429E-04 2.5160E+06 1.2420E-04 2.5207E+06 1.2397E-04
 2.5260E+06 1.2370E-04 2.5280E+06 1.2360E-04 2.5300E+06 1.2350E-04
 2.5340E+06 1.2330E-04 2.5356E+06 1.2322E-04 2.5360E+06 1.2320E-04
 2.5400E+06 1.2300E-04 2.5407E+06 1.2296E-04 2.5460E+06 1.2270E-04
 2.5469E+06 1.2265E-04 2.5480E+06 1.2260E-04 2.5500E+06 1.2250E-04
 2.5520E+06 1.2240E-04 2.5540E+06 1.2230E-04 2.5560E+06 1.2220E-04
 2.5590E+06 1.2205E-04 2.5620E+06 1.2190E-04 2.5640E+06 1.2180E-04
 2.5660E+06 1.2170E-04 2.5665E+06 1.2168E-04 2.5700E+06 1.2150E-04
 2.5749E+06 1.2126E-04 2.5835E+06 1.2082E-04 2.5894E+06 1.2053E-04
 2.5900E+06 1.2050E-04 2.5965E+06 1.2018E-04 2.6000E+06 1.2000E-04
 2.6050E+06 1.1975E-04 2.6090E+06 1.1955E-04 2.6100E+06 1.1950E-04
 2.6150E+06 1.1925E-04 2.6165E+06 1.1917E-04 2.6200E+06 1.1900E-04
 2.6249E+06 1.1876E-04 2.6300E+06 1.1850E-04 2.6338E+06 1.1831E-04
 2.6350E+06 1.1825E-04 2.6400E+06 1.1800E-04 2.6419E+06 1.1790E-04
 2.6450E+06 1.1775E-04 2.6500E+06 1.1750E-04 2.6550E+06 1.1725E-04
 2.6562E+06 1.1719E-04 2.6600E+06 1.1700E-04 2.6650E+06 1.1675E-04
 2.6672E+06 1.1664E-04 2.6700E+06 1.1650E-04 2.6750E+06 1.1625E-04
 2.6785E+06 1.1608E-04 2.6800E+06 1.1600E-04 2.6850E+06 1.1575E-04
 2.6862E+06 1.1569E-04 2.6950E+06 1.1525E-04 2.6954E+06 1.1523E-04
 2.7000E+06 1.1500E-04 2.7050E+06 1.1475E-04 2.7117E+06 1.1441E-04
 2.7150E+06 1.1425E-04 2.7213E+06 1.1394E-04 2.7250E+06 1.1375E-04
 2.7315E+06 1.1342E-04 2.7350E+06 1.1325E-04 2.7400E+06 1.1300E-04
 2.7408E+06 1.1296E-04 2.7450E+06 1.1275E-04 2.7500E+06 1.1250E-04
 2.7550E+06 1.1225E-04 2.7625E+06 1.1187E-04 2.7650E+06 1.1175E-04
 2.7700E+06 1.1150E-04 2.7754E+06 1.1123E-04 2.7800E+06 1.1100E-04
 2.7850E+06 1.1075E-04 2.7894E+06 1.1053E-04 2.7900E+06 1.1050E-04
 2.7950E+06 1.1025E-04 2.8000E+06 1.1000E-04 2.8050E+06 1.0975E-04
 2.8100E+06 1.0950E-04 2.8125E+06 1.0938E-04 2.8219E+06 1.0891E-04
 2.8250E+06 1.0875E-04 2.8340E+06 1.0830E-04 2.8341E+06 1.0829E-04
 2.8359E+06 1.0820E-04 2.8450E+06 1.0775E-04 2.8500E+06 1.0750E-04
 2.8550E+06 1.0725E-04 2.8600E+06 1.0700E-04 2.8625E+06 1.0687E-04
 2.8650E+06 1.0675E-04 2.8700E+06 1.0650E-04 2.8750E+06 1.0625E-04
 2.8789E+06 1.0605E-04 2.8800E+06 1.0600E-04 2.8850E+06 1.0575E-04
 2.8900E+06 1.0550E-04 2.8930E+06 1.0535E-04 2.8950E+06 1.0525E-04
 2.9000E+06 1.0500E-04 2.9050E+06 1.0475E-04 2.9100E+06 1.0450E-04
 2.9150E+06 1.0425E-04 2.9172E+06 1.0414E-04 2.9200E+06 1.0400E-04
 2.9250E+06 1.0375E-04 2.9289E+06 1.0355E-04 2.9300E+06 1.0350E-04
 2.9350E+06 1.0325E-04 2.9400E+06 1.0300E-04 2.9430E+06 1.0285E-04
 2.9450E+06 1.0275E-04 2.9500E+06 1.0250E-04 2.9550E+06 1.0225E-04
 2.9625E+06 1.0187E-04 2.9650E+06 1.0175E-04 2.9700E+06 1.0150E-04
 2.9800E+06 1.0100E-04 2.9812E+06 1.0094E-04 2.9850E+06 1.0075E-04
 2.9950E+06 1.0025E-04 3.0000E+06 1.0000E-04 3.0050E+06 9.9840E-05
 3.0100E+06 9.9680E-05 3.0150E+06 9.9520E-05 3.0200E+06 9.9360E-05
 3.0250E+06 9.9200E-05 3.0300E+06 9.9040E-05 3.0450E+06 9.8560E-05
 3.0500E+06 9.8400E-05 3.0550E+06 9.8240E-05 3.0600E+06 9.8080E-05
 3.0700E+06 9.7760E-05 3.0850E+06 9.7280E-05 3.0910E+06 9.7088E-05
 3.0914E+06 9.7075E-05 3.0950E+06 9.6960E-05 3.1000E+06 9.6800E-05
 3.1050E+06 9.6640E-05 3.1100E+06 9.6480E-05 3.1130E+06 9.6384E-05
 3.1132E+06 9.6378E-05 3.1200E+06 9.6160E-05 3.1250E+06 9.6000E-05
 3.1300E+06 9.5840E-05 3.1350E+06 9.5680E-05 3.1400E+06 9.5520E-05
 3.1450E+06 9.5360E-05 3.1500E+06 9.5200E-05 3.1550E+06 9.5040E-05
 3.1600E+06 9.4880E-05 3.1650E+06 9.4720E-05 3.1700E+06 9.4560E-05
 3.1750E+06 9.4400E-05 3.1850E+06 9.4080E-05 3.1900E+06 9.3920E-05
 3.2000E+06 9.3600E-05 3.2050E+06 9.3440E-05 3.2100E+06 9.3280E-05
 3.2150E+06 9.3120E-05 3.2250E+06 9.2800E-05 3.2300E+06 9.2640E-05
 3.2350E+06 9.2480E-05 3.2450E+06 9.2160E-05 3.2487E+06 9.2042E-05
 3.2500E+06 9.2000E-05 3.2600E+06 9.1680E-05 3.2650E+06 9.1520E-05
 3.2700E+06 9.1360E-05 3.2750E+06 9.1200E-05 3.2800E+06 9.1040E-05
 3.2850E+06 9.0880E-05 3.2900E+06 9.0720E-05 3.3000E+06 9.0400E-05
 3.3050E+06 9.0240E-05 3.3100E+06 9.0080E-05 3.3200E+06 8.9760E-05
 3.3300E+06 8.9440E-05 3.3500E+06 8.8800E-05 3.3550E+06 8.8640E-05
 3.3600E+06 8.8480E-05 3.3650E+06 8.8320E-05 3.3700E+06 8.8160E-05
 3.3800E+06 8.7840E-05 3.3850E+06 8.7680E-05 3.3900E+06 8.7520E-05
 3.3950E+06 8.7360E-05 3.4000E+06 8.7200E-05 3.4100E+06 8.6880E-05
 3.4200E+06 8.6560E-05 3.4250E+06 8.6400E-05 3.4350E+06 8.6080E-05
 3.4500E+06 8.5600E-05 3.4600E+06 8.5280E-05 3.4650E+06 8.5120E-05
 3.4700E+06 8.4960E-05 3.4850E+06 8.4480E-05 3.4900E+06 8.4320E-05
 3.4950E+06 8.4160E-05 3.5000E+06 8.4000E-05 3.5100E+06 8.3680E-05
 3.5200E+06 8.3360E-05 3.5250E+06 8.3200E-05 3.5300E+06 8.3040E-05
 3.5350E+06 8.2880E-05 3.5550E+06 8.2240E-05 3.5600E+06 8.2080E-05
 3.5750E+06 8.1600E-05 3.5800E+06 8.1440E-05 3.5900E+06 8.1120E-05
 3.6000E+06 8.0800E-05 3.6100E+06 8.0480E-05 3.6200E+06 8.0160E-05
 3.6250E+06 8.0000E-05 3.6300E+06 7.9840E-05 3.6400E+06 7.9520E-05
 3.6450E+06 7.9360E-05 3.6500E+06 7.9200E-05 3.6512E+06 7.9163E-05
 3.6523E+06 7.9126E-05 3.6534E+06 7.9091E-05 3.6545E+06 7.9056E-05
 3.6550E+06 7.9040E-05 3.6556E+06 7.9022E-05 3.6566E+06 7.8989E-05
 3.6576E+06 7.8956E-05 3.6586E+06 7.8924E-05 3.6599E+06 7.8883E-05
 3.6600E+06 7.8880E-05 3.6612E+06 7.8843E-05 3.6624E+06 7.8804E-05
 3.6635E+06 7.8767E-05 3.6647E+06 7.8730E-05 3.6658E+06 7.8695E-05
 3.6668E+06 7.8661E-05 3.6679E+06 7.8628E-05 3.6689E+06 7.8596E-05
 3.6699E+06 7.8564E-05 3.6700E+06 7.8560E-05 3.6708E+06 7.8534E-05
 3.6717E+06 7.8505E-05 3.6730E+06 7.8463E-05 3.6743E+06 7.8423E-05
 3.6750E+06 7.8400E-05 3.6755E+06 7.8385E-05 3.6766E+06 7.8348E-05
 3.6777E+06 7.8314E-05 3.6787E+06 7.8280E-05 3.6794E+06 7.8259E-05
 3.6800E+06 7.8240E-05 3.6807E+06 7.8218E-05 3.6819E+06 7.8179E-05
 3.6830E+06 7.8143E-05 3.6841E+06 7.8109E-05 3.6850E+06 7.8080E-05
 3.6851E+06 7.8077E-05 3.6860E+06 7.8048E-05 3.6873E+06 7.8006E-05
 3.6885E+06 7.7969E-05 3.6895E+06 7.7935E-05 3.6905E+06 7.7904E-05
 3.6917E+06 7.7866E-05 3.6927E+06 7.7833E-05 3.6936E+06 7.7804E-05
 3.6948E+06 7.7766E-05 3.6950E+06 7.7760E-05 3.6961E+06 7.7725E-05
 3.6971E+06 7.7693E-05 3.6984E+06 7.7653E-05 3.6994E+06 7.7618E-05
 3.7000E+06 7.7600E-05 3.7004E+06 7.7588E-05 3.7016E+06 7.7550E-05
 3.7027E+06 7.7513E-05 3.7038E+06 7.7477E-05 3.7050E+06 7.7441E-05
 3.7050E+06 7.7440E-05 3.7061E+06 7.7405E-05 3.7072E+06 7.7370E-05
 3.7083E+06 7.7336E-05 3.7093E+06 7.7301E-05 3.7100E+06 7.7280E-05
 3.7104E+06 7.7268E-05 3.7114E+06 7.7234E-05 3.7125E+06 7.7201E-05
 3.7135E+06 7.7168E-05 3.7145E+06 7.7136E-05 3.7150E+06 7.7120E-05
 3.7155E+06 7.7104E-05 3.7165E+06 7.7072E-05 3.7175E+06 7.7041E-05
 3.7184E+06 7.7010E-05 3.7197E+06 7.6969E-05 3.7200E+06 7.6960E-05
 3.7210E+06 7.6929E-05 3.7222E+06 7.6890E-05 3.7234E+06 7.6851E-05
 3.7246E+06 7.6812E-05 3.7250E+06 7.6800E-05 3.7258E+06 7.6775E-05
 3.7270E+06 7.6738E-05 3.7281E+06 7.6701E-05 3.7292E+06 7.6665E-05
 3.7303E+06 7.6630E-05 3.7314E+06 7.6595E-05 3.7325E+06 7.6561E-05
 3.7335E+06 7.6527E-05 3.7346E+06 7.6494E-05 3.7350E+06 7.6480E-05
 3.7356E+06 7.6461E-05 3.7366E+06 7.6429E-05 3.7376E+06 7.6397E-05
 3.7386E+06 7.6366E-05 3.7395E+06 7.6335E-05 3.7400E+06 7.6320E-05
 3.7405E+06 7.6305E-05 3.7414E+06 7.6275E-05 3.7423E+06 7.6246E-05
 3.7437E+06 7.6203E-05 3.7450E+06 7.6161E-05 3.7463E+06 7.6120E-05
 3.7475E+06 7.6080E-05 3.7487E+06 7.6040E-05 3.7499E+06 7.6002E-05
 3.7500E+06 7.6000E-05 3.7511E+06 7.5965E-05 3.7522E+06 7.5928E-05
 3.7534E+06 7.5892E-05 3.7544E+06 7.5858E-05 3.7555E+06 7.5824E-05
 3.7566E+06 7.5790E-05 3.7576E+06 7.5758E-05 3.7582E+06 7.5737E-05
 3.7595E+06 7.5695E-05 3.7608E+06 7.5655E-05 3.7620E+06 7.5615E-05
 3.7632E+06 7.5578E-05 3.7644E+06 7.5541E-05 3.7650E+06 7.5520E-05
 3.7655E+06 7.5505E-05 3.7665E+06 7.5471E-05 3.7676E+06 7.5437E-05
 3.7686E+06 7.5405E-05 3.7696E+06 7.5373E-05 3.7705E+06 7.5343E-05
 3.7714E+06 7.5314E-05 3.7728E+06 7.5271E-05 3.7740E+06 7.5230E-05
 3.7752E+06 7.5192E-05 3.7764E+06 7.5155E-05 3.7775E+06 7.5120E-05
 3.7786E+06 7.5086E-05 3.7792E+06 7.5065E-05 3.7800E+06 7.5040E-05
 3.7805E+06 7.5024E-05 3.7817E+06 7.4985E-05 3.7829E+06 7.4948E-05
 3.7839E+06 7.4914E-05 3.7850E+06 7.4882E-05 3.7859E+06 7.4852E-05
 3.7872E+06 7.4810E-05 3.7884E+06 7.4772E-05 3.7894E+06 7.4738E-05
 3.7904E+06 7.4707E-05 3.7916E+06 7.4668E-05 3.7927E+06 7.4635E-05
 3.7936E+06 7.4605E-05 3.7948E+06 7.4568E-05 3.7950E+06 7.4560E-05
 3.7961E+06 7.4526E-05 3.7970E+06 7.4494E-05 3.7983E+06 7.4453E-05
 3.7994E+06 7.4418E-05 3.8000E+06 7.4400E-05 3.8016E+06 7.4350E-05
 3.8031E+06 7.4302E-05 3.8045E+06 7.4255E-05 3.8060E+06 7.4209E-05
 3.8073E+06 7.4165E-05 3.8093E+06 7.4102E-05 3.8100E+06 7.4080E-05
 3.8112E+06 7.4041E-05 3.8130E+06 7.3984E-05 3.8147E+06 7.3929E-05
 3.8150E+06 7.3920E-05 3.8155E+06 7.3904E-05 3.8164E+06 7.3876E-05
 3.8179E+06 7.3826E-05 3.8194E+06 7.3779E-05 3.8208E+06 7.3733E-05
 3.8227E+06 7.3675E-05 3.8244E+06 7.3620E-05 3.8250E+06 7.3600E-05
 3.8260E+06 7.3569E-05 3.8275E+06 7.3521E-05 3.8289E+06 7.3476E-05
 3.8308E+06 7.3413E-05 3.8326E+06 7.3357E-05 3.8342E+06 7.3305E-05
 3.8350E+06 7.3280E-05 3.8352E+06 7.3274E-05 3.8370E+06 7.3214E-05
 3.8387E+06 7.3163E-05 3.8401E+06 7.3117E-05 3.8419E+06 7.3060E-05
 3.8434E+06 7.3012E-05 3.8450E+06 7.2960E-05 3.8450E+06 7.2959E-05
 3.8463E+06 7.2920E-05 3.8481E+06 7.2860E-05 3.8500E+06 7.2800E-05
 3.8516E+06 7.2750E-05 3.8538E+06 7.2678E-05 3.8560E+06 7.2609E-05
 3.8580E+06 7.2544E-05 3.8600E+06 7.2481E-05 3.8600E+06 7.2480E-05
 3.8618E+06 7.2422E-05 3.8636E+06 7.2365E-05 3.8653E+06 7.2311E-05
 3.8669E+06 7.2259E-05 3.8690E+06 7.2193E-05 3.8709E+06 7.2131E-05
 3.8727E+06 7.2073E-05 3.8744E+06 7.2018E-05 3.8750E+06 7.2000E-05
 3.8760E+06 7.1967E-05 3.8782E+06 7.1896E-05 3.8800E+06 7.1840E-05
 3.8802E+06 7.1832E-05 3.8821E+06 7.1773E-05 3.8832E+06 7.1738E-05
 3.8853E+06 7.1670E-05 3.8871E+06 7.1612E-05 3.8887E+06 7.1560E-05
 3.8900E+06 7.1520E-05 3.8908E+06 7.1495E-05 3.8925E+06 7.1441E-05
 3.8943E+06 7.1381E-05 3.8950E+06 7.1360E-05 3.8958E+06 7.1336E-05
 3.8979E+06 7.1268E-05 3.9000E+06 7.1200E-05 3.9023E+06 7.1126E-05
 3.9045E+06 7.1055E-05 3.9066E+06 7.0987E-05 3.9080E+06 7.0944E-05
 3.9087E+06 7.0923E-05 3.9100E+06 7.0880E-05 3.9106E+06 7.0861E-05
 3.9124E+06 7.0803E-05 3.9148E+06 7.0727E-05 3.9150E+06 7.0720E-05
 3.9170E+06 7.0657E-05 3.9190E+06 7.0591E-05 3.9210E+06 7.0529E-05
 3.9228E+06 7.0471E-05 3.9253E+06 7.0390E-05 3.9276E+06 7.0318E-05
 3.9296E+06 7.0251E-05 3.9300E+06 7.0240E-05 3.9321E+06 7.0172E-05
 3.9344E+06 7.0101E-05 3.9363E+06 7.0038E-05 3.9388E+06 6.9958E-05
 3.9402E+06 6.9913E-05 3.9427E+06 6.9835E-05 3.9450E+06 6.9760E-05
 3.9452E+06 6.9754E-05 3.9469E+06 6.9699E-05 3.9490E+06 6.9633E-05
 3.9500E+06 6.9600E-05 3.9523E+06 6.9526E-05 3.9545E+06 6.9455E-05
 3.9574E+06 6.9364E-05 3.9600E+06 6.9279E-05 3.9625E+06 6.9199E-05
 3.9649E+06 6.9124E-05 3.9671E+06 6.9053E-05 3.9700E+06 6.8960E-05
 3.9701E+06 6.8957E-05 3.9729E+06 6.8868E-05 3.9754E+06 6.8788E-05
 3.9776E+06 6.8716E-05 3.9800E+06 6.8640E-05 3.9804E+06 6.8626E-05
 3.9829E+06 6.8548E-05 3.9850E+06 6.8479E-05 3.9877E+06 6.8393E-05
 3.9900E+06 6.8321E-05 3.9900E+06 6.8320E-05 3.9925E+06 6.8241E-05
 3.9950E+06 6.8160E-05 3.9952E+06 6.8155E-05 3.9976E+06 6.8077E-05
 4.0000E+06 6.8000E-05 4.0016E+06 6.7966E-05 4.0046E+06 6.7899E-05
 4.0074E+06 6.7837E-05 4.0101E+06 6.7778E-05 4.0126E+06 6.7723E-05
 4.0149E+06 6.7672E-05 4.0171E+06 6.7624E-05 4.0200E+06 6.7560E-05
 4.0201E+06 6.7557E-05 4.0229E+06 6.7496E-05 4.0254E+06 6.7441E-05
 4.0277E+06 6.7391E-05 4.0300E+06 6.7340E-05 4.0305E+06 6.7330E-05
 4.0329E+06 6.7276E-05 4.0350E+06 6.7229E-05 4.0378E+06 6.7169E-05
 4.0406E+06 6.7106E-05 4.0430E+06 6.7054E-05 4.0455E+06 6.6999E-05
 4.0485E+06 6.6933E-05 4.0531E+06 6.6831E-05 4.0560E+06 6.6767E-05
 4.0588E+06 6.6706E-05 4.0614E+06 6.6650E-05 4.0638E+06 6.6597E-05
 4.0650E+06 6.6570E-05 4.0671E+06 6.6524E-05 4.0702E+06 6.6456E-05
 4.0729E+06 6.6396E-05 4.0750E+06 6.6350E-05 4.0754E+06 6.6341E-05
 4.0785E+06 6.6273E-05 4.0812E+06 6.6214E-05 4.0835E+06 6.6162E-05
 4.0866E+06 6.6096E-05 4.0897E+06 6.6027E-05 4.0900E+06 6.6020E-05
 4.0923E+06 6.5970E-05 4.0950E+06 6.5909E-05 4.0967E+06 6.5873E-05
 4.1000E+06 6.5800E-05 4.1031E+06 6.5731E-05 4.1040E+06 6.5712E-05
 4.1060E+06 6.5667E-05 4.1088E+06 6.5606E-05 4.1100E+06 6.5580E-05
 4.1126E+06 6.5523E-05 4.1160E+06 6.5447E-05 4.1192E+06 6.5378E-05
 4.1200E+06 6.5360E-05 4.1220E+06 6.5315E-05 4.1250E+06 6.5250E-05
 4.1255E+06 6.5239E-05 4.1286E+06 6.5171E-05 4.1300E+06 6.5140E-05
 4.1313E+06 6.5112E-05 4.1346E+06 6.5038E-05 4.1374E+06 6.4976E-05
 4.1400E+06 6.4920E-05 4.1406E+06 6.4907E-05 4.1439E+06 6.4833E-05
 4.1450E+06 6.4810E-05 4.1470E+06 6.4767E-05 4.1500E+06 6.4700E-05
 4.1531E+06 6.4631E-05 4.1550E+06 6.4590E-05 4.1574E+06 6.4537E-05
 4.1614E+06 6.4450E-05 4.1649E+06 6.4372E-05 4.1682E+06 6.4300E-05
 4.1700E+06 6.4260E-05 4.1722E+06 6.4213E-05 4.1750E+06 6.4150E-05
 4.1756E+06 6.4136E-05 4.1787E+06 6.4069E-05 4.1825E+06 6.3985E-05
 4.1850E+06 6.3930E-05 4.1857E+06 6.3914E-05 4.1893E+06 6.3836E-05
 4.1931E+06 6.3752E-05 4.1966E+06 6.3676E-05 4.2000E+06 6.3600E-05
 4.2031E+06 6.3531E-05 4.2070E+06 6.3446E-05 4.2074E+06 6.3437E-05
 4.2114E+06 6.3350E-05 4.2149E+06 6.3272E-05 4.2150E+06 6.3270E-05
 4.2182E+06 6.3200E-05 4.2222E+06 6.3113E-05 4.2256E+06 6.3036E-05
 4.2287E+06 6.2969E-05 4.2326E+06 6.2883E-05 4.2367E+06 6.2793E-05
 4.2400E+06 6.2720E-05 4.2436E+06 6.2641E-05 4.2450E+06 6.2610E-05
 4.2479E+06 6.2547E-05 4.2500E+06 6.2500E-05 4.2546E+06 6.2399E-05
 4.2588E+06 6.2306E-05 4.2600E+06 6.2280E-05 4.2626E+06 6.2223E-05
 4.2660E+06 6.2147E-05 4.2703E+06 6.2054E-05 4.2740E+06 6.1972E-05
 4.2750E+06 6.1950E-05 4.2788E+06 6.1867E-05 4.2814E+06 6.1809E-05
 4.2861E+06 6.1706E-05 4.2900E+06 6.1620E-05 4.2909E+06 6.1601E-05
 4.2941E+06 6.1529E-05 4.2950E+06 6.1510E-05 4.2980E+06 6.1443E-05
 4.3000E+06 6.1400E-05 4.3046E+06 6.1299E-05 4.3088E+06 6.1206E-05
 4.3138E+06 6.1097E-05 4.3183E+06 6.0997E-05 4.3200E+06 6.0960E-05
 4.3223E+06 6.0910E-05 4.3274E+06 6.0798E-05 4.3300E+06 6.0740E-05
 4.3302E+06 6.0736E-05 4.3351E+06 6.0627E-05 4.3402E+06 6.0514E-05
 4.3437E+06 6.0438E-05 4.3450E+06 6.0410E-05 4.3479E+06 6.0346E-05
 4.3500E+06 6.0300E-05 4.3546E+06 6.0199E-05 4.3588E+06 6.0106E-05
 4.3640E+06 5.9993E-05 4.3685E+06 5.9894E-05 4.3741E+06 5.9769E-05
 4.3750E+06 5.9750E-05 4.3789E+06 5.9665E-05 4.3800E+06 5.9640E-05
 4.3842E+06 5.9549E-05 4.3896E+06 5.9429E-05 4.3900E+06 5.9420E-05
 4.3933E+06 5.9347E-05 4.3978E+06 5.9249E-05 4.4000E+06 5.9200E-05
 4.4046E+06 5.9099E-05 4.4088E+06 5.9006E-05 4.4140E+06 5.8893E-05
 4.4184E+06 5.8794E-05 4.4200E+06 5.8760E-05 4.4242E+06 5.8667E-05
 4.4275E+06 5.8596E-05 4.4300E+06 5.8540E-05 4.4331E+06 5.8472E-05
 4.4389E+06 5.8344E-05 4.4400E+06 5.8320E-05 4.4429E+06 5.8257E-05
 4.4476E+06 5.8152E-05 4.4500E+06 5.8100E-05 4.4560E+06 5.7967E-05
 4.4616E+06 5.7846E-05 4.4650E+06 5.7770E-05 4.4664E+06 5.7740E-05
 4.4700E+06 5.7660E-05 4.4725E+06 5.7605E-05 4.4750E+06 5.7550E-05
 4.4760E+06 5.7529E-05 4.4820E+06 5.7397E-05 4.4882E+06 5.7260E-05
 4.4924E+06 5.7167E-05 4.4950E+06 5.7110E-05 4.4975E+06 5.7056E-05
 4.5000E+06 5.7000E-05 4.5050E+06 5.6890E-05 4.5062E+06 5.6862E-05
 4.5117E+06 5.6742E-05 4.5165E+06 5.6637E-05 4.5200E+06 5.6560E-05
 4.5225E+06 5.6505E-05 4.5276E+06 5.6394E-05 4.5300E+06 5.6340E-05
 4.5332E+06 5.6270E-05 4.5392E+06 5.6138E-05 4.5446E+06 5.6019E-05
 4.5450E+06 5.6010E-05 4.5500E+06 5.5900E-05 4.5562E+06 5.5763E-05
 4.5600E+06 5.5680E-05 4.5617E+06 5.5642E-05 4.5686E+06 5.5491E-05
 4.5700E+06 5.5460E-05 4.5740E+06 5.5372E-05 4.5744E+06 5.5364E-05
 4.5808E+06 5.5223E-05 4.5874E+06 5.5078E-05 4.5946E+06 5.4919E-05
 4.6000E+06 5.4800E-05 4.6031E+06 5.4731E-05 4.6050E+06 5.4690E-05
 4.6090E+06 5.4602E-05 4.6165E+06 5.4437E-05 4.6200E+06 5.4360E-05
 4.6207E+06 5.4345E-05 4.6280E+06 5.4184E-05 4.6350E+06 5.4030E-05
 4.6356E+06 5.4017E-05 4.6407E+06 5.3904E-05 4.6450E+06 5.3810E-05
 4.6469E+06 5.3768E-05 4.6500E+06 5.3700E-05 4.6562E+06 5.3563E-05
 4.6600E+06 5.3480E-05 4.6641E+06 5.3390E-05 4.6707E+06 5.3245E-05
 4.6770E+06 5.3106E-05 4.6780E+06 5.3084E-05 4.6800E+06 5.3040E-05
 4.6856E+06 5.2917E-05 4.6907E+06 5.2804E-05 4.6969E+06 5.2668E-05
 4.7000E+06 5.2600E-05 4.7062E+06 5.2463E-05 4.7141E+06 5.2290E-05
 4.7207E+06 5.2145E-05 4.7280E+06 5.1984E-05 4.7300E+06 5.1940E-05
 4.7335E+06 5.1863E-05 4.7400E+06 5.1720E-05 4.7418E+06 5.1681E-05
 4.7500E+06 5.1500E-05 4.7510E+06 5.1478E-05 4.7512E+06 5.1473E-05
 4.7590E+06 5.1302E-05 4.7600E+06 5.1280E-05 4.7665E+06 5.1137E-05
 4.7700E+06 5.1060E-05 4.7749E+06 5.0953E-05 4.7800E+06 5.0840E-05
 4.7835E+06 5.0763E-05 4.7894E+06 5.0633E-05 4.7900E+06 5.0620E-05
 4.7965E+06 5.0478E-05 4.8000E+06 5.0400E-05 4.8062E+06 5.0263E-05
 4.8141E+06 5.0090E-05 4.8200E+06 4.9960E-05 4.8207E+06 4.9945E-05
 4.8280E+06 4.9784E-05 4.8300E+06 4.9740E-05 4.8359E+06 4.9611E-05
 4.8400E+06 4.9520E-05 4.8429E+06 4.9456E-05 4.8500E+06 4.9300E-05
 4.8562E+06 4.9163E-05 4.8617E+06 4.9042E-05 4.8700E+06 4.8860E-05
 4.8713E+06 4.8832E-05 4.8800E+06 4.8640E-05 4.8812E+06 4.8614E-05
 4.8879E+06 4.8466E-05 4.8960E+06 4.8289E-05 4.9000E+06 4.8200E-05
 4.9090E+06 4.8002E-05 4.9100E+06 4.7980E-05 4.9165E+06 4.7837E-05
 4.9249E+06 4.7653E-05 4.9338E+06 4.7455E-05 4.9400E+06 4.7320E-05
 4.9419E+06 4.7278E-05 4.9500E+06 4.7100E-05 4.9562E+06 4.6963E-05
 4.9600E+06 4.6880E-05 4.9665E+06 4.6737E-05 4.9700E+06 4.6660E-05
 4.9749E+06 4.6553E-05 4.9800E+06 4.6440E-05 4.9838E+06 4.6355E-05
 4.9900E+06 4.6220E-05 4.9910E+06 4.6198E-05 4.9919E+06 4.6178E-05
 5.0000E+06 4.6000E-05 5.0092E+06 4.6463E-05 5.0100E+06 4.6504E-05
 5.0176E+06 4.6887E-05 5.0279E+06 4.7406E-05 5.0300E+06 4.7512E-05
 5.0369E+06 4.7860E-05 5.0485E+06 4.8443E-05 5.0500E+06 4.8520E-05
 5.0549E+06 4.8768E-05 5.0662E+06 4.9336E-05 5.0700E+06 4.9528E-05
 5.0778E+06 4.9922E-05 5.0857E+06 5.0321E-05 5.0900E+06 5.0536E-05
 5.0952E+06 5.0800E-05 5.1000E+06 5.1040E-05 5.1121E+06 5.1650E-05
 5.1231E+06 5.2204E-05 5.1300E+06 5.2552E-05 5.1327E+06 5.2689E-05
 5.1450E+06 5.3310E-05 5.1500E+06 5.3560E-05 5.1519E+06 5.3656E-05
 5.1639E+06 5.4262E-05 5.1763E+06 5.4887E-05 5.1800E+06 5.5072E-05
 5.1848E+06 5.5313E-05 5.1949E+06 5.5824E-05 5.2000E+06 5.6080E-05
 5.2100E+06 5.6584E-05 5.2125E+06 5.6710E-05 5.2200E+06 5.7088E-05
 5.2234E+06 5.7261E-05 5.2300E+06 5.7592E-05 5.2372E+06 5.7954E-05
 5.2400E+06 5.8096E-05 5.2487E+06 5.8535E-05 5.2600E+06 5.9104E-05
 5.2615E+06 5.9181E-05 5.2700E+06 5.9608E-05 5.2748E+06 5.9847E-05
 5.2838E+06 6.0302E-05 5.2900E+06 6.0616E-05 5.2946E+06 6.0847E-05
 5.3000E+06 6.1120E-05 5.3125E+06 6.1750E-05 5.3200E+06 6.2128E-05
 5.3234E+06 6.2301E-05 5.3300E+06 6.2632E-05 5.3372E+06 6.2994E-05
 5.3487E+06 6.3575E-05 5.3500E+06 6.3640E-05 5.3615E+06 6.4221E-05
 5.3700E+06 6.4648E-05 5.3753E+06 6.4914E-05 5.3876E+06 6.5537E-05
 5.3900E+06 6.5656E-05 5.4000E+06 6.6160E-05 5.4125E+06 6.6790E-05
 5.4200E+06 6.7168E-05 5.4282E+06 6.7582E-05 5.4300E+06 6.7672E-05
 5.4400E+06 6.8176E-05 5.4414E+06 6.8246E-05 5.4460E+06 6.8478E-05
 5.4463E+06 6.8492E-05 5.4560E+06 6.8984E-05 5.4700E+06 6.9688E-05
 5.4712E+06 6.9746E-05 5.4876E+06 7.0577E-05 5.4900E+06 7.0696E-05
 5.5000E+06 7.1200E-05 5.5100E+06 7.1704E-05 5.5180E+06 7.2106E-05
 5.5330E+06 7.2864E-05 5.5498E+06 7.3707E-05 5.5500E+06 7.3720E-05
 5.5600E+06 7.4224E-05 5.5670E+06 7.4578E-05 5.5700E+06 7.4728E-05
 5.5788E+06 7.5172E-05 5.5800E+06 7.5232E-05 5.5929E+06 7.5884E-05
 5.6000E+06 7.6240E-05 5.6100E+06 7.6744E-05 5.6180E+06 7.7146E-05
 5.6330E+06 7.7904E-05 5.6498E+06 7.8747E-05 5.6600E+06 7.9264E-05
 5.6670E+06 7.9618E-05 5.6859E+06 8.0568E-05 5.6900E+06 8.0776E-05
 5.7000E+06 8.1280E-05 5.7180E+06 8.2186E-05 5.7330E+06 8.2944E-05
 5.7400E+06 8.3296E-05 5.7498E+06 8.3787E-05 5.7600E+06 8.4304E-05
 5.7677E+06 8.4692E-05 5.7800E+06 8.5312E-05 5.7838E+06 8.5506E-05
 5.8000E+06 8.6320E-05 5.8100E+06 8.6824E-05 5.8180E+06 8.7226E-05
 5.8300E+06 8.7832E-05 5.8330E+06 8.7984E-05 5.8400E+06 8.8336E-05
 5.8498E+06 8.8827E-05 5.8500E+06 8.8840E-05 5.8600E+06 8.9344E-05
 5.8677E+06 8.9732E-05 5.8892E+06 9.0817E-05 5.8900E+06 9.0856E-05
 5.9000E+06 9.1360E-05 5.9125E+06 9.1990E-05 5.9200E+06 9.2368E-05
 5.9344E+06 9.3092E-05 5.9500E+06 9.3880E-05 5.9569E+06 9.4229E-05
 5.9650E+06 9.4636E-05 5.9700E+06 9.4888E-05 5.9723E+06 9.5004E-05
 5.9908E+06 9.5935E-05 6.0000E+06 9.6400E-05 6.0300E+06 9.7912E-05
 6.0500E+06 9.8920E-05 6.0600E+06 9.9424E-05 6.1000E+06 1.0144E-04
 6.1100E+06 1.0194E-04 6.1300E+06 1.0295E-04 6.1400E+06 1.0346E-04
 6.1500E+06 1.0396E-04 6.1700E+06 1.0497E-04 6.1800E+06 1.0547E-04
 6.2000E+06 1.0648E-04 6.2300E+06 1.0799E-04 6.2600E+06 1.0950E-04
 6.2720E+06 1.1011E-04 6.2720E+06 1.1011E-04 6.2900E+06 1.1102E-04
 6.3000E+06 1.1152E-04 6.3700E+06 1.1505E-04 6.4000E+06 1.1656E-04
 6.4200E+06 1.1757E-04 6.4500E+06 1.1908E-04 6.4700E+06 1.2009E-04
 6.4800E+06 1.2059E-04 6.4840E+06 1.2079E-04 6.5000E+06 1.2160E-04
 6.5200E+06 1.2261E-04 6.5400E+06 1.2362E-04 6.5700E+06 1.2513E-04
 6.6000E+06 1.2664E-04 6.6100E+06 1.2714E-04 6.6500E+06 1.2916E-04
 6.6600E+06 1.2966E-04 6.6800E+06 1.3067E-04 6.7000E+06 1.3168E-04
 6.7200E+06 1.3269E-04 6.7900E+06 1.3622E-04 6.8000E+06 1.3672E-04
 6.8300E+06 1.3823E-04 6.8500E+06 1.3924E-04 6.8900E+06 1.4126E-04
 6.9000E+06 1.4176E-04 6.9100E+06 1.4226E-04 6.9400E+06 1.4378E-04
 6.9600E+06 1.4478E-04 6.9900E+06 1.4630E-04 7.0000E+06 1.4680E-04
 7.0020E+06 1.4690E-04 7.0023E+06 1.4692E-04 7.0300E+06 1.4831E-04
 7.0400E+06 1.4882E-04 7.0700E+06 1.5033E-04 7.0900E+06 1.5134E-04
 7.1000E+06 1.5184E-04 7.1400E+06 1.5386E-04 7.2000E+06 1.5688E-04
 7.2600E+06 1.5990E-04 7.3000E+06 1.6192E-04 7.3200E+06 1.6293E-04
 7.3900E+06 1.6646E-04 7.4000E+06 1.6696E-04 7.4600E+06 1.6998E-04
 7.5000E+06 1.7200E-04 7.5210E+06 1.7306E-04 7.5210E+06 1.7306E-04
 7.6000E+06 1.7704E-04 7.6600E+06 1.8006E-04 7.7000E+06 1.8208E-04
 7.7600E+06 1.8510E-04 7.8000E+06 1.8712E-04 7.8600E+06 1.9014E-04
 7.8800E+06 1.9115E-04 7.9000E+06 1.9216E-04 7.9200E+06 1.9317E-04
 7.9400E+06 1.9418E-04 7.9800E+06 1.9619E-04 8.0000E+06 1.9720E-04
 8.0400E+06 1.9922E-04 8.0800E+06 2.0123E-04 8.1200E+06 2.0325E-04
 8.1800E+06 2.0627E-04 8.2000E+06 2.0728E-04 8.3000E+06 2.1232E-04
 8.4000E+06 2.1736E-04 8.5000E+06 2.2240E-04 8.5580E+06 2.2532E-04
 8.5584E+06 2.2534E-04 8.6000E+06 2.2744E-04 8.7000E+06 2.3248E-04
 8.7500E+06 2.3500E-04 8.8000E+06 2.3752E-04 8.9500E+06 2.4508E-04
 9.0000E+06 2.4760E-04 9.0770E+06 2.5148E-04 9.0771E+06 2.5149E-04
 9.2000E+06 2.5768E-04 9.4000E+06 2.6776E-04 9.5000E+06 2.7280E-04
 9.5960E+06 2.7764E-04 9.6000E+06 2.7784E-04 9.7000E+06 2.8288E-04
 9.7500E+06 2.8540E-04 9.8000E+06 2.8792E-04 1.0000E+07 2.9800E-04
 1.0114E+07 3.0375E-04 1.0114E+07 3.0377E-04 1.0200E+07 3.0808E-04
 1.0250E+07 3.1060E-04 1.0350E+07 3.1564E-04 1.0400E+07 3.1816E-04
 1.0457E+07 3.2103E-04 1.0500E+07 3.2320E-04 1.0550E+07 3.2572E-04
 1.0600E+07 3.2824E-04 1.0633E+07 3.2990E-04 1.0633E+07 3.2991E-04
 1.0800E+07 3.3832E-04 1.0900E+07 3.4336E-04 1.1000E+07 3.4840E-04
 1.1152E+07 3.5606E-04 1.1200E+07 3.5848E-04 1.1250E+07 3.6100E-04
 1.1291E+07 3.6307E-04 1.1350E+07 3.6604E-04 1.1400E+07 3.6856E-04
 1.1500E+07 3.7360E-04 1.1600E+07 3.7864E-04 1.1628E+07 3.8005E-04
 1.1671E+07 3.8222E-04 1.1800E+07 3.8872E-04 1.2000E+07 3.9880E-04
 1.2189E+07 4.0833E-04 1.2189E+07 4.0834E-04 1.2200E+07 4.0888E-04
 1.2400E+07 4.1896E-04 1.2500E+07 4.2400E-04 1.2600E+07 4.2904E-04
 1.2669E+07 4.3252E-04 1.2708E+07 4.3448E-04 1.2750E+07 4.3660E-04
 1.2800E+07 4.3912E-04 1.3000E+07 4.4920E-04 1.3054E+07 4.5192E-04
 1.3073E+07 4.5288E-04 1.3093E+07 4.5389E-04 1.3200E+07 4.5928E-04
 1.3227E+07 4.6064E-04 1.3250E+07 4.6180E-04 1.3400E+07 4.6936E-04
 1.3500E+07 4.7440E-04 1.3545E+07 4.7667E-04 1.3545E+07 4.7667E-04
 1.3600E+07 4.7944E-04 1.3745E+07 4.8675E-04 1.3745E+07 4.8676E-04
 1.3750E+07 4.8700E-04 1.3800E+07 4.8952E-04 1.4000E+07 4.9960E-04
 1.4200E+07 5.0968E-04 1.4250E+07 5.1220E-04 1.4264E+07 5.1291E-04
 1.4264E+07 5.1291E-04 1.4400E+07 5.1976E-04 1.4500E+07 5.2480E-04
 1.4600E+07 5.2984E-04 1.4750E+07 5.3740E-04 1.4783E+07 5.3906E-04
 1.4800E+07 5.3992E-04 1.5000E+07 5.5000E-04 1.5200E+07 5.6800E-04
 1.5250E+07 5.7250E-04 1.5301E+07 5.7709E-04 1.5301E+07 5.7713E-04
 1.5400E+07 5.8600E-04 1.5500E+07 5.9500E-04 1.5600E+07 6.0400E-04
 1.5750E+07 6.1750E-04 1.5800E+07 6.2200E-04 1.5820E+07 6.2380E-04
 1.5820E+07 6.2381E-04 1.6000E+07 6.4000E-04 1.6200E+07 6.5800E-04
 1.6250E+07 6.6250E-04 1.6339E+07 6.7051E-04 1.6400E+07 6.7600E-04
 1.6500E+07 6.8500E-04 1.6800E+07 7.1200E-04 1.6857E+07 7.1713E-04
 1.6857E+07 7.1717E-04 1.7000E+07 7.3000E-04 1.7200E+07 7.4800E-04
 1.7376E+07 7.6384E-04 1.7376E+07 7.6386E-04 1.7400E+07 7.6600E-04
 1.7500E+07 7.7500E-04 1.7600E+07 7.8400E-04 1.7800E+07 8.0200E-04
 1.8000E+07 8.2000E-04 1.8025E+07 8.2225E-04 1.8200E+07 8.3800E-04
 1.8400E+07 8.5600E-04 1.8500E+07 8.6500E-04 1.8600E+07 8.7400E-04
 1.8803E+07 8.9227E-04 1.9000E+07 9.1000E-04 1.9200E+07 9.2800E-04
 1.9400E+07 9.4600E-04 1.9500E+07 9.5500E-04 1.9581E+07 9.6229E-04
 1.9600E+07 9.6400E-04 2.0000E+07 1.0000E-03
