 1.0000E-05 2.5158E+01 1.0749E-05 2.4266E+01 1.1544E-05 2.3415E+01
 1.2295E-05 2.2689E+01 1.3087E-05 2.1991E+01 1.3809E-05 2.1409E+01
 1.4563E-05 2.0847E+01 1.5351E-05 2.0305E+01 1.6174E-05 1.9781E+01
 1.7662E-05 1.8930E+01 1.9261E-05 1.8127E+01 2.0757E-05 1.7461E+01
 2.2349E-05 1.6828E+01 2.3851E-05 1.6290E+01 2.5436E-05 1.5774E+01
 2.6943E-05 1.5327E+01 2.8523E-05 1.4896E+01 3.1484E-05 1.4178E+01
 3.4697E-05 1.3506E+01 3.7679E-05 1.2961E+01 4.0872E-05 1.2444E+01
 4.3868E-05 1.2012E+01 4.7046E-05 1.1599E+01 5.0054E-05 1.1245E+01
 5.3220E-05 1.0906E+01 5.6237E-05 1.0609E+01 5.9395E-05 1.0323E+01
 6.5326E-05 9.8437E+00 7.1743E-05 9.3933E+00 7.7713E-05 9.0255E+00
 8.4092E-05 8.6766E+00 9.0090E-05 8.3829E+00 9.6440E-05 8.1022E+00
 1.0246E-04 7.8607E+00 1.0879E-04 7.6286E+00 1.2061E-04 7.2452E+00
 1.3349E-04 6.8869E+00 1.4540E-04 6.5988E+00 1.5818E-04 6.3264E+00
 1.7016E-04 6.0997E+00 1.8288E-04 5.8837E+00 1.9490E-04 5.6993E+00
 2.0758E-04 5.5225E+00 2.1911E-04 5.3751E+00 2.3118E-04 5.2329E+00
 2.4379E-04 5.0957E+00 2.5697E-04 4.9632E+00 2.8077E-04 4.7480E+00
 3.0637E-04 4.5451E+00 3.3030E-04 4.3773E+00 3.5576E-04 4.2176E+00
 3.7979E-04 4.0819E+00 4.0516E-04 3.9519E+00 4.2819E-04 3.8441E+00
 4.5231E-04 3.7401E+00 4.7755E-04 3.6399E+00 5.0395E-04 3.5432E+00
 5.5150E-04 3.3870E+00 6.0273E-04 3.2398E+00 6.5057E-04 3.1184E+00
 7.0152E-04 3.0031E+00 7.4956E-04 2.9053E+00 8.0031E-04 2.8117E+00
 8.4635E-04 2.7342E+00 8.9456E-04 2.6595E+00 9.4505E-04 2.5875E+00
 9.9789E-04 2.5182E+00 1.0930E-03 2.4062E+00 1.1955E-03 2.3009E+00
 1.2911E-03 2.2141E+00 1.3930E-03 2.1316E+00 1.4891E-03 2.0618E+00
 1.5906E-03 1.9949E+00 1.6827E-03 1.9397E+00 1.7791E-03 1.8864E+00
 1.8801E-03 1.8350E+00 1.9858E-03 1.7855E+00 2.1759E-03 1.7058E+00
 2.3809E-03 1.6306E+00 2.5722E-03 1.5688E+00 2.7761E-03 1.5101E+00
 2.9682E-03 1.4603E+00 3.1713E-03 1.4128E+00 3.3553E-03 1.3734E+00
 3.5481E-03 1.3355E+00 3.7501E-03 1.2990E+00 3.9616E-03 1.2638E+00
 4.3418E-03 1.2072E+00 4.7519E-03 1.1539E+00 5.1344E-03 1.1101E+00
 5.5422E-03 1.0685E+00 5.9264E-03 1.0333E+00 6.3325E-03 9.9962E-01
 6.7005E-03 9.7181E-01 7.0862E-03 9.4504E-01 7.4901E-03 9.1923E-01
 7.9131E-03 8.9436E-01 8.6735E-03 8.5431E-01 9.4938E-03 8.1661E-01
 1.0259E-02 7.8558E-01 1.1074E-02 7.5610E-01 1.1843E-02 7.3115E-01
 1.2655E-02 7.0727E-01 1.3391E-02 6.8754E-01 1.4162E-02 6.6853E-01
 1.4970E-02 6.5021E-01 1.5816E-02 6.3256E-01 1.7337E-02 6.0414E-01
 1.8978E-02 5.7741E-01 2.0507E-02 5.5543E-01 2.2139E-02 5.3456E-01
 2.3675E-02 5.1690E-01 2.5300E-02 5.0002E-01 2.7509E-02 4.7950E-01
 2.9878E-02 4.6008E-01 3.2098E-02 4.4386E-01 3.4455E-02 4.2838E-01
 3.6684E-02 4.1514E-01 3.9032E-02 4.0243E-01 4.1268E-02 3.9135E-01
 4.3610E-02 3.8068E-01 4.8006E-02 3.6279E-01 5.2765E-02 3.4600E-01
 5.7190E-02 3.3231E-01 6.1920E-02 3.1933E-01 6.6366E-02 3.0842E-01
 7.1075E-02 2.9800E-01 7.5537E-02 2.8905E-01 8.0230E-02 2.8044E-01
 8.4517E-02 2.7322E-01 8.8993E-02 2.6625E-01 9.8540E-02 2.5299E-01
 1.0737E-01 2.4234E-01 1.1685E-01 2.3227E-01 1.2573E-01 2.2389E-01
 1.3516E-01 2.1592E-01 1.4407E-01 2.0911E-01 1.5347E-01 2.0260E-01
 1.6241E-01 1.9693E-01 1.7178E-01 1.9148E-01 1.8935E-01 1.8236E-01
 2.0840E-01 1.7380E-01 2.2609E-01 1.6684E-01 2.4502E-01 1.6024E-01
 2.6280E-01 1.5471E-01 2.8164E-01 1.4942E-01 2.9948E-01 1.4489E-01
 3.1826E-01 1.4055E-01 3.3540E-01 1.3690E-01 3.5330E-01 1.3339E-01
 3.9150E-01 1.2670E-01 4.2681E-01 1.2133E-01 4.6474E-01 1.1626E-01
 5.0024E-01 1.1204E-01 5.3798E-01 1.0802E-01 5.7363E-01 1.0460E-01
 6.1122E-01 1.0132E-01 6.4541E-01 9.8592E-02 6.8118E-01 9.5963E-02
 7.1859E-01 9.3429E-02 7.5770E-01 9.0986E-02 8.2824E-01 8.7023E-02
 9.0418E-01 8.3275E-02 9.7513E-01 8.0171E-02 1.0507E+00 7.7225E-02
 1.1219E+00 7.4727E-02 1.1971E+00 7.2333E-02 1.2654E+00 7.0348E-02
 1.3369E+00 6.8436E-02 1.4118E+00 6.6595E-02 1.4901E+00 6.4824E-02
 1.6311E+00 6.1959E-02 1.7831E+00 5.9250E-02 1.9249E+00 5.7016E-02
 2.0760E+00 5.4893E-02 2.2185E+00 5.3095E-02 2.3690E+00 5.1374E-02
 2.5055E+00 4.9950E-02 2.6484E+00 4.8579E-02 2.7982E+00 4.7259E-02
 2.9549E+00 4.5991E-02 3.2368E+00 4.3944E-02 3.5408E+00 4.2008E-02
 3.8244E+00 4.0413E-02 4.1267E+00 3.8899E-02 4.4116E+00 3.7617E-02
 4.7127E+00 3.6391E-02 4.9855E+00 3.5377E-02 5.2715E+00 3.4402E-02
 5.5710E+00 3.3462E-02 5.8845E+00 3.2560E-02 6.4482E+00 3.1105E-02
 7.0563E+00 2.9729E-02 7.6235E+00 2.8597E-02 8.2282E+00 2.7522E-02
 8.7978E+00 2.6613E-02 9.4000E+00 2.5743E-02 9.9136E+00 2.5065E-02
 1.0450E+01 2.4411E-02 1.1011E+01 2.3779E-02 1.1597E+01 2.3172E-02
 1.2656E+01 2.2181E-02 1.3794E+01 2.1243E-02 1.4858E+01 2.0465E-02
 1.5991E+01 1.9724E-02 1.7060E+01 1.9094E-02 1.8188E+01 1.8491E-02
 1.9213E+01 1.7989E-02 2.0285E+01 1.7505E-02 2.1408E+01 1.7039E-02
 2.2581E+01 1.6590E-02 2.4697E+01 1.5863E-02 2.6975E+01 1.5176E-02
 2.9103E+01 1.4609E-02 3.1369E+01 1.4070E-02 3.3506E+01 1.3612E-02
 3.5763E+01 1.3174E-02 3.7810E+01 1.2811E-02 3.9955E+01 1.2462E-02
 4.2200E+01 1.2125E-02 4.4550E+01 1.1800E-02 4.8779E+01 1.1276E-02
 5.3337E+01 1.0782E-02 5.7592E+01 1.0375E-02 6.2125E+01 9.9881E-03
 6.6398E+01 9.6604E-03 7.0912E+01 9.3469E-03 7.5199E+01 9.0757E-03
 7.9700E+01 8.8155E-03 8.8123E+01 8.3828E-03 9.7275E+01 7.9775E-03
 1.0576E+02 7.6498E-03 1.1485E+02 7.3398E-03 1.2338E+02 7.0809E-03
 1.3243E+02 6.8340E-03 1.4098E+02 6.6227E-03 1.5000E+02 6.4201E-03
 1.6210E+02 6.1753E-03 1.7500E+02 5.9426E-03 1.8715E+02 5.7459E-03
 2.0000E+02 5.5577E-03 2.1164E+02 5.4023E-03 2.2384E+02 5.2526E-03
 2.3662E+02 5.1084E-03 2.5000E+02 4.9695E-03 2.7405E+02 4.7460E-03
 3.0000E+02 4.5355E-03 3.2420E+02 4.3624E-03 3.5000E+02 4.1981E-03
 3.7430E+02 4.0591E-03 4.0000E+02 3.9262E-03 4.2439E+02 3.8114E-03
 4.5000E+02 3.7011E-03 4.9791E+02 3.5181E-03 5.5000E+02 3.3469E-03
 5.9826E+02 3.2087E-03 6.5000E+02 3.0780E-03 6.9851E+02 2.9689E-03
 7.5000E+02 2.8649E-03 7.9870E+02 2.7759E-03 8.5000E+02 2.6906E-03
 8.9884E+02 2.6163E-03 9.5000E+02 2.5447E-03 1.0000E+03 2.4800E-03
 1.0875E+03 2.3780E-03 1.1545E+03 2.3077E-03 1.2250E+03 2.2402E-03
 1.3567E+03 2.1284E-03 1.5000E+03 2.0239E-03 1.6210E+03 1.9467E-03
 1.7500E+03 1.8734E-03 1.8715E+03 1.8114E-03 2.0000E+03 1.7521E-03
 2.1164E+03 1.7031E-03 2.2384E+03 1.6559E-03 2.3662E+03 1.6104E-03
 2.5000E+03 1.5666E-03 2.7405E+03 1.4961E-03 3.0000E+03 1.4298E-03
 3.2420E+03 1.3752E-03 3.5000E+03 1.3234E-03 3.7430E+03 1.2796E-03
 4.0000E+03 1.2377E-03 4.2439E+03 1.2016E-03 4.5000E+03 1.1668E-03
 4.9791E+03 1.1091E-03 5.5000E+03 1.0551E-03 5.9826E+03 1.0115E-03
 6.5000E+03 9.7034E-04 6.9851E+03 9.3595E-04 7.5000E+03 9.0317E-04
 7.9870E+03 8.7513E-04 8.5000E+03 8.4823E-04 8.9884E+03 8.2480E-04
 9.5000E+03 8.0223E-04 1.0168E+04 7.7536E-04 1.0875E+04 7.4967E-04
 1.1545E+04 7.2752E-04 1.2250E+04 7.0623E-04 1.3567E+04 6.7099E-04
 1.5000E+04 6.3805E-04 1.6210E+04 6.1371E-04 1.7500E+04 5.9060E-04
 1.8715E+04 5.7105E-04 2.0000E+04 5.5235E-04 2.1924E+04 5.2750E-04
 2.4000E+04 5.0411E-04 2.5397E+04 4.9001E-04 2.6861E+04 4.7643E-04
 2.8394E+04 4.6336E-04 3.0000E+04 4.5075E-04 3.1746E+04 4.3815E-04
 3.3576E+04 4.2601E-04 3.5493E+04 4.1432E-04 3.7500E+04 4.0305E-04
 4.1108E+04 3.8491E-04 4.5000E+04 3.6784E-04 4.9791E+04 3.4965E-04
 5.1000E+04 3.4547E-04 5.5000E+04 3.3263E-04 5.9826E+04 3.1890E-04
 6.5000E+04 3.0591E-04 6.9851E+04 2.9507E-04 7.5000E+04 2.8473E-04
 7.9870E+04 2.7589E-04 8.5000E+04 2.6742E-04 8.9884E+04 2.6003E-04
 9.5000E+04 2.5291E-04 1.0000E+05 2.4649E-04 1.0962E+05 2.3540E-04
 1.2698E+05 2.1867E-04 1.3430E+05 2.1261E-04 1.5000E+05 2.0115E-04
 1.5974E+05 1.9491E-04 1.8000E+05 1.8358E-04 1.9000E+05 1.7867E-04
 2.0000E+05 1.7414E-04 2.1000E+05 1.6993E-04 2.3000E+05 1.6235E-04
 2.4500E+05 1.5729E-04 2.7000E+05 1.4981E-04 2.8000E+05 1.4711E-04
 2.8983E+05 1.4458E-04 3.0000E+05 1.4211E-04 3.0983E+05 1.3983E-04
 3.2000E+05 1.3758E-04 3.4000E+05 1.3346E-04 3.6000E+05 1.2969E-04
 3.8000E+05 1.2622E-04 4.0000E+05 1.2302E-04 4.2000E+05 1.2005E-04
 4.4000E+05 1.1728E-04 4.6000E+05 1.1470E-04 4.8000E+05 1.1227E-04
 5.0000E+05 1.1000E-04 5.2000E+05 1.0560E-04 2.0000E+07 1.7028E-05