 1.0000E-05 2.7673E-01 1.0749E-05 2.6692E-01 1.1544E-05 2.5756E-01
 1.2295E-05 2.4957E-01 1.3087E-05 2.4190E-01 1.3809E-05 2.3549E-01
 1.4563E-05 2.2932E-01 1.5351E-05 2.2335E-01 1.6174E-05 2.1759E-01
 1.7662E-05 2.0823E-01 1.9261E-05 1.9939E-01 2.0757E-05 1.9208E-01
 2.2349E-05 1.8511E-01 2.3851E-05 1.7919E-01 2.5436E-05 1.7352E-01
 2.6943E-05 1.6859E-01 2.8523E-05 1.6386E-01 3.1484E-05 1.5596E-01
 3.4697E-05 1.4857E-01 3.7679E-05 1.4257E-01 4.0872E-05 1.3689E-01
 4.3868E-05 1.3213E-01 4.7046E-05 1.2759E-01 5.0054E-05 1.2370E-01
 5.3220E-05 1.1996E-01 5.6237E-05 1.1670E-01 5.9395E-05 1.1356E-01
 6.5326E-05 1.0828E-01 7.1743E-05 1.0333E-01 7.7713E-05 9.9280E-02
 8.4092E-05 9.5442E-02 9.0090E-05 9.2210E-02 1.0000E-04 8.7523E-02
 1.0879E-04 8.3913E-02 1.2061E-04 7.9695E-02 1.3349E-04 7.5754E-02
 1.4540E-04 7.2584E-02 1.5818E-04 6.9588E-02 1.7016E-04 6.7094E-02
 1.8288E-04 6.4718E-02 1.9490E-04 6.2690E-02 2.0758E-04 6.0745E-02
 2.1911E-04 5.9124E-02 2.3118E-04 5.7559E-02 2.4379E-04 5.6049E-02
 2.5697E-04 5.4592E-02 2.8077E-04 5.2226E-02 3.0637E-04 4.9994E-02
 3.3030E-04 4.8148E-02 3.5576E-04 4.6392E-02 3.7979E-04 4.4899E-02
 4.0516E-04 4.3470E-02 4.2819E-04 4.2284E-02 4.5231E-04 4.1141E-02
 4.7755E-04 4.0038E-02 5.0395E-04 3.8975E-02 5.5150E-04 3.7257E-02
 6.0273E-04 3.5638E-02 6.5057E-04 3.4303E-02 7.0152E-04 3.3034E-02
 7.4956E-04 3.1959E-02 8.0031E-04 3.0929E-02 8.4635E-04 3.0077E-02
 8.9456E-04 2.9256E-02 9.4505E-04 2.8464E-02 1.0000E-03 2.7672E-02
 1.0941E-03 2.6456E-02 1.1955E-03 2.5310E-02 1.2911E-03 2.4356E-02
 1.3930E-03 2.3448E-02 1.4891E-03 2.2680E-02 1.5906E-03 2.1945E-02
 1.6827E-03 2.1336E-02 1.7791E-03 2.0750E-02 1.8801E-03 2.0185E-02
 1.9858E-03 1.9641E-02 2.1759E-03 1.8763E-02 2.3809E-03 1.7936E-02
 2.5722E-03 1.7256E-02 2.7761E-03 1.6610E-02 2.9682E-03 1.6063E-02
 3.1713E-03 1.5540E-02 3.3553E-03 1.5107E-02 3.5481E-03 1.4690E-02
 3.7501E-03 1.4289E-02 3.9616E-03 1.3902E-02 4.3418E-03 1.3279E-02
 4.7519E-03 1.2693E-02 5.1344E-03 1.2211E-02 5.5422E-03 1.1754E-02
 5.9264E-03 1.1367E-02 6.3325E-03 1.0997E-02 6.7005E-03 1.0691E-02
 7.0862E-03 1.0396E-02 7.4901E-03 1.0112E-02 7.9131E-03 9.8388E-03
 8.6735E-03 9.3981E-03 9.4938E-03 8.9831E-03 1.0000E-02 8.7528E-03
 1.1074E-02 8.3172E-03 1.1843E-02 8.0427E-03 1.2655E-02 7.7800E-03
 1.3391E-02 7.5630E-03 1.4162E-02 7.3540E-03 1.4970E-02 7.1526E-03
 1.5816E-02 6.9585E-03 1.7337E-02 6.6462E-03 1.8978E-02 6.3524E-03
 2.0507E-02 6.1109E-03 2.2139E-02 5.8815E-03 2.3675E-02 5.6874E-03
 2.5300E-02 5.5019E-03 2.7646E-02 5.2633E-03 3.0170E-02 5.0384E-03
 3.2530E-02 4.8523E-03 3.5041E-02 4.6752E-03 3.7410E-02 4.5248E-03
 3.9911E-02 4.3807E-03 4.2288E-02 4.2558E-03 4.4782E-02 4.1357E-03
 4.9453E-02 3.9355E-03 5.4523E-02 3.7481E-03 5.9227E-02 3.5961E-03
 6.4264E-02 3.4523E-03 6.8991E-02 3.3319E-03 7.4005E-02 3.2171E-03
 7.8750E-02 3.1186E-03 8.3746E-02 3.0242E-03 9.1573E-02 2.8921E-03
 1.0000E-01 2.7675E-03 1.0323E-01 2.7239E-03 1.1262E-01 2.6079E-03
 1.2271E-01 2.4983E-03 1.3215E-01 2.4073E-03 1.4219E-01 2.3208E-03
 1.5167E-01 2.2471E-03 1.6167E-01 2.1765E-03 1.7118E-01 2.1152E-03
 1.8115E-01 2.0562E-03 1.9985E-01 1.9578E-03 2.2012E-01 1.8655E-03
 2.3894E-01 1.7904E-03 2.5908E-01 1.7193E-03 2.7800E-01 1.6597E-03
 2.9805E-01 1.6029E-03 3.1703E-01 1.5542E-03 3.3701E-01 1.5074E-03
 3.7429E-01 1.4305E-03 4.1494E-01 1.3588E-03 4.5250E-01 1.3011E-03
 4.9286E-01 1.2466E-03 5.3064E-01 1.2014E-03 5.7079E-01 1.1583E-03
 6.0872E-01 1.1216E-03 6.4872E-01 1.0864E-03 6.8509E-01 1.0572E-03
 7.6296E-01 1.0018E-03 8.0457E-01 9.7563E-04 8.7963E-01 9.3316E-04
 9.6043E-01 8.9295E-04 1.0000E+00 8.7505E-04 1.1163E+00 8.2820E-04
 1.2721E+00 7.7581E-04 1.3448E+00 7.5454E-04 1.5005E+00 7.1434E-04
 1.5838E+00 6.9537E-04 1.7339E+00 6.6470E-04 1.8956E+00 6.3568E-04
 2.0465E+00 6.1176E-04 2.3588E+00 5.6976E-04 2.6642E+00 5.3608E-04
 2.8163E+00 5.2139E-04 3.1424E+00 4.9368E-04 3.4424E+00 4.7175E-04
 4.0676E+00 4.3392E-04 4.3892E+00 4.1770E-04 5.0126E+00 3.9083E-04
 5.6072E+00 3.6951E-04 5.9259E+00 3.5944E-04 6.8593E+00 3.3418E-04
 7.5063E+00 3.1943E-04 8.7532E+00 2.9578E-04 1.0582E+01 2.6898E-04
 1.1831E+01 2.5439E-04 1.2500E+01 2.4751E-04 1.5000E+01 2.2595E-04
 1.7500E+01 2.0918E-04 2.1164E+01 1.9019E-04 2.3662E+01 1.7987E-04
 3.0000E+01 1.5976E-04 3.4375E+01 1.4924E-04 4.2940E+01 1.3354E-04
 5.1721E+01 1.2167E-04 6.5000E+01 1.0852E-04 7.3750E+01 1.0188E-04
 9.0900E+01 9.1775E-05 1.0582E+02 8.5051E-05 1.2500E+02 7.8256E-05
 1.5000E+02 7.1439E-05 1.8715E+02 6.3954E-05 2.5000E+02 5.5334E-05
 3.2125E+02 4.8814E-05 3.8750E+02 4.4450E-05 5.6250E+02 3.6899E-05
 7.8023E+02 3.1334E-05 1.1193E+03 2.6250E-05 1.6210E+03 2.2049E-05
 2.2385E+03 1.8940E-05 3.4375E+03 1.5407E-05 4.7500E+03 1.3092E-05
 6.9260E+03 1.0828E-05 1.0000E+04 9.0110E-06 1.0780E+04 1.1990E-05
 1.1527E+04 1.5487E-05 1.2386E+04 2.0382E-05 1.3907E+04 3.1719E-05
 1.5694E+04 5.0319E-05 1.7160E+04 7.0769E-05 1.8967E+04 1.0373E-04
 1.9546E+04 1.1847E-04 1.9582E+04 1.3791E-04 1.9615E+04 1.6178E-04
 1.9649E+04 1.9362E-04 1.9707E+04 2.7597E-04 1.9718E+04 2.9570E-04
 1.9728E+04 3.1984E-04 1.9739E+04 3.5186E-04 1.9749E+04 3.8949E-04
 1.9786E+04 5.6901E-04 1.9820E+04 7.9606E-04 1.9835E+04 9.2943E-04
 1.9850E+04 1.0814E-03 1.9857E+04 1.1745E-03 1.9860E+04 1.2308E-03
 1.9864E+04 1.2974E-03 1.9869E+04 1.4144E-03 1.9874E+04 1.5554E-03
 1.9884E+04 1.8824E-03 1.9902E+04 2.6787E-03 1.9910E+04 3.1372E-03
 1.9914E+04 3.3959E-03 1.9918E+04 3.6997E-03 1.9921E+04 4.0190E-03
 1.9923E+04 4.1948E-03 1.9925E+04 4.3851E-03 1.9927E+04 4.5961E-03
 1.9928E+04 4.8310E-03 1.9930E+04 5.0940E-03 1.9932E+04 5.3869E-03
 1.9935E+04 5.8772E-03 1.9937E+04 6.4337E-03 1.9940E+04 7.0737E-03
 1.9943E+04 7.8144E-03 1.9945E+04 8.5529E-03 1.9947E+04 9.3675E-03
 1.9950E+04 1.0284E-02 1.9952E+04 1.1319E-02 1.9954E+04 1.2348E-02
 1.9956E+04 1.3456E-02 1.9958E+04 1.4673E-02 1.9959E+04 1.5332E-02
 1.9960E+04 1.6026E-02 1.9961E+04 1.6773E-02 1.9962E+04 1.7571E-02
 1.9963E+04 1.8426E-02 1.9964E+04 1.9344E-02 1.9965E+04 2.0329E-02
 1.9966E+04 2.1388E-02 1.9967E+04 2.2523E-02 1.9968E+04 2.3727E-02
 1.9969E+04 2.5624E-02 1.9971E+04 2.7654E-02 1.9972E+04 2.9833E-02
 1.9974E+04 3.2158E-02 1.9975E+04 3.4672E-02 1.9977E+04 3.7368E-02
 1.9978E+04 4.0247E-02 1.9980E+04 4.3280E-02 1.9984E+04 5.3760E-02
 1.9987E+04 5.9069E-02 1.9989E+04 6.4200E-02 1.9990E+04 6.7046E-02
 1.9992E+04 6.9591E-02 1.9993E+04 7.1834E-02 1.9994E+04 7.3710E-02
 1.9996E+04 7.5221E-02 1.9997E+04 7.6326E-02 1.9999E+04 7.7032E-02
 2.0000E+04 7.7327E-02 2.0001E+04 7.7017E-02 2.0003E+04 7.6303E-02
 2.0004E+04 7.5177E-02 2.0006E+04 7.3666E-02 2.0007E+04 7.1766E-02
 2.0008E+04 6.9530E-02 2.0010E+04 6.6959E-02 2.0011E+04 6.4129E-02
 2.0013E+04 5.8972E-02 2.0016E+04 5.3686E-02 2.0020E+04 4.3218E-02
 2.0022E+04 4.0169E-02 2.0023E+04 3.7298E-02 2.0025E+04 3.4610E-02
 2.0026E+04 3.2119E-02 2.0028E+04 2.9785E-02 2.0029E+04 2.7614E-02
 2.0031E+04 2.5591E-02 2.0032E+04 2.3715E-02 2.0033E+04 2.2505E-02
 2.0034E+04 2.1376E-02 2.0035E+04 2.0325E-02 2.0036E+04 1.9346E-02
 2.0037E+04 1.8436E-02 2.0038E+04 1.7588E-02 2.0039E+04 1.6799E-02
 2.0040E+04 1.6068E-02 2.0041E+04 1.5377E-02 2.0042E+04 1.4727E-02
 2.0044E+04 1.3538E-02 2.0046E+04 1.2452E-02 2.0048E+04 1.1452E-02
 2.0049E+04 1.0867E-02 2.0050E+04 1.0331E-02 2.0052E+04 9.8348E-03
 2.0053E+04 9.3758E-03 2.0055E+04 8.5504E-03 2.0058E+04 7.8321E-03
 2.0060E+04 7.1880E-03 2.0063E+04 6.5998E-03 2.0066E+04 6.0471E-03
 2.0068E+04 5.5182E-03 2.0070E+04 5.2041E-03 2.0072E+04 4.9238E-03
 2.0073E+04 4.6714E-03 2.0075E+04 4.4461E-03 2.0077E+04 4.2417E-03
 2.0079E+04 4.0562E-03 2.0082E+04 3.7238E-03 2.0086E+04 3.4106E-03
 2.0090E+04 3.1480E-03 2.0098E+04 2.6881E-03 2.0116E+04 1.8979E-03
 2.0121E+04 1.7152E-03 2.0126E+04 1.5646E-03 2.0131E+04 1.4339E-03
 2.0136E+04 1.3117E-03 2.0140E+04 1.2427E-03 2.0143E+04 1.1846E-03
 2.0150E+04 1.0890E-03 2.0165E+04 9.3551E-04 2.0196E+04 6.8123E-04
 2.0214E+04 5.7374E-04 2.0251E+04 3.9358E-04 2.0261E+04 3.5585E-04
 2.0272E+04 3.2365E-04 2.0282E+04 2.9939E-04 2.0315E+04 2.4388E-04
 2.0339E+04 2.1149E-04 2.0374E+04 1.7322E-04 2.0442E+04 1.2594E-04
 2.0454E+04 1.2066E-04 2.0967E+04 9.5341E-05 2.1648E+04 7.1907E-05
 2.2281E+04 5.5754E-05 2.3136E+04 4.0006E-05 2.3946E+04 2.9526E-05
 2.4485E+04 2.4266E-05 2.5079E+04 1.9637E-05 2.5520E+04 1.6841E-05
 2.6236E+04 1.3191E-05 2.7030E+04 1.0139E-05 2.7610E+04 8.4071E-06
 2.8238E+04 6.8957E-06 2.8920E+04 5.5868E-06 2.9284E+04 5.0092E-06
 3.2546E+04 4.7074E-06 3.9404E+04 4.2171E-06 5.6608E+04 3.4240E-06
 8.9152E+04 2.7597E-06 1.0000E+05 2.6133E-06 1.2000E+05 2.4159E-06
 1.4000E+05 2.2758E-06 1.6000E+05 2.1611E-06 1.8000E+05 2.0646E-06
 1.8957E+05 2.0236E-06 2.0000E+05 2.0068E-06 2.2000E+05 1.9771E-06
 2.3901E+05 1.9518E-06 2.6000E+05 2.0498E-06 2.8000E+05 2.1403E-06
 3.0000E+05 2.2283E-06 3.2000E+05 2.5767E-06 3.4000E+05 3.2644E-06
 3.5009E+05 3.6591E-06 3.6000E+05 4.0811E-06 3.6521E+05 4.5839E-06
 3.8000E+05 6.3234E-06 3.8253E+05 6.8602E-06 3.8500E+05 7.4266E-06
 3.8753E+05 8.0500E-06 3.9000E+05 8.7059E-06 3.9253E+05 9.4268E-06
 3.9500E+05 1.0185E-05 4.0000E+05 1.1895E-05 4.0378E+05 1.4121E-05
 4.0500E+05 1.4920E-05 4.0754E+05 1.6727E-05 4.1000E+05 1.8669E-05
 4.1378E+05 2.2076E-05 4.1500E+05 2.3295E-05 4.1628E+05 2.4644E-05
 4.2000E+05 2.8966E-05 4.2500E+05 2.8457E-05 4.3000E+05 2.7939E-05
 4.3500E+05 2.7436E-05 4.4000E+05 2.6928E-05 4.4371E+05 2.2746E-05
 4.4500E+05 2.1451E-05 4.4745E+05 1.9202E-05 4.4871E+05 1.8140E-05
 4.5000E+05 1.7119E-05 4.5121E+05 1.6213E-05 4.5371E+05 1.4502E-05
 4.5500E+05 1.3695E-05 4.5745E+05 1.2288E-05 4.5871E+05 1.1623E-05
 4.6000E+05 1.0985E-05 4.6246E+05 1.0147E-05 4.6500E+05 9.3554E-06
 4.7000E+05 7.9827E-06 4.7500E+05 6.8228E-06 4.7746E+05 6.3188E-06
 4.8000E+05 5.8416E-06 4.8247E+05 5.4845E-06 4.8500E+05 5.1435E-06
 4.9000E+05 4.5353E-06 4.9500E+05 4.0041E-06 5.0000E+05 3.5403E-06
 5.0973E+05 3.1415E-06 5.2000E+05 2.7769E-06 5.2974E+05 2.4756E-06
 5.4000E+05 2.1988E-06 5.6000E+05 1.8790E-06 5.8000E+05 1.7307E-06
 6.0000E+05 1.5987E-06 6.2000E+05 1.4806E-06 6.4000E+05 1.3745E-06
 6.6000E+05 1.2790E-06 6.8000E+05 1.2151E-06 7.0000E+05 1.1793E-06
 7.2000E+05 1.1455E-06 7.4000E+05 1.1137E-06 7.6000E+05 1.0894E-06
 7.8000E+05 1.0726E-06 8.0000E+05 1.0566E-06 8.2000E+05 1.0411E-06
 8.4000E+05 1.0317E-06 8.6000E+05 1.0286E-06 8.8000E+05 1.0257E-06
 9.0000E+05 1.0322E-06 9.2000E+05 1.0474E-06 9.4000E+05 1.0825E-06
 9.6000E+05 1.1647E-06 9.8000E+05 1.4691E-06 9.9032E+05 1.8366E-06
 1.0000E+06 2.2598E-06 1.0020E+06 2.2315E-06 1.0040E+06 2.2035E-06
 1.0060E+06 2.1760E-06 1.0080E+06 2.1489E-06 1.0100E+06 2.1222E-06
 1.0120E+06 2.0959E-06 1.0140E+06 2.0699E-06 1.0160E+06 2.0444E-06
 1.0180E+06 2.0191E-06 1.0200E+06 1.9943E-06 1.0220E+06 1.9698E-06
 1.0240E+06 1.9456E-06 1.0260E+06 1.9218E-06 1.0280E+06 1.8983E-06
 1.0300E+06 1.8752E-06 1.0400E+06 1.7643E-06 1.0500E+06 1.6609E-06
 1.0742E+06 1.4384E-06 1.1000E+06 1.2383E-06 1.1400E+06 1.4767E-06
 1.1500E+06 1.5416E-06 1.1600E+06 1.6088E-06 1.1800E+06 1.7503E-06
 1.2000E+06 1.9014E-06 1.2200E+06 2.1469E-06 1.2400E+06 2.4192E-06
 1.2500E+06 2.5662E-06 1.2550E+06 2.6426E-06 1.2600E+06 2.7209E-06
 1.2650E+06 2.8012E-06 1.2700E+06 2.8836E-06 1.2750E+06 2.9680E-06
 1.2800E+06 3.0546E-06 1.2850E+06 3.1433E-06 1.2900E+06 3.2342E-06
 1.3000E+06 3.4230E-06 1.3098E+06 3.1152E-06 1.3200E+06 2.8272E-06
 1.3298E+06 2.5766E-06 1.3400E+06 2.3418E-06 1.3500E+06 2.1336E-06
 1.3600E+06 1.9452E-06 1.3800E+06 1.6201E-06 1.4000E+06 1.3529E-06
 1.4500E+06 1.1710E-06 1.5000E+06 1.0186E-06 1.5500E+06 1.0603E-06
 1.6000E+06 1.1022E-06 1.6256E+06 1.3157E-06 1.6500E+06 1.5537E-06
 1.6756E+06 1.8445E-06 1.7000E+06 2.1678E-06 1.7102E+06 2.4544E-06
 1.7200E+06 2.7644E-06 1.7302E+06 3.1252E-06 1.7400E+06 3.5153E-06
 1.7500E+06 3.9600E-06 1.7600E+06 4.4580E-06 1.7702E+06 5.0256E-06
 1.7800E+06 5.6382E-06 1.7902E+06 6.3474E-06 1.7951E+06 6.7227E-06
 1.8000E+06 7.1122E-06 1.8048E+06 6.5572E-06 1.8097E+06 6.0322E-06
 1.8148E+06 5.5365E-06 1.8200E+06 5.0693E-06 1.8248E+06 4.6777E-06
 1.8297E+06 4.3071E-06 1.8348E+06 3.9569E-06 1.8400E+06 3.6266E-06
 1.8449E+06 3.3413E-06 1.8500E+06 3.0716E-06 1.8555E+06 2.8040E-06
 1.8612E+06 2.5527E-06 1.8671E+06 2.3171E-06 1.8732E+06 2.0967E-06
 1.8795E+06 1.8910E-06 1.8861E+06 1.6994E-06 1.9000E+06 1.3566E-06
 1.9500E+06 1.0828E-06 2.0000E+06 8.6929E-07 2.0500E+06 8.6426E-07
 2.1000E+06 8.5937E-07 2.1500E+06 8.5463E-07 2.2000E+06 8.5002E-07
 2.2255E+06 9.9442E-07 2.2500E+06 1.1537E-06 2.2755E+06 1.3449E-06
 2.3000E+06 1.5553E-06 2.3194E+06 1.7429E-06 2.3194E+06 1.7430E-06
 2.3200E+06 1.7496E-06 2.3400E+06 1.9661E-06 2.3500E+06 2.0834E-06
 2.3600E+06 2.2072E-06 2.3800E+06 2.4754E-06 2.4000E+06 2.7736E-06
 2.4017E+06 2.7959E-06 2.4033E+06 2.8171E-06 2.4048E+06 2.8375E-06
 2.4063E+06 2.8571E-06 2.4077E+06 2.8760E-06 2.4090E+06 2.8941E-06
 2.4103E+06 2.9117E-06 2.4115E+06 2.9286E-06 2.4139E+06 2.9611E-06
 2.4160E+06 2.9916E-06 2.4181E+06 3.0204E-06 2.4200E+06 3.0477E-06
 2.4217E+06 3.0719E-06 2.4233E+06 3.0950E-06 2.4248E+06 3.1172E-06
 2.4263E+06 3.1385E-06 2.4277E+06 3.1591E-06 2.4290E+06 3.1788E-06
 2.4303E+06 3.1980E-06 2.4315E+06 3.2164E-06 2.4338E+06 3.2518E-06
 2.4360E+06 3.2851E-06 2.4381E+06 3.3165E-06 2.4400E+06 3.3463E-06
 2.4414E+06 3.3687E-06 2.4428E+06 3.3903E-06 2.4441E+06 3.4111E-06
 2.4454E+06 3.4311E-06 2.4478E+06 3.4694E-06 2.4500E+06 3.5054E-06
 2.4526E+06 3.5473E-06 2.4551E+06 3.5889E-06 2.4576E+06 3.6303E-06
 2.4600E+06 3.6714E-06 2.4626E+06 3.7165E-06 2.4652E+06 3.7613E-06
 2.4678E+06 3.8059E-06 2.4703E+06 3.8502E-06 2.4728E+06 3.8942E-06
 2.4752E+06 3.9381E-06 2.4776E+06 3.9816E-06 2.4800E+06 4.0250E-06
 2.4826E+06 4.0740E-06 2.4852E+06 4.1227E-06 2.4878E+06 4.1712E-06
 2.4903E+06 4.2193E-06 2.4928E+06 4.2672E-06 2.4952E+06 4.3149E-06
 2.4976E+06 4.3623E-06 2.5000E+06 4.4094E-06 2.5051E+06 4.5119E-06
 2.5100E+06 4.6139E-06 2.5151E+06 4.7207E-06 2.5200E+06 4.8270E-06
 2.5251E+06 4.9383E-06 2.5300E+06 5.0491E-06 2.5351E+06 5.1650E-06
 2.5400E+06 5.2804E-06 2.5451E+06 5.4012E-06 2.5500E+06 5.5214E-06
 2.5550E+06 5.6456E-06 2.5580E+06 5.7213E-06 2.5600E+06 5.7723E-06
 2.5630E+06 5.8496E-06 2.5670E+06 5.9541E-06 2.5700E+06 6.0336E-06
 2.5800E+06 6.3056E-06 2.5900E+06 6.5888E-06 2.6000E+06 6.8836E-06
 2.6049E+06 6.5045E-06 2.6100E+06 6.1388E-06 2.6149E+06 5.8020E-06
 2.6200E+06 5.4770E-06 2.6248E+06 5.1842E-06 2.6298E+06 4.9015E-06
 2.6348E+06 4.6286E-06 2.6400E+06 4.3654E-06 2.6449E+06 4.1284E-06
 2.6500E+06 3.8998E-06 2.6600E+06 3.4853E-06 2.6698E+06 3.1232E-06
 2.6800E+06 2.7874E-06 2.6898E+06 2.4998E-06 2.7000E+06 2.2330E-06
 2.7123E+06 1.9491E-06 2.7253E+06 1.6908E-06 2.7373E+06 1.4822E-06
 2.7500E+06 1.2917E-06 2.7623E+06 1.1309E-06 2.7752E+06 9.8425E-07
 2.8000E+06 7.5462E-07 2.8500E+06 7.0530E-07 2.9000E+06 6.5998E-07
 2.9500E+06 6.1828E-07 3.0000E+06 5.7985E-07 3.0247E+06 5.7875E-07
 3.0500E+06 5.7763E-07 3.0747E+06 5.7656E-07 3.1000E+06 5.7546E-07
 3.1500E+06 5.7334E-07 3.1752E+06 5.7228E-07 3.2000E+06 5.7125E-07
 3.2253E+06 6.0502E-07 3.2500E+06 6.3960E-07 3.2628E+06 6.5816E-07
 3.2754E+06 6.7689E-07 3.2878E+06 6.9580E-07 3.3000E+06 7.1488E-07
 3.3128E+06 7.3532E-07 3.3254E+06 7.5594E-07 3.3378E+06 7.7673E-07
 3.3500E+06 7.9769E-07 3.3628E+06 8.2015E-07 3.3754E+06 8.4279E-07
 3.3878E+06 8.6563E-07 3.4000E+06 8.8865E-07 3.4101E+06 8.9044E-07
 3.4200E+06 8.9219E-07 3.4301E+06 8.9397E-07 3.4400E+06 8.9572E-07
 3.4500E+06 8.9749E-07 3.4600E+06 8.9925E-07 3.4701E+06 9.0102E-07
 3.4800E+06 9.0276E-07 3.4901E+06 9.0453E-07 3.5000E+06 9.0627E-07
 3.5200E+06 9.0978E-07 3.5300E+06 9.1153E-07 3.5400E+06 9.1328E-07
 3.5500E+06 9.1502E-07 3.5600E+06 9.1677E-07 3.5800E+06 9.2025E-07
 3.6000E+06 9.2373E-07 3.6200E+06 8.8174E-07 3.6400E+06 8.4188E-07
 3.6500E+06 8.2271E-07 3.6600E+06 8.0402E-07 3.6800E+06 7.6806E-07
 3.7000E+06 7.3389E-07 3.7500E+06 6.5566E-07 3.8000E+06 5.8665E-07
 3.8500E+06 5.5120E-07 3.8752E+06 5.3434E-07 3.9000E+06 5.1831E-07
 3.9252E+06 5.0264E-07 3.9500E+06 4.8776E-07 3.9752E+06 4.7320E-07
 4.0000E+06 4.5937E-07 4.0252E+06 4.5758E-07 4.0500E+06 4.5584E-07
 4.1000E+06 4.5239E-07 4.1247E+06 4.5070E-07 4.1500E+06 4.4900E-07
 4.2000E+06 4.4568E-07 4.2500E+06 4.6104E-07 4.3000E+06 4.7675E-07
 4.3100E+06 4.7994E-07 4.3200E+06 4.8313E-07 4.3300E+06 4.8634E-07
 4.3400E+06 4.8957E-07 4.3500E+06 4.9281E-07 4.3600E+06 4.9606E-07
 4.3700E+06 4.9933E-07 4.3800E+06 5.0261E-07 4.3900E+06 5.0590E-07
 4.4000E+06 5.0921E-07 4.4100E+06 5.3356E-07 4.4200E+06 5.5901E-07
 4.4300E+06 5.8562E-07 4.4400E+06 6.1343E-07 4.4500E+06 6.4250E-07
 4.4600E+06 6.7287E-07 4.4700E+06 7.0460E-07 4.4800E+06 7.3776E-07
 4.4900E+06 7.7240E-07 4.5000E+06 8.0858E-07 4.5100E+06 8.4636E-07
 4.5200E+06 8.8583E-07 4.5300E+06 9.2704E-07 4.5400E+06 9.7007E-07
 4.5500E+06 1.0150E-06 4.5600E+06 1.0619E-06 4.5700E+06 1.1109E-06
 4.5800E+06 1.1620E-06 4.5900E+06 1.2153E-06 4.6000E+06 1.2710E-06
 4.6100E+06 1.2927E-06 4.6200E+06 1.3147E-06 4.6300E+06 1.3371E-06
 4.6400E+06 1.3598E-06 4.6500E+06 1.3829E-06 4.6600E+06 1.4063E-06
 4.6700E+06 1.4300E-06 4.6800E+06 1.4541E-06 4.6900E+06 1.4785E-06
 4.7000E+06 1.5033E-06 4.7100E+06 1.5285E-06 4.7200E+06 1.5540E-06
 4.7300E+06 1.5799E-06 4.7400E+06 1.6062E-06 4.7500E+06 1.6328E-06
 4.7600E+06 1.6598E-06 4.7700E+06 1.6873E-06 4.7800E+06 1.7151E-06
 4.7900E+06 1.7433E-06 4.8000E+06 1.7719E-06 4.8100E+06 1.8264E-06
 4.8200E+06 1.8824E-06 4.8300E+06 1.9401E-06 4.8400E+06 1.9994E-06
 4.8500E+06 2.0603E-06 4.8521E+06 2.0735E-06 4.8600E+06 2.1230E-06
 4.8700E+06 2.1875E-06 4.8800E+06 2.2538E-06 4.8900E+06 2.3219E-06
 4.9000E+06 2.3920E-06 4.9026E+06 2.4103E-06 4.9051E+06 2.4284E-06
 4.9076E+06 2.4463E-06 4.9100E+06 2.4640E-06 4.9126E+06 2.4828E-06
 4.9151E+06 2.5014E-06 4.9200E+06 2.5381E-06 4.9226E+06 2.5574E-06
 4.9251E+06 2.5765E-06 4.9300E+06 2.6142E-06 4.9326E+06 2.6341E-06
 4.9351E+06 2.6537E-06 4.9400E+06 2.6924E-06 4.9426E+06 2.7129E-06
 4.9451E+06 2.7331E-06 4.9500E+06 2.7729E-06 4.9600E+06 2.8555E-06
 4.9700E+06 2.9404E-06 4.9800E+06 3.0277E-06 4.9900E+06 3.1174E-06
 5.0000E+06 3.2096E-06 5.0050E+06 3.0860E-06 5.0100E+06 2.9653E-06
 5.0150E+06 2.8514E-06 5.0200E+06 2.7401E-06 5.0250E+06 2.6350E-06
 5.0300E+06 2.5324E-06 5.0350E+06 2.4355E-06 5.0400E+06 2.3408E-06
 5.0450E+06 2.2514E-06 5.0500E+06 2.1640E-06 5.0600E+06 2.0009E-06
 5.0700E+06 1.8504E-06 5.0800E+06 1.7115E-06 5.0900E+06 1.5832E-06
 5.1000E+06 1.4648E-06 5.1050E+06 1.4085E-06 5.1100E+06 1.3554E-06
 5.1150E+06 1.3034E-06 5.1200E+06 1.2544E-06 5.1250E+06 1.2064E-06
 5.1300E+06 1.1611E-06 5.1350E+06 1.1167E-06 5.1400E+06 1.0749E-06
 5.1450E+06 1.0339E-06 5.1500E+06 9.9523E-07 5.1600E+06 9.2162E-07
 5.1700E+06 8.5358E-07 5.1800E+06 7.9068E-07 5.1900E+06 7.3252E-07
 5.2000E+06 6.7874E-07 5.2100E+06 6.8534E-07 5.2200E+06 6.9200E-07
 5.2300E+06 6.9871E-07 5.2400E+06 7.0547E-07 5.2500E+06 7.1228E-07
 5.2600E+06 7.1914E-07 5.2700E+06 7.2606E-07 5.2800E+06 7.3303E-07
 5.2900E+06 7.4005E-07 5.3000E+06 7.4713E-07 5.3100E+06 7.5426E-07
 5.3200E+06 7.6144E-07 5.3300E+06 7.6868E-07 5.3400E+06 7.7598E-07
 5.3500E+06 7.8333E-07 5.3600E+06 7.9074E-07 5.3700E+06 7.9820E-07
 5.3800E+06 8.0572E-07 5.3900E+06 8.1330E-07 5.4000E+06 8.2093E-07
 5.4100E+06 8.6504E-07 5.4200E+06 9.1143E-07 5.4300E+06 9.6021E-07
 5.4400E+06 1.0115E-06 5.4500E+06 1.0654E-06 5.4600E+06 1.1222E-06
 5.4700E+06 1.1818E-06 5.4800E+06 1.2444E-06 5.4803E+06 1.2462E-06
 5.4900E+06 1.3103E-06 5.5000E+06 1.3795E-06 5.5100E+06 1.4522E-06
 5.5200E+06 1.5287E-06 5.5300E+06 1.6090E-06 5.5400E+06 1.6934E-06
 5.5500E+06 1.7820E-06 5.5600E+06 1.8751E-06 5.5700E+06 1.9728E-06
 5.5800E+06 2.0755E-06 5.5900E+06 2.1834E-06 5.6000E+06 2.2966E-06
 5.6100E+06 2.1179E-06 5.6200E+06 1.9534E-06 5.6300E+06 1.8020E-06
 5.6353E+06 1.7266E-06 5.6400E+06 1.6625E-06 5.6453E+06 1.5931E-06
 5.6500E+06 1.5340E-06 5.6553E+06 1.4704E-06 5.6600E+06 1.4157E-06
 5.6653E+06 1.3571E-06 5.6700E+06 1.3067E-06 5.6753E+06 1.2527E-06
 5.6800E+06 1.2062E-06 5.6853E+06 1.1565E-06 5.6900E+06 1.1136E-06
 5.6953E+06 1.0678E-06 5.7000E+06 1.0283E-06 5.7052E+06 9.8636E-07
 5.7100E+06 9.4965E-07 5.7152E+06 9.1098E-07 5.7200E+06 8.7713E-07
 5.7252E+06 8.4148E-07 5.7300E+06 8.1027E-07 5.7352E+06 7.7739E-07
 5.7400E+06 7.4860E-07 5.7452E+06 7.1828E-07 5.7500E+06 6.9172E-07
 5.7552E+06 6.6398E-07 5.7600E+06 6.3925E-07 5.7652E+06 6.1366E-07
 5.7700E+06 5.9084E-07 5.7752E+06 5.6723E-07 5.7800E+06 5.4618E-07
 5.7852E+06 5.2439E-07 5.7900E+06 5.0495E-07 5.7952E+06 4.8485E-07
 5.8000E+06 4.6691E-07 5.8051E+06 4.6786E-07 5.8100E+06 4.6877E-07
 5.8151E+06 4.6972E-07 5.8200E+06 4.7063E-07 5.8251E+06 4.7159E-07
 5.8300E+06 4.7250E-07 5.8351E+06 4.7346E-07 5.8400E+06 4.7437E-07
 5.8451E+06 4.7533E-07 5.8500E+06 4.7625E-07 5.8551E+06 4.7720E-07
 5.8600E+06 4.7813E-07 5.8651E+06 4.7908E-07 5.8700E+06 4.8001E-07
 5.8751E+06 4.8097E-07 5.8800E+06 4.8190E-07 5.8851E+06 4.8286E-07
 5.8900E+06 4.8379E-07 5.8951E+06 4.8476E-07 5.9000E+06 4.8569E-07
 5.9100E+06 4.8759E-07 5.9200E+06 4.8950E-07 5.9300E+06 4.9141E-07
 5.9400E+06 4.9332E-07 5.9500E+06 4.9524E-07 5.9600E+06 4.9716E-07
 5.9700E+06 4.9909E-07 5.9800E+06 5.0102E-07 5.9900E+06 5.0296E-07
 6.0000E+06 5.0490E-07 6.0100E+06 5.3138E-07 6.0200E+06 5.5920E-07
 6.0300E+06 5.8843E-07 6.0400E+06 6.1914E-07 6.0500E+06 6.5139E-07
 6.0600E+06 6.8527E-07 6.0700E+06 7.2084E-07 6.0800E+06 7.5820E-07
 6.0900E+06 7.9743E-07 6.1000E+06 8.3863E-07 6.1100E+06 8.8187E-07
 6.1200E+06 9.2727E-07 6.1300E+06 9.7493E-07 6.1400E+06 1.0250E-06
 6.1500E+06 1.0775E-06 6.1600E+06 1.1326E-06 6.1700E+06 1.1904E-06
 6.1800E+06 1.2511E-06 6.1900E+06 1.3147E-06 6.2000E+06 1.3815E-06
 6.2100E+06 1.3014E-06 6.2200E+06 1.2261E-06 6.2300E+06 1.1553E-06
 6.2400E+06 1.0886E-06 6.2500E+06 1.0259E-06 6.2600E+06 9.6693E-07
 6.2700E+06 9.1141E-07 6.2800E+06 8.5916E-07 6.2900E+06 8.0998E-07
 6.3000E+06 7.6369E-07 6.3100E+06 7.2011E-07 6.3200E+06 6.7908E-07
 6.3300E+06 6.4045E-07 6.3400E+06 6.0407E-07 6.3500E+06 5.6981E-07
 6.3600E+06 5.3754E-07 6.3700E+06 5.0714E-07 6.3800E+06 4.7851E-07
 6.3900E+06 4.5154E-07 6.4000E+06 4.2612E-07 6.4100E+06 4.2224E-07
 6.4200E+06 4.1840E-07 6.4300E+06 4.1460E-07 6.4400E+06 4.1085E-07
 6.4500E+06 4.0713E-07 6.4600E+06 4.0345E-07 6.4700E+06 3.9981E-07
 6.4800E+06 3.9621E-07 6.4900E+06 3.9264E-07 6.5000E+06 3.8911E-07
 6.5100E+06 3.8563E-07 6.5200E+06 3.8217E-07 6.5300E+06 3.7876E-07
 6.5400E+06 3.7537E-07 6.5500E+06 3.7203E-07 6.5600E+06 3.6872E-07
 6.5700E+06 3.6544E-07 6.5800E+06 3.6220E-07 6.5900E+06 3.5899E-07
 6.6000E+06 3.5581E-07 6.6100E+06 3.5529E-07 6.6200E+06 3.5478E-07
 6.6300E+06 3.5426E-07 6.6400E+06 3.5375E-07 6.6500E+06 3.5323E-07
 6.6600E+06 3.5272E-07 6.6700E+06 3.5221E-07 6.6800E+06 3.5170E-07
 6.6900E+06 3.5120E-07 6.7000E+06 3.5069E-07 6.7100E+06 3.5019E-07
 6.7200E+06 3.4968E-07 6.7300E+06 3.4918E-07 6.7400E+06 3.4868E-07
 6.7500E+06 3.4818E-07 6.7600E+06 3.4769E-07 6.7700E+06 3.4719E-07
 6.7800E+06 3.4670E-07 6.7900E+06 3.4621E-07 6.8000E+06 3.4572E-07
 6.8100E+06 3.4746E-07 6.8200E+06 3.4921E-07 6.8300E+06 3.5097E-07
 6.8400E+06 3.5273E-07 6.8500E+06 3.5450E-07 6.8600E+06 3.5628E-07
 6.8700E+06 3.5806E-07 6.8800E+06 3.5985E-07 6.8900E+06 3.6164E-07
 6.9000E+06 3.6344E-07 6.9100E+06 3.6525E-07 6.9200E+06 3.6706E-07
 6.9300E+06 3.6888E-07 6.9400E+06 3.7071E-07 6.9500E+06 3.7254E-07
 6.9600E+06 3.7438E-07 6.9700E+06 3.7623E-07 6.9800E+06 3.7808E-07
 6.9900E+06 3.7994E-07 7.0000E+06 3.8181E-07 7.0500E+06 4.7964E-07
 7.1000E+06 6.0157E-07 7.1500E+06 7.5331E-07 7.2000E+06 9.4183E-07
 7.2385E+06 7.8075E-07 7.2500E+06 7.3836E-07 7.3000E+06 5.7981E-07
 7.3500E+06 4.5606E-07 7.3607E+06 4.3332E-07 7.4000E+06 3.5931E-07
 7.4141E+06 3.5999E-07 7.4228E+06 3.6041E-07 7.4290E+06 3.6071E-07
 7.4340E+06 3.6095E-07 7.4381E+06 3.6115E-07 7.4448E+06 3.6147E-07
 7.4500E+06 3.6172E-07 7.4547E+06 3.6194E-07 7.4585E+06 3.6213E-07
 7.4648E+06 3.6243E-07 7.4697E+06 3.6267E-07 7.4738E+06 3.6287E-07
 7.4804E+06 3.6319E-07 7.4856E+06 3.6344E-07 7.4901E+06 3.6365E-07
 7.4939E+06 3.6384E-07 7.5000E+06 3.6413E-07 7.5074E+06 3.6449E-07
 7.5144E+06 3.6483E-07 7.5211E+06 3.6515E-07 7.5274E+06 3.6545E-07
 7.5334E+06 3.6574E-07 7.5392E+06 3.6602E-07 7.5447E+06 3.6628E-07
 7.5500E+06 3.6654E-07 7.5574E+06 3.6690E-07 7.5644E+06 3.6723E-07
 7.5711E+06 3.6756E-07 7.5774E+06 3.6786E-07 7.5834E+06 3.6815E-07
 7.5892E+06 3.6843E-07 7.5947E+06 3.6869E-07 7.6000E+06 3.6895E-07
 7.6127E+06 4.1329E-07 7.6252E+06 4.6182E-07 7.6316E+06 4.8900E-07
 7.6377E+06 5.1618E-07 7.6440E+06 5.4587E-07 7.6500E+06 5.7556E-07
 7.6565E+06 6.0991E-07 7.6627E+06 6.4425E-07 7.6691E+06 6.8182E-07
 7.6752E+06 7.1937E-07 7.6816E+06 7.6143E-07 7.6877E+06 8.0346E-07
 7.6940E+06 8.4937E-07 7.7000E+06 8.9526E-07 7.7053E+06 9.3830E-07
 7.7105E+06 9.8172E-07 7.7154E+06 1.0255E-06 7.7202E+06 1.0697E-06
 7.7254E+06 1.1197E-06 7.7305E+06 1.1701E-06 7.7353E+06 1.2209E-06
 7.7400E+06 1.2722E-06 7.7451E+06 1.3301E-06 7.7500E+06 1.3886E-06
 7.7551E+06 1.4518E-06 7.7600E+06 1.5155E-06 7.7653E+06 1.5868E-06
 7.7703E+06 1.6587E-06 7.7753E+06 1.7313E-06 7.7800E+06 1.8045E-06
 7.7853E+06 1.8892E-06 7.7903E+06 1.9746E-06 7.7953E+06 2.0608E-06
 7.8000E+06 2.1477E-06 7.8052E+06 2.0551E-06 7.8102E+06 1.9687E-06
 7.8152E+06 1.8878E-06 7.8200E+06 1.8121E-06 7.8252E+06 1.7342E-06
 7.8302E+06 1.6614E-06 7.8352E+06 1.5934E-06 7.8400E+06 1.5296E-06
 7.8451E+06 1.4655E-06 7.8500E+06 1.4056E-06 7.8551E+06 1.3467E-06
 7.8600E+06 1.2917E-06 7.8652E+06 1.2365E-06 7.8702E+06 1.1849E-06
 7.8752E+06 1.1366E-06 7.8800E+06 1.0913E-06 7.8852E+06 1.0447E-06
 7.8902E+06 1.0012E-06 7.8952E+06 9.6052E-07 7.9000E+06 9.2235E-07
 7.9101E+06 8.4727E-07 7.9200E+06 7.7990E-07 7.9301E+06 7.1657E-07
 7.9400E+06 6.5973E-07 7.9500E+06 6.0688E-07 7.9530E+06 5.9188E-07
 7.9530E+06 5.9185E-07 7.9600E+06 5.5832E-07 7.9701E+06 5.1320E-07
 7.9800E+06 4.7269E-07 7.9901E+06 4.3458E-07 8.0000E+06 4.0035E-07
 8.0200E+06 3.8990E-07 8.0400E+06 3.7974E-07 8.0500E+06 3.7477E-07
 8.0600E+06 3.6987E-07 8.0800E+06 3.6029E-07 8.1000E+06 3.5097E-07
 8.1253E+06 3.3956E-07 8.1500E+06 3.2881E-07 8.1753E+06 3.1819E-07
 8.2000E+06 3.0817E-07 8.2253E+06 3.0554E-07 8.2500E+06 3.0299E-07
 8.2753E+06 3.0042E-07 8.3000E+06 2.9793E-07 8.3091E+06 2.9702E-07
 8.3297E+06 2.9497E-07 8.3500E+06 2.9298E-07 8.3752E+06 2.9052E-07
 8.4000E+06 2.8814E-07 8.4252E+06 2.8728E-07 8.4500E+06 2.8643E-07
 8.4752E+06 2.8557E-07 8.5000E+06 2.8474E-07 8.5200E+06 2.8407E-07
 8.5400E+06 2.8340E-07 8.5500E+06 2.8307E-07 8.5600E+06 2.8273E-07
 8.5800E+06 2.8207E-07 8.6000E+06 2.8141E-07 8.6200E+06 2.8108E-07
 8.6400E+06 2.8075E-07 8.6500E+06 2.8059E-07 8.6600E+06 2.8042E-07
 8.6800E+06 2.8009E-07 8.7000E+06 2.7977E-07 8.7088E+06 2.7962E-07
 8.7200E+06 2.7944E-07 8.7400E+06 2.7912E-07 8.7500E+06 2.7896E-07
 8.7600E+06 2.7880E-07 8.7800E+06 2.7847E-07 8.8000E+06 2.7815E-07
 8.8114E+06 2.7820E-07 8.8200E+06 2.7824E-07 8.8262E+06 2.7827E-07
 8.8314E+06 2.7830E-07 8.8400E+06 2.7834E-07 8.8454E+06 2.7836E-07
 8.8500E+06 2.7838E-07 8.8554E+06 2.7841E-07 8.8600E+06 2.7843E-07
 8.8662E+06 2.7846E-07 8.8714E+06 2.7848E-07 8.8800E+06 2.7852E-07
 8.8862E+06 2.7855E-07 8.8914E+06 2.7857E-07 8.9000E+06 2.7861E-07
 8.9082E+06 2.7865E-07 8.9156E+06 2.7868E-07 8.9224E+06 2.7871E-07
 8.9287E+06 2.7874E-07 8.9346E+06 2.7877E-07 8.9401E+06 2.7879E-07
 8.9452E+06 2.7882E-07 8.9500E+06 2.7884E-07 8.9582E+06 2.7888E-07
 8.9656E+06 2.7891E-07 8.9724E+06 2.7894E-07 8.9787E+06 2.7897E-07
 8.9846E+06 2.7900E-07 8.9900E+06 2.7902E-07 8.9952E+06 2.7905E-07
 9.0000E+06 2.7907E-07 9.0253E+06 2.7998E-07 9.0500E+06 2.8087E-07
 9.0753E+06 2.8178E-07 9.1000E+06 2.8267E-07 9.1252E+06 2.8358E-07
 9.1500E+06 2.8448E-07 9.1752E+06 2.8539E-07 9.2000E+06 2.8628E-07
 9.2252E+06 2.9003E-07 9.2500E+06 2.9376E-07 9.2752E+06 2.9758E-07
 9.3000E+06 3.0139E-07 9.3446E+06 3.0833E-07 9.3500E+06 3.0918E-07
 9.4000E+06 3.1712E-07 9.4334E+06 3.4659E-07 9.4500E+06 3.6224E-07
 9.4575E+06 3.6952E-07 9.4668E+06 3.7873E-07 9.4740E+06 3.8604E-07
 9.4800E+06 3.9216E-07 9.4850E+06 3.9741E-07 9.4933E+06 4.0629E-07
 9.5000E+06 4.1349E-07 9.5053E+06 4.1931E-07 9.5100E+06 4.2459E-07
 9.5183E+06 4.3390E-07 9.5253E+06 4.4197E-07 9.5313E+06 4.4908E-07
 9.5368E+06 4.5553E-07 9.5416E+06 4.6138E-07 9.5500E+06 4.7166E-07
 9.5553E+06 4.7825E-07 9.5600E+06 4.8423E-07 9.5682E+06 4.9478E-07
 9.5752E+06 5.0393E-07 9.5813E+06 5.1200E-07 9.5867E+06 5.1933E-07
 9.5916E+06 5.2596E-07 9.6000E+06 5.3764E-07 9.6053E+06 5.4120E-07
 9.6104E+06 5.4463E-07 9.6200E+06 5.5114E-07 9.6253E+06 5.5479E-07
 9.6304E+06 5.5830E-07 9.6400E+06 5.6495E-07 9.6451E+06 5.6853E-07
 9.6500E+06 5.7198E-07 9.6551E+06 5.7559E-07 9.6600E+06 5.7908E-07
 9.6653E+06 5.8289E-07 9.6704E+06 5.8657E-07 9.6800E+06 5.9353E-07
 9.6853E+06 5.9743E-07 9.6904E+06 6.0119E-07 9.7000E+06 6.0831E-07
 9.7200E+06 6.2343E-07 9.7375E+06 6.3694E-07 9.7400E+06 6.3889E-07
 9.7500E+06 6.4676E-07 9.7600E+06 6.5471E-07 9.7699E+06 6.6268E-07
 9.7800E+06 6.7087E-07 9.7899E+06 6.7903E-07 9.8000E+06 6.8741E-07
 9.8065E+06 6.7060E-07 9.8117E+06 6.5723E-07 9.8200E+06 6.3668E-07
 9.8265E+06 6.2116E-07 9.8317E+06 6.0880E-07 9.8400E+06 5.8979E-07
 9.8454E+06 5.7767E-07 9.8500E+06 5.6769E-07 9.8554E+06 5.5604E-07
 9.8600E+06 5.4644E-07 9.8664E+06 5.3318E-07 9.8717E+06 5.2261E-07
 9.8800E+06 5.0636E-07 9.8864E+06 4.9410E-07 9.8917E+06 4.8433E-07
 9.9000E+06 4.6928E-07 9.9500E+06 3.8830E-07 9.9789E+06 3.4819E-07
 1.0000E+07 3.2160E-07 1.0027E+07 3.1733E-07 1.0033E+07 3.1639E-07
 1.0039E+07 3.1548E-07 1.0044E+07 3.1460E-07 1.0050E+07 3.1375E-07
 1.0057E+07 3.1267E-07 1.0064E+07 3.1164E-07 1.0070E+07 3.1064E-07
 1.0077E+07 3.0967E-07 1.0083E+07 3.0874E-07 1.0089E+07 3.0784E-07
 1.0094E+07 3.0697E-07 1.0100E+07 3.0613E-07 1.0107E+07 3.0509E-07
 1.0114E+07 3.0409E-07 1.0120E+07 3.0312E-07 1.0126E+07 3.0218E-07
 1.0133E+07 3.0128E-07 1.0139E+07 3.0040E-07 1.0144E+07 2.9955E-07
 1.0150E+07 2.9873E-07 1.0159E+07 2.9738E-07 1.0168E+07 2.9609E-07
 1.0177E+07 2.9486E-07 1.0185E+07 2.9368E-07 1.0193E+07 2.9259E-07
 1.0200E+07 2.9154E-07 1.0207E+07 2.9057E-07 1.0214E+07 2.8963E-07
 1.0220E+07 2.8872E-07 1.0226E+07 2.8784E-07 1.0233E+07 2.8698E-07
 1.0238E+07 2.8615E-07 1.0244E+07 2.8535E-07 1.0250E+07 2.8457E-07
 1.0257E+07 2.8362E-07 1.0264E+07 2.8271E-07 1.0270E+07 2.8182E-07
 1.0276E+07 2.8096E-07 1.0283E+07 2.8013E-07 1.0288E+07 2.7933E-07
 1.0294E+07 2.7855E-07 1.0300E+07 2.7779E-07 1.0307E+07 2.7688E-07
 1.0313E+07 2.7599E-07 1.0320E+07 2.7514E-07 1.0326E+07 2.7430E-07
 1.0332E+07 2.7350E-07 1.0338E+07 2.7271E-07 1.0344E+07 2.7194E-07
 1.0350E+07 2.7120E-07 1.0357E+07 2.7031E-07 1.0363E+07 2.6946E-07
 1.0370E+07 2.6863E-07 1.0376E+07 2.6782E-07 1.0382E+07 2.6703E-07
 1.0388E+07 2.6627E-07 1.0394E+07 2.6552E-07 1.0400E+07 2.6480E-07
 1.0409E+07 2.6368E-07 1.0418E+07 2.6260E-07 1.0426E+07 2.6156E-07
 1.0434E+07 2.6055E-07 1.0442E+07 2.5955E-07 1.0450E+07 2.5858E-07
 1.0457E+07 2.5776E-07 1.0463E+07 2.5695E-07 1.0470E+07 2.5617E-07
 1.0476E+07 2.5540E-07 1.0482E+07 2.5466E-07 1.0488E+07 2.5394E-07
 1.0494E+07 2.5323E-07 1.0500E+07 2.5254E-07 1.0507E+07 2.5243E-07
 1.0513E+07 2.5232E-07 1.0520E+07 2.5221E-07 1.0526E+07 2.5210E-07
 1.0532E+07 2.5200E-07 1.0538E+07 2.5190E-07 1.0544E+07 2.5180E-07
 1.0550E+07 2.5170E-07 1.0557E+07 2.5159E-07 1.0563E+07 2.5149E-07
 1.0570E+07 2.5138E-07 1.0576E+07 2.5127E-07 1.0582E+07 2.5117E-07
 1.0588E+07 2.5107E-07 1.0594E+07 2.5097E-07 1.0600E+07 2.5088E-07
 1.0607E+07 2.5077E-07 1.0613E+07 2.5066E-07 1.0619E+07 2.5056E-07
 1.0626E+07 2.5046E-07 1.0632E+07 2.5035E-07 1.0638E+07 2.5025E-07
 1.0644E+07 2.5015E-07 1.0650E+07 2.5006E-07 1.0657E+07 2.4995E-07
 1.0663E+07 2.4985E-07 1.0669E+07 2.4974E-07 1.0676E+07 2.4964E-07
 1.0682E+07 2.4954E-07 1.0688E+07 2.4944E-07 1.0694E+07 2.4934E-07
 1.0700E+07 2.4925E-07 1.0707E+07 2.4914E-07 1.0713E+07 2.4904E-07
 1.0719E+07 2.4893E-07 1.0726E+07 2.4883E-07 1.0732E+07 2.4873E-07
 1.0738E+07 2.4863E-07 1.0744E+07 2.4853E-07 1.0750E+07 2.4844E-07
 1.0757E+07 2.4833E-07 1.0763E+07 2.4823E-07 1.0769E+07 2.4813E-07
 1.0776E+07 2.4803E-07 1.0782E+07 2.4793E-07 1.0788E+07 2.4783E-07
 1.0794E+07 2.4773E-07 1.0800E+07 2.4764E-07 1.0813E+07 2.4744E-07
 1.0825E+07 2.4724E-07 1.0838E+07 2.4704E-07 1.0850E+07 2.4685E-07
 1.0863E+07 2.4664E-07 1.0875E+07 2.4644E-07 1.0888E+07 2.4625E-07
 1.0900E+07 2.4606E-07 1.0913E+07 2.4585E-07 1.0926E+07 2.4565E-07
 1.0938E+07 2.4546E-07 1.0950E+07 2.4528E-07 1.0963E+07 2.4507E-07
 1.0976E+07 2.4488E-07 1.0988E+07 2.4469E-07 1.1000E+07 2.4450E-07
 1.1050E+07 2.4404E-07 1.1100E+07 2.4358E-07 1.1127E+07 2.4333E-07
 1.1150E+07 2.4312E-07 1.1177E+07 2.4288E-07 1.1200E+07 2.4267E-07
 1.1226E+07 2.4243E-07 1.1238E+07 2.4232E-07 1.1250E+07 2.4221E-07
 1.1264E+07 2.4209E-07 1.1276E+07 2.4198E-07 1.1288E+07 2.4187E-07
 1.1300E+07 2.4177E-07 1.1314E+07 2.4165E-07 1.1326E+07 2.4153E-07
 1.1338E+07 2.4142E-07 1.1344E+07 2.4137E-07 1.1350E+07 2.4132E-07
 1.1357E+07 2.4126E-07 1.1364E+07 2.4120E-07 1.1370E+07 2.4114E-07
 1.1376E+07 2.4109E-07 1.1382E+07 2.4103E-07 1.1388E+07 2.4098E-07
 1.1394E+07 2.4093E-07 1.1400E+07 2.4088E-07 1.1407E+07 2.4082E-07
 1.1413E+07 2.4076E-07 1.1420E+07 2.4070E-07 1.1426E+07 2.4065E-07
 1.1432E+07 2.4059E-07 1.1438E+07 2.4054E-07 1.1444E+07 2.4049E-07
 1.1450E+07 2.4044E-07 1.1457E+07 2.4038E-07 1.1463E+07 2.4032E-07
 1.1470E+07 2.4026E-07 1.1476E+07 2.4021E-07 1.1482E+07 2.4015E-07
 1.1488E+07 2.4010E-07 1.1494E+07 2.4005E-07 1.1500E+07 2.4000E-07
 1.1507E+07 2.3993E-07 1.1513E+07 2.3986E-07 1.1520E+07 2.3980E-07
 1.1526E+07 2.3973E-07 1.1532E+07 2.3967E-07 1.1538E+07 2.3961E-07
 1.1544E+07 2.3955E-07 1.1550E+07 2.3949E-07 1.1557E+07 2.3942E-07
 1.1563E+07 2.3935E-07 1.1570E+07 2.3928E-07 1.1576E+07 2.3922E-07
 1.1582E+07 2.3916E-07 1.1588E+07 2.3909E-07 1.1594E+07 2.3903E-07
 1.1600E+07 2.3897E-07 1.1607E+07 2.3891E-07 1.1613E+07 2.3884E-07
 1.1620E+07 2.3878E-07 1.1626E+07 2.3871E-07 1.1632E+07 2.3865E-07
 1.1638E+07 2.3859E-07 1.1644E+07 2.3853E-07 1.1650E+07 2.3847E-07
 1.1657E+07 2.3840E-07 1.1663E+07 2.3833E-07 1.1670E+07 2.3827E-07
 1.1676E+07 2.3821E-07 1.1682E+07 2.3814E-07 1.1688E+07 2.3808E-07
 1.1694E+07 2.3802E-07 1.1700E+07 2.3796E-07 1.1706E+07 2.3790E-07
 1.1706E+07 2.3790E-07 1.1718E+07 2.3778E-07 1.1729E+07 2.3767E-07
 1.1740E+07 2.3756E-07 1.1750E+07 2.3746E-07 1.1757E+07 2.3739E-07
 1.1763E+07 2.3733E-07 1.1770E+07 2.3727E-07 1.1776E+07 2.3720E-07
 1.1782E+07 2.3714E-07 1.1788E+07 2.3708E-07 1.1794E+07 2.3702E-07
 1.1800E+07 2.3696E-07 1.1815E+07 2.3681E-07 1.1830E+07 2.3666E-07
 1.1840E+07 2.3656E-07 1.1850E+07 2.3647E-07 1.1858E+07 2.3638E-07
 1.1867E+07 2.3630E-07 1.1880E+07 2.3617E-07 1.1891E+07 2.3606E-07
 1.1900E+07 2.3597E-07 1.1909E+07 2.3589E-07 1.1917E+07 2.3581E-07
 1.1924E+07 2.3574E-07 1.1930E+07 2.3568E-07 1.1941E+07 2.3558E-07
 1.1950E+07 2.3549E-07 1.1959E+07 2.3540E-07 1.1967E+07 2.3532E-07
 1.1974E+07 2.3525E-07 1.1980E+07 2.3519E-07 1.1991E+07 2.3509E-07
 1.2000E+07 2.3500E-07 1.2007E+07 2.3493E-07 1.2014E+07 2.3485E-07
 1.2028E+07 2.3471E-07 1.2042E+07 2.3457E-07 1.2055E+07 2.3443E-07
 1.2065E+07 2.3433E-07 1.2076E+07 2.3422E-07 1.2086E+07 2.3412E-07
 1.2096E+07 2.3402E-07 1.2105E+07 2.3392E-07 1.2115E+07 2.3383E-07
 1.2124E+07 2.3373E-07 1.2133E+07 2.3364E-07 1.2142E+07 2.3355E-07
 1.2151E+07 2.3346E-07 1.2159E+07 2.3337E-07 1.2168E+07 2.3329E-07
 1.2176E+07 2.3321E-07 1.2184E+07 2.3312E-07 1.2192E+07 2.3304E-07
 1.2200E+07 2.3296E-07 1.2215E+07 2.3282E-07 1.2229E+07 2.3267E-07
 1.2243E+07 2.3253E-07 1.2257E+07 2.3239E-07 1.2257E+07 2.3239E-07
 1.2267E+07 2.3229E-07 1.2277E+07 2.3220E-07 1.2286E+07 2.3210E-07
 1.2296E+07 2.3201E-07 1.2305E+07 2.3191E-07 1.2314E+07 2.3182E-07
 1.2332E+07 2.3164E-07 1.2350E+07 2.3147E-07 1.2367E+07 2.3130E-07
 1.2384E+07 2.3113E-07 1.2400E+07 2.3098E-07 1.2413E+07 2.3085E-07
 1.2426E+07 2.3072E-07 1.2439E+07 2.3059E-07 1.2451E+07 2.3047E-07
 1.2476E+07 2.3023E-07 1.2500E+07 2.3000E-07 1.2504E+07 2.2996E-07
 1.2516E+07 2.2983E-07 1.2529E+07 2.2970E-07 1.2553E+07 2.2945E-07
 1.2577E+07 2.2921E-07 1.2600E+07 2.2898E-07 1.2628E+07 2.2869E-07
 1.2655E+07 2.2842E-07 1.2683E+07 2.2814E-07 1.2693E+07 2.2803E-07
 1.2702E+07 2.2794E-07 1.2710E+07 2.2786E-07 1.2717E+07 2.2780E-07
 1.2729E+07 2.2767E-07 1.2740E+07 2.2756E-07 1.2748E+07 2.2748E-07
 1.2756E+07 2.2740E-07 1.2764E+07 2.2732E-07 1.2771E+07 2.2726E-07
 1.2782E+07 2.2714E-07 1.2792E+07 2.2704E-07 1.2800E+07 2.2696E-07
 1.2807E+07 2.2689E-07 1.2814E+07 2.2682E-07 1.2827E+07 2.2670E-07
 1.2838E+07 2.2659E-07 1.2848E+07 2.2648E-07 1.2858E+07 2.2639E-07
 1.2867E+07 2.2630E-07 1.2876E+07 2.2622E-07 1.2884E+07 2.2614E-07
 1.2891E+07 2.2606E-07 1.2898E+07 2.2599E-07 1.2905E+07 2.2593E-07
 1.2911E+07 2.2587E-07 1.2923E+07 2.2575E-07 1.2934E+07 2.2564E-07
 1.2944E+07 2.2554E-07 1.2954E+07 2.2545E-07 1.2963E+07 2.2536E-07
 1.2971E+07 2.2528E-07 1.2979E+07 2.2520E-07 1.2986E+07 2.2513E-07
 1.2993E+07 2.2506E-07 1.3000E+07 2.2500E-07 1.3027E+07 2.2472E-07
 1.3053E+07 2.2446E-07 1.3079E+07 2.2419E-07 1.3104E+07 2.2394E-07
 1.3129E+07 2.2368E-07 1.3141E+07 2.2356E-07 1.3153E+07 2.2344E-07
 1.3165E+07 2.2332E-07 1.3177E+07 2.2320E-07 1.3189E+07 2.2308E-07
 1.3200E+07 2.2296E-07 1.3212E+07 2.2284E-07 1.3223E+07 2.2273E-07
 1.3234E+07 2.2262E-07 1.3245E+07 2.2252E-07 1.3256E+07 2.2240E-07
 1.3267E+07 2.2229E-07 1.3278E+07 2.2219E-07 1.3288E+07 2.2208E-07
 1.3295E+07 2.2201E-07 1.3303E+07 2.2194E-07 1.3310E+07 2.2187E-07
 1.3317E+07 2.2180E-07 1.3324E+07 2.2173E-07 1.3331E+07 2.2165E-07
 1.3338E+07 2.2159E-07 1.3345E+07 2.2152E-07 1.3352E+07 2.2145E-07
 1.3359E+07 2.2138E-07 1.3366E+07 2.2131E-07 1.3373E+07 2.2124E-07
 1.3380E+07 2.2117E-07 1.3387E+07 2.2111E-07 1.3400E+07 2.2098E-07
 1.3413E+07 2.2085E-07 1.3426E+07 2.2072E-07 1.3439E+07 2.2060E-07
 1.3451E+07 2.2048E-07 1.3464E+07 2.2035E-07 1.3476E+07 2.2023E-07
 1.3488E+07 2.2011E-07 1.3500E+07 2.2000E-07 1.3513E+07 2.1986E-07
 1.3526E+07 2.1973E-07 1.3539E+07 2.1960E-07 1.3551E+07 2.1948E-07
 1.3564E+07 2.1935E-07 1.3576E+07 2.1922E-07 1.3588E+07 2.1910E-07
 1.3600E+07 2.1898E-07 1.3613E+07 2.1884E-07 1.3626E+07 2.1871E-07
 1.3639E+07 2.1858E-07 1.3651E+07 2.1846E-07 1.3664E+07 2.1832E-07
 1.3677E+07 2.1820E-07 1.3689E+07 2.1807E-07 1.3702E+07 2.1795E-07
 1.3714E+07 2.1782E-07 1.3727E+07 2.1769E-07 1.3739E+07 2.1757E-07
 1.3751E+07 2.1745E-07 1.3764E+07 2.1732E-07 1.3776E+07 2.1720E-07
 1.3788E+07 2.1708E-07 1.3800E+07 2.1696E-07 1.3813E+07 2.1683E-07
 1.3826E+07 2.1670E-07 1.3839E+07 2.1657E-07 1.3852E+07 2.1645E-07
 1.3864E+07 2.1633E-07 1.3877E+07 2.1620E-07 1.3889E+07 2.1609E-07
 1.3901E+07 2.1597E-07 1.3914E+07 2.1584E-07 1.3927E+07 2.1571E-07
 1.3939E+07 2.1559E-07 1.3952E+07 2.1547E-07 1.3964E+07 2.1535E-07
 1.3976E+07 2.1523E-07 1.3988E+07 2.1511E-07 1.4000E+07 2.1500E-07
 1.4027E+07 2.1473E-07 1.4053E+07 2.1446E-07 1.4079E+07 2.1420E-07
 1.4104E+07 2.1394E-07 1.4128E+07 2.1369E-07 1.4153E+07 2.1344E-07
 1.4177E+07 2.1320E-07 1.4200E+07 2.1296E-07 1.4226E+07 2.1270E-07
 1.4252E+07 2.1244E-07 1.4278E+07 2.1218E-07 1.4303E+07 2.1193E-07
 1.4328E+07 2.1169E-07 1.4352E+07 2.1145E-07 1.4376E+07 2.1121E-07
 1.4400E+07 2.1098E-07 1.4403E+07 2.1095E-07 1.4452E+07 2.1047E-07
 1.4500E+07 2.1000E-07 1.4551E+07 2.0939E-07 1.4600E+07 2.0881E-07
 1.4651E+07 2.0820E-07 1.4702E+07 2.0761E-07 1.4751E+07 2.0703E-07
 1.4800E+07 2.0646E-07 1.4855E+07 2.0583E-07 1.4928E+07 2.0499E-07
 1.5000E+07 2.0418E-07 1.5101E+07 2.0211E-07 1.5200E+07 2.0010E-07
 1.5301E+07 1.9803E-07 1.5400E+07 1.9601E-07 1.5501E+07 1.9395E-07
 1.5600E+07 1.9193E-07 1.5701E+07 1.8987E-07 1.5800E+07 1.8785E-07
 1.5933E+07 1.8513E-07 1.6000E+07 1.8376E-07 1.6200E+07 1.7968E-07
 1.6400E+07 1.7559E-07 1.6419E+07 1.7521E-07 1.6600E+07 1.7151E-07
 1.6800E+07 1.6743E-07 1.7000E+07 1.6334E-07 1.7200E+07 1.5926E-07
 1.7400E+07 1.5518E-07 1.7600E+07 1.5109E-07 1.7800E+07 1.4701E-07
 1.8000E+07 1.4293E-07 1.8200E+07 1.3884E-07 1.8400E+07 1.3476E-07
 1.8600E+07 1.3068E-07 1.8800E+07 1.2659E-07 1.9000E+07 1.2251E-07
 1.9200E+07 1.1842E-07 1.9400E+07 1.1434E-07 1.9600E+07 1.1026E-07
 1.9800E+07 1.0617E-07 2.0000E+07 1.0209E-07 