 1.0000E-05 0.0000E+00 1.0000E-05 5.2641E+01 1.0500E-04 5.2641E+01
 1.0500E-04 3.9792E+01 1.1000E-04 3.9792E+01 1.1000E-04 3.8954E+01
 1.1500E-04 3.8954E+01 1.1500E-04 3.8176E+01 1.2000E-04 3.8176E+01
 1.2000E-04 3.7200E+01 1.2750E-04 3.7200E+01 1.2750E-04 3.6039E+01
 1.3500E-04 3.6039E+01 1.3500E-04 3.5068E+01 1.4250E-04 3.5068E+01
 1.4250E-04 3.4186E+01 1.5000E-04 3.4186E+01 1.5000E-04 3.3159E+01
 1.6000E-04 3.3159E+01 1.6000E-04 3.2150E+01 1.7000E-04 3.2150E+01
 1.7000E-04 3.1222E+01 1.8000E-04 3.1222E+01 1.8000E-04 3.0337E+01
 1.9000E-04 3.0337E+01 1.9000E-04 2.9573E+01 2.0000E-04 2.9573E+01
 2.0000E-04 2.8820E+01 2.1000E-04 2.8820E+01 2.1000E-04 2.8186E+01
 2.2000E-04 2.8186E+01 2.2000E-04 2.7600E+01 2.3000E-04 2.7600E+01
 2.3000E-04 2.7014E+01 2.4000E-04 2.7014E+01 2.4000E-04 2.6278E+01
 2.5500E-04 2.6278E+01 2.5500E-04 2.5484E+01 2.7000E-04 2.5484E+01
 2.7000E-04 2.4936E+01 2.8000E-04 2.4936E+01 2.8000E-04 2.4276E+01
 3.0000E-04 2.4276E+01 3.0000E-04 2.3444E+01 3.2000E-04 2.3444E+01
 3.2000E-04 2.2749E+01 3.4000E-04 2.2749E+01 3.4000E-04 2.2065E+01
 3.6000E-04 2.2065E+01 3.6000E-04 2.1469E+01 3.8000E-04 2.1469E+01
 3.8000E-04 2.0912E+01 4.0000E-04 2.0912E+01 4.0000E-04 2.0336E+01
 4.2500E-04 2.0336E+01 4.2500E-04 1.9797E+01 4.5000E-04 1.9797E+01
 4.5000E-04 1.9262E+01 4.7500E-04 1.9262E+01 4.7500E-04 1.8726E+01
 5.0000E-04 1.8726E+01 5.0000E-04 1.8239E+01 5.2500E-04 1.8239E+01
 5.2500E-04 1.7840E+01 5.5000E-04 1.7840E+01 5.5000E-04 1.7442E+01
 5.7500E-04 1.7442E+01 5.7500E-04 1.7044E+01 6.0000E-04 1.7044E+01
 6.0000E-04 1.6649E+01 6.3000E-04 1.6649E+01 6.3000E-04 1.6276E+01
 6.6000E-04 1.6276E+01 6.6000E-04 1.5903E+01 6.9000E-04 1.5903E+01
 6.9000E-04 1.5543E+01 7.2000E-04 1.5543E+01 7.2000E-04 1.5186E+01
 7.6000E-04 1.5186E+01 7.6000E-04 1.4784E+01 8.0000E-04 1.4784E+01
 8.0000E-04 1.4429E+01 8.4000E-04 1.4429E+01 8.4000E-04 1.4121E+01
 8.8000E-04 1.4121E+01 8.8000E-04 1.3813E+01 9.2000E-04 1.3813E+01
 9.2000E-04 1.3505E+01 9.6000E-04 1.3505E+01 9.6000E-04 1.3196E+01
 1.0000E-03 1.3196E+01 1.0000E-03 1.2904E+01 1.0500E-03 1.2904E+01
 1.0500E-03 1.2618E+01 1.1000E-03 1.2618E+01 1.1000E-03 1.2333E+01
 1.1500E-03 1.2333E+01 1.1500E-03 1.2048E+01 1.2000E-03 1.2048E+01
 1.2000E-03 1.1744E+01 1.2750E-03 1.1744E+01 1.2750E-03 1.1411E+01
 1.3500E-03 1.1411E+01 1.3500E-03 1.1084E+01 1.4250E-03 1.1084E+01
 1.4250E-03 1.0804E+01 1.5000E-03 1.0804E+01 1.5000E-03 1.0490E+01
 1.6000E-03 1.0490E+01 1.6000E-03 1.0181E+01 1.7000E-03 1.0181E+01
 1.7000E-03 9.9064E+00 1.8000E-03 9.9064E+00 1.8000E-03 9.6316E+00
 1.9000E-03 9.6316E+00 1.9000E-03 9.3573E+00 2.0000E-03 9.3573E+00
 2.0000E-03 9.1281E+00 2.1000E-03 9.1281E+00 2.1000E-03 8.9248E+00
 2.2000E-03 8.9248E+00 2.2000E-03 8.7216E+00 2.3000E-03 8.7216E+00
 2.3000E-03 8.5189E+00 2.4000E-03 8.5189E+00 2.4000E-03 8.3062E+00
 2.5500E-03 8.3062E+00 2.5500E-03 8.0690E+00 2.7000E-03 8.0690E+00
 2.7000E-03 7.8725E+00 2.8000E-03 7.8725E+00 2.8000E-03 7.6717E+00
 3.0000E-03 7.6717E+00 3.0000E-03 7.4171E+00 3.2000E-03 7.4171E+00
 3.2000E-03 7.2003E+00 3.4000E-03 7.2003E+00 3.4000E-03 7.0051E+00
 3.6000E-03 7.0051E+00 3.6000E-03 6.8100E+00 3.8000E-03 6.8100E+00
 3.8000E-03 6.6156E+00 4.0000E-03 6.6156E+00 4.0000E-03 6.4368E+00
 4.2500E-03 6.4368E+00 4.2500E-03 6.2566E+00 4.5000E-03 6.2566E+00
 4.5000E-03 6.0763E+00 4.7500E-03 6.0763E+00 4.7500E-03 5.9159E+00
 5.0000E-03 5.9159E+00 5.0000E-03 5.7758E+00 5.2500E-03 5.7758E+00
 5.2500E-03 5.6357E+00 5.5000E-03 5.6357E+00 5.5000E-03 5.5049E+00
 5.7500E-03 5.5049E+00 5.7500E-03 5.3916E+00 6.0000E-03 5.3916E+00
 6.0000E-03 5.2672E+00 6.3000E-03 5.2672E+00 6.3000E-03 5.1442E+00
 6.6000E-03 5.1442E+00 6.6000E-03 5.0404E+00 6.9000E-03 5.0404E+00
 6.9000E-03 4.9366E+00 7.2000E-03 4.9366E+00 7.2000E-03 4.8154E+00
 7.6000E-03 4.8154E+00 7.6000E-03 4.6778E+00 8.0000E-03 4.6778E+00
 8.0000E-03 4.5647E+00 8.4000E-03 4.5647E+00 8.4000E-03 4.4626E+00
 8.8000E-03 4.4626E+00 8.8000E-03 4.3604E+00 9.2000E-03 4.3604E+00
 9.2000E-03 4.2589E+00 9.6000E-03 4.2589E+00 9.6000E-03 4.1735E+00
 1.0000E-02 4.1735E+00 1.0000E-02 4.0842E+00 1.0500E-02 4.0842E+00
 1.0500E-02 3.9849E+00 1.1000E-02 3.9849E+00 1.1000E-02 3.8926E+00
 1.1500E-02 3.8926E+00 1.1500E-02 3.8126E+00 1.2000E-02 3.8126E+00
 1.2000E-02 3.7127E+00 1.2750E-02 3.7127E+00 1.2750E-02 3.6103E+00
 1.3500E-02 3.6103E+00 1.3500E-02 3.5184E+00 1.4250E-02 3.5184E+00
 1.4250E-02 3.4266E+00 1.5000E-02 3.4266E+00 1.5000E-02 3.3199E+00
 1.6000E-02 3.3199E+00 1.6000E-02 3.2188E+00 1.7000E-02 3.2188E+00
 1.7000E-02 3.1281E+00 1.8000E-02 3.1281E+00 1.8000E-02 3.0374E+00
 1.9000E-02 3.0374E+00 1.9000E-02 2.9574E+00 2.0000E-02 2.9574E+00
 2.0000E-02 2.8870E+00 2.1000E-02 2.8870E+00 2.1000E-02 2.8165E+00
 2.2000E-02 2.8165E+00 2.2000E-02 2.7511E+00 2.3000E-02 2.7511E+00
 2.3000E-02 2.6943E+00 2.4000E-02 2.6943E+00 2.4000E-02 2.6235E+00
 2.5500E-02 2.6235E+00 2.5500E-02 2.5491E+00 2.7000E-02 2.5491E+00
 2.7000E-02 2.4922E+00 2.8000E-02 2.4922E+00 2.8000E-02 2.4242E+00
 3.0000E-02 2.4242E+00 3.0000E-02 2.3451E+00 3.2000E-02 2.3451E+00
 3.2000E-02 2.2723E+00 3.4000E-02 2.2723E+00 3.4000E-02 2.2056E+00
 3.6000E-02 2.2056E+00 3.6000E-02 2.1458E+00 3.8000E-02 2.1458E+00
 3.8000E-02 2.0889E+00 4.0000E-02 2.0889E+00 4.0000E-02 2.0324E+00
 4.2500E-02 2.0324E+00 4.2500E-02 1.9742E+00 4.5000E-02 1.9742E+00
 4.5000E-02 1.9238E+00 4.7500E-02 1.9238E+00 4.7500E-02 1.8734E+00
 5.0000E-02 1.8734E+00 5.0000E-02 1.8236E+00 5.2500E-02 1.8236E+00
 5.2500E-02 1.7821E+00 5.5000E-02 1.7821E+00 5.5000E-02 1.7429E+00
 5.7500E-02 1.7429E+00 5.7500E-02 1.7037E+00 6.0000E-02 1.7037E+00
 6.0000E-02 1.6641E+00 6.3000E-02 1.6641E+00 6.3000E-02 1.6264E+00
 6.6000E-02 1.6264E+00 6.6000E-02 1.5887E+00 6.9000E-02 1.5887E+00
 6.9000E-02 1.5540E+00 7.2000E-02 1.5540E+00 7.2000E-02 1.5182E+00
 7.6000E-02 1.5182E+00 7.6000E-02 1.4782E+00 8.0000E-02 1.4782E+00
 8.0000E-02 1.4448E+00 8.4000E-02 1.4448E+00 8.4000E-02 1.4124E+00
 8.8000E-02 1.4124E+00 8.8000E-02 1.3800E+00 9.2000E-02 1.3800E+00
 9.2000E-02 1.3476E+00 9.6000E-02 1.3476E+00 9.6000E-02 1.3199E+00
 1.0000E-01 1.3199E+00 1.0000E-01 1.2922E+00 1.0500E-01 1.2922E+00
 1.0500E-01 1.2612E+00 1.1000E-01 1.2612E+00 1.1000E-01 1.2307E+00
 1.1500E-01 1.2307E+00 1.1500E-01 1.2050E+00 1.2000E-01 1.2050E+00
 1.2000E-01 1.1748E+00 1.2750E-01 1.1748E+00 1.2750E-01 1.1392E+00
 1.3500E-01 1.1392E+00 1.3500E-01 1.1087E+00 1.4250E-01 1.1087E+00
 1.4250E-01 1.0789E+00 1.5000E-01 1.0789E+00 1.5000E-01 1.0490E+00
 1.6000E-01 1.0490E+00 1.6000E-01 1.0167E+00 1.7000E-01 1.0167E+00
 1.7000E-01 9.8921E-01 1.8000E-01 9.8921E-01 1.8000E-01 9.6284E-01
 1.9000E-01 9.6284E-01 1.9000E-01 9.3647E-01 2.0000E-01 9.3647E-01
 2.0000E-01 9.1249E-01 2.1000E-01 9.1249E-01 2.1000E-01 8.9205E-01
 2.2000E-01 8.9205E-01 2.2000E-01 8.7161E-01 2.3000E-01 8.7161E-01
 2.3000E-01 8.5147E-01 2.4000E-01 8.5147E-01 2.4000E-01 8.3096E-01
 2.5500E-01 8.3096E-01 2.5500E-01 8.0652E-01 2.7000E-01 8.0652E-01
 2.7000E-01 7.8674E-01 2.8000E-01 7.8674E-01 2.8000E-01 7.6806E-01
 3.0000E-01 7.6806E-01 3.0000E-01 7.4273E-01 3.2000E-01 7.4273E-01
 3.2000E-01 7.2164E-01 3.4000E-01 7.2164E-01 3.4000E-01 7.0086E-01
 3.6000E-01 7.0086E-01 3.6000E-01 6.8012E-01 3.8000E-01 6.8012E-01
 3.8000E-01 6.6245E-01 4.0000E-01 6.6245E-01 4.0000E-01 6.4468E-01
 4.2500E-01 6.4468E-01 4.2500E-01 6.2408E-01 4.5000E-01 6.2408E-01
 4.5000E-01 6.0699E-01 4.7500E-01 6.0699E-01 4.7500E-01 5.9143E-01
 5.0000E-01 5.9143E-01 5.0000E-01 5.7603E-01 5.2500E-01 5.7603E-01
 5.2500E-01 5.6283E-01 5.5000E-01 5.6283E-01 5.5000E-01 5.5027E-01
 5.7500E-01 5.5027E-01 5.7500E-01 5.3811E-01 6.0000E-01 5.3811E-01
 6.0000E-01 5.2711E-01 6.3000E-01 5.2711E-01 6.3000E-01 5.1542E-01
 6.6000E-01 5.1542E-01 6.6000E-01 5.0372E-01 6.9000E-01 5.0372E-01
 6.9000E-01 4.9203E-01 7.2000E-01 4.9203E-01 7.2000E-01 4.7973E-01
 7.6000E-01 4.7973E-01 7.6000E-01 4.6797E-01 8.0000E-01 4.6797E-01
 8.0000E-01 4.5626E-01 8.4000E-01 4.5626E-01 8.4000E-01 4.4467E-01
 8.8000E-01 4.4467E-01 8.8000E-01 4.3492E-01 9.2000E-01 4.3492E-01
 9.2000E-01 4.2576E-01 9.6000E-01 4.2576E-01 9.6000E-01 4.1660E-01
 1.0000E+00 4.1660E-01 1.0000E+00 4.0711E-01 1.0500E+00 4.0711E-01
 1.0500E+00 3.9788E-01 1.1000E+00 3.9788E-01 1.1000E+00 3.8866E-01
 1.1500E+00 3.8866E-01 1.1500E+00 3.8060E-01 1.2000E+00 3.8060E-01
 1.2000E+00 3.7175E-01 1.2750E+00 3.7175E-01 1.2750E+00 3.6109E-01
 1.3500E+00 3.6109E-01 1.3500E+00 3.5044E-01 1.4250E+00 3.5044E-01
 1.4250E+00 3.4100E-01 1.5000E+00 3.4100E-01 1.5000E+00 3.3176E-01
 1.6000E+00 3.3176E-01 1.6000E+00 3.2116E-01 1.7000E+00 3.2116E-01
 1.7000E+00 3.1151E-01 1.8000E+00 3.1151E-01 1.8000E+00 3.0325E-01
 1.9000E+00 3.0325E-01 1.9000E+00 2.9499E-01 2.0000E+00 2.9499E-01
 2.0000E+00 2.8770E-01 2.1000E+00 2.8770E-01 2.1000E+00 2.8106E-01
 2.2000E+00 2.8106E-01 2.2000E+00 2.7448E-01 2.3000E+00 2.7448E-01
 2.3000E+00 2.6899E-01 2.4000E+00 2.6899E-01 2.4000E+00 2.6264E-01
 2.5500E+00 2.6264E-01 2.5500E+00 2.5498E-01 2.7000E+00 2.5498E-01
 2.7000E+00 2.4858E-01 2.8000E+00 2.4858E-01 2.8000E+00 2.4189E-01
 3.0000E+00 2.4189E-01 3.0000E+00 2.3427E-01 3.2000E+00 2.3427E-01
 3.2000E+00 2.2668E-01 3.4000E+00 2.2668E-01 3.4000E+00 2.2000E-01
 3.6000E+00 2.2000E-01 3.6000E+00 2.1409E-01 3.8000E+00 2.1409E-01
 3.8000E+00 2.0821E-01 4.0000E+00 2.0821E-01 4.0000E+00 2.0254E-01
 4.2500E+00 2.0254E-01 4.2500E+00 1.9660E-01 4.5000E+00 1.9660E-01
 4.5000E+00 1.9126E-01 4.7500E+00 1.9126E-01 4.7500E+00 1.8671E-01
 5.0000E+00 1.8671E-01 5.0000E+00 1.8215E-01 5.2500E+00 1.8215E-01
 5.2500E+00 1.7759E-01 5.5000E+00 1.7759E-01 5.5000E+00 1.7315E-01
 5.7500E+00 1.7315E-01 5.7500E+00 1.6960E-01 6.0000E+00 1.6960E-01
 6.0000E+00 1.6589E-01 6.3000E+00 1.6589E-01 6.3000E+00 1.6184E-01
 6.6000E+00 1.6184E-01 6.6000E+00 1.5788E-01 6.9000E+00 1.5788E-01
 6.9000E+00 1.5460E-01 7.2000E+00 1.5460E-01 7.2000E+00 1.5093E-01
 7.6000E+00 1.5093E-01 7.6000E+00 1.4676E-01 8.0000E+00 1.4676E-01
 8.0000E+00 1.4317E-01 8.4000E+00 1.4317E-01 8.4000E+00 1.3978E-01
 8.8000E+00 1.3978E-01 8.8000E+00 1.3649E-01 9.2000E+00 1.3649E-01
 9.2000E+00 1.3379E-01 9.6000E+00 1.3379E-01 9.6000E+00 1.3119E-01
 1.0000E+01 1.3119E-01 1.0000E+01 1.2828E-01 1.0500E+01 1.2828E-01
 1.0500E+01 1.2503E-01 1.1000E+01 1.2503E-01 1.1000E+01 1.2188E-01
 1.1500E+01 1.2188E-01 1.1500E+01 1.1938E-01 1.2000E+01 1.1938E-01
 1.2000E+01 1.1638E-01 1.2750E+01 1.1638E-01 1.2750E+01 1.1278E-01
 1.3500E+01 1.1278E-01 1.3500E+01 1.0958E-01 1.4250E+01 1.0958E-01
 1.4250E+01 1.0677E-01 1.5000E+01 1.0677E-01 1.5000E+01 1.0353E-01
 1.6000E+01 1.0353E-01 1.6000E+01 1.0031E-01 1.7000E+01 1.0031E-01
 1.7000E+01 9.7284E-02 1.8000E+01 9.7284E-02 1.8000E+01 9.4626E-02
 1.9000E+01 9.4626E-02 1.9000E+01 9.2311E-02 2.0000E+01 9.2311E-02
 2.0000E+01 8.9996E-02 2.1000E+01 8.9996E-02 2.1000E+01 8.7681E-02
 2.2000E+01 8.7681E-02 2.2000E+01 8.5446E-02 2.3000E+01 8.5446E-02
 2.3000E+01 8.3663E-02 2.4000E+01 8.3663E-02 2.4000E+01 8.1524E-02
 2.5500E+01 8.1524E-02 2.5500E+01 7.8947E-02 2.7000E+01 7.8947E-02
 2.7000E+01 7.6997E-02 2.8000E+01 7.6997E-02 2.8000E+01 7.5002E-02
 3.0000E+01 7.5002E-02 3.0000E+01 7.2343E-02 3.2000E+01 7.2343E-02
 3.2000E+01 7.0044E-02 3.4000E+01 7.0044E-02 3.4000E+01 6.7881E-02
 3.6000E+01 6.7881E-02 3.6000E+01 6.5983E-02 3.8000E+01 6.5983E-02
 3.8000E+01 6.4322E-02 4.0000E+01 6.4322E-02 4.0000E+01 6.2458E-02
 4.2500E+01 6.2458E-02 4.2500E+01 6.0381E-02 4.5000E+01 6.0381E-02
 4.5000E+01 5.8587E-02 4.7500E+01 5.8587E-02 4.7500E+01 5.7044E-02
 5.0000E+01 5.7044E-02 5.0000E+01 5.5502E-02 5.2500E+01 5.5502E-02
 5.2500E+01 5.3990E-02 5.5000E+01 5.3990E-02 5.5000E+01 5.2732E-02
 5.7500E+01 5.2732E-02 5.7500E+01 5.1527E-02 6.0000E+01 5.1527E-02
 6.0000E+01 5.0203E-02 6.3000E+01 5.0203E-02 6.3000E+01 4.8905E-02
 6.6000E+01 4.8905E-02 6.6000E+01 4.7733E-02 6.9000E+01 4.7733E-02
 6.9000E+01 4.6561E-02 7.2000E+01 4.6561E-02 7.2000E+01 4.5389E-02
 7.6000E+01 4.5389E-02 7.6000E+01 4.4185E-02 8.0000E+01 4.4185E-02
 8.0000E+01 4.2982E-02 8.4000E+01 4.2982E-02 8.4000E+01 4.1779E-02
 8.8000E+01 4.1779E-02 8.8000E+01 4.0619E-02 9.2000E+01 4.0619E-02
 9.2000E+01 3.9693E-02 9.6000E+01 3.9693E-02 9.6000E+01 3.8798E-02
 1.0000E+02 3.8798E-02 1.0000E+02 3.7792E-02 1.0500E+02 3.7792E-02
 1.0500E+02 3.6696E-02 1.1000E+02 3.6696E-02 1.1000E+02 3.5781E-02
 1.1500E+02 3.5781E-02 1.1500E+02 3.4902E-02 1.2000E+02 3.4902E-02
 1.2000E+02 3.3815E-02 1.2750E+02 3.3815E-02 1.2750E+02 3.2671E-02
 1.3500E+02 3.2671E-02 1.3500E+02 3.1601E-02 1.4250E+02 3.1601E-02
 1.4250E+02 3.0610E-02 1.5000E+02 3.0610E-02 1.5000E+02 2.9628E-02
 1.6000E+02 2.9628E-02 1.6000E+02 2.8505E-02 1.7000E+02 2.8505E-02
 1.7000E+02 2.7415E-02 1.8000E+02 2.7415E-02 1.8000E+02 2.6540E-02
 1.9000E+02 2.6540E-02 1.9000E+02 2.5702E-02 2.0000E+02 2.5702E-02
 2.0000E+02 2.4865E-02 2.1000E+02 2.4865E-02 2.1000E+02 2.4045E-02
 2.2000E+02 2.4045E-02 2.2000E+02 2.3370E-02 2.3000E+02 2.3370E-02
 2.3000E+02 2.2724E-02 2.4000E+02 2.2724E-02 2.4000E+02 2.1924E-02
 2.5500E+02 2.1924E-02 2.5500E+02 2.1083E-02 2.7000E+02 2.1083E-02
 2.7000E+02 2.0425E-02 2.8000E+02 2.0425E-02 2.8000E+02 1.9686E-02
 3.0000E+02 1.9686E-02 3.0000E+02 1.8846E-02 3.2000E+02 1.8846E-02
 3.2000E+02 1.8021E-02 3.4000E+02 1.8021E-02 3.4000E+02 1.7229E-02
 3.6000E+02 1.7229E-02 3.6000E+02 1.6648E-02 3.8000E+02 1.6648E-02
 3.8000E+02 1.6103E-02 4.0000E+02 1.6103E-02 4.0000E+02 1.5492E-02
 4.2500E+02 1.5492E-02 4.2500E+02 1.4811E-02 4.5000E+02 1.4811E-02
 4.5000E+02 1.4130E-02 4.7500E+02 1.4130E-02 4.7500E+02 1.3449E-02
 5.0000E+02 1.3449E-02 5.0000E+02 1.2850E-02 5.2500E+02 1.2850E-02
 5.2500E+02 1.2378E-02 5.5000E+02 1.2378E-02 5.5000E+02 1.1908E-02
 5.7500E+02 1.1908E-02 5.7500E+02 1.1485E-02 6.0000E+02 1.1485E-02
 6.0000E+02 1.1070E-02 6.3000E+02 1.1070E-02 6.3000E+02 1.0616E-02
 6.6000E+02 1.0616E-02 6.6000E+02 1.0190E-02 6.9000E+02 1.0190E-02
 6.9000E+02 9.8120E-03 7.2000E+02 9.8120E-03 7.2000E+02 9.4225E-03
 7.6000E+02 9.4225E-03 7.6000E+02 9.0115E-03 8.0000E+02 9.0115E-03
 8.0000E+02 8.6048E-03 8.4000E+02 8.6048E-03 8.4000E+02 8.2614E-03
 8.8000E+02 8.2614E-03 8.8000E+02 7.9880E-03 9.2000E+02 7.9880E-03
 9.2000E+02 7.7482E-03 9.6000E+02 7.7482E-03 9.6000E+02 7.6300E-03
 1.0000E+03 7.6300E-03 1.0000E+03 7.7797E-03 1.0500E+03 7.7797E-03
 1.0500E+03 9.4754E-03 1.1000E+03 9.4754E-03 1.1000E+03 1.7785E+00
 1.1500E+03 1.7785E+00 1.1500E+03 1.2664E+00 1.2000E+03 1.2664E+00
 1.2000E+03 8.1268E-03 1.2750E+03 8.1268E-03 1.2750E+03 5.8972E-03
 1.3500E+03 5.8972E-03 1.3500E+03 5.2384E-03 1.4250E+03 5.2384E-03
 1.4250E+03 4.8242E-03 1.5000E+03 4.8242E-03 1.5000E+03 4.4630E-03
 1.6000E+03 4.4630E-03 1.6000E+03 4.1174E-03 1.7000E+03 4.1174E-03
 1.7000E+03 3.8200E-03 1.8000E+03 3.8200E-03 1.8000E+03 3.5753E-03
 1.9000E+03 3.5753E-03 1.9000E+03 3.3383E-03 2.0000E+03 3.3383E-03
 2.0000E+03 3.1383E-03 2.1000E+03 3.1383E-03 2.1000E+03 2.9531E-03
 2.2000E+03 2.9531E-03 2.2000E+03 2.7927E-03 2.3000E+03 2.7927E-03
 2.3000E+03 1.0296E-02 2.4000E+03 1.0296E-02 2.4000E+03 2.4754E-03
 2.5500E+03 2.4754E-03 2.5500E+03 2.2811E-03 2.7000E+03 2.2811E-03
 2.7000E+03 2.1452E-03 2.8000E+03 2.1452E-03 2.8000E+03 1.9999E-03
 3.0000E+03 1.9999E-03 3.0000E+03 1.8291E-03 3.2000E+03 1.8291E-03
 3.2000E+03 1.6794E-03 3.4000E+03 1.6794E-03 3.4000E+03 1.5523E-03
 3.6000E+03 1.5523E-03 3.6000E+03 1.4388E-03 3.8000E+03 1.4388E-03
 3.8000E+03 1.3391E-03 4.0000E+03 1.3391E-03 4.0000E+03 1.2421E-03
 4.2500E+03 1.2421E-03 4.2500E+03 1.1488E-03 4.5000E+03 1.1488E-03
 4.5000E+03 1.0655E-03 4.7500E+03 1.0655E-03 4.7500E+03 9.9488E-04
 5.0000E+03 9.9488E-04 5.0000E+03 9.3209E-04 5.2500E+03 9.3209E-04
 5.2500E+03 8.7254E-04 5.5000E+03 8.7254E-04 5.5000E+03 8.2623E-04
 5.7500E+03 8.2623E-04 5.7500E+03 7.8128E-04 6.0000E+03 7.8128E-04
 6.0000E+03 7.3399E-04 6.3000E+03 7.3399E-04 6.3000E+03 6.9290E-04
 6.6000E+03 6.9290E-04 6.6000E+03 6.5415E-04 6.9000E+03 6.5415E-04
 6.9000E+03 6.2207E-04 7.2000E+03 6.2207E-04 7.2000E+03 5.8746E-04
 7.6000E+03 5.8746E-04 7.6000E+03 5.5428E-04 8.0000E+03 5.5428E-04
 8.0000E+03 5.2505E-04 8.4000E+03 5.2505E-04 8.4000E+03 5.0009E-04
 8.8000E+03 5.0009E-04 8.8000E+03 4.7979E-04 9.2000E+03 4.7979E-04
 9.2000E+03 4.6086E-04 9.6000E+03 4.6086E-04 9.6000E+03 4.4508E-04
 1.0000E+04 4.4508E-04 1.0000E+04 4.3129E-04 1.0500E+04 4.3129E-04
 1.0500E+04 4.1615E-04 1.1000E+04 4.1615E-04 1.1000E+04 4.0606E-04
 1.1500E+04 4.0606E-04 1.1500E+04 3.9798E-04 1.2000E+04 3.9798E-04
 1.2000E+04 1.2911E-03 1.2750E+04 1.2911E-03 1.2750E+04 3.8734E-04
 1.3500E+04 3.8734E-04 1.3500E+04 3.8827E-04 1.4250E+04 3.8827E-04
 1.4250E+04 3.9446E-04 1.5000E+04 3.9446E-04 1.5000E+04 4.1139E-04
 1.6000E+04 4.1139E-04 1.6000E+04 4.3546E-04 1.7000E+04 4.3546E-04
 1.7000E+04 2.9531E-03 1.8000E+04 2.9531E-03 1.8000E+04 5.3644E-04
 1.9000E+04 5.3644E-04 1.9000E+04 6.2456E-04 2.0000E+04 6.2456E-04
 2.0000E+04 2.5150E-03 2.1000E+04 2.5150E-03 2.1000E+04 9.4998E-04
 2.2000E+04 9.4998E-04 2.2000E+04 2.7345E-02 2.3000E+04 2.7345E-02
 2.3000E+04 1.8525E-03 2.4000E+04 1.8525E-03 2.4000E+04 3.4757E-03
 2.5500E+04 3.4757E-03 2.5500E+04 1.2504E-02 2.7000E+04 1.2504E-02
 2.7000E+04 4.7755E-02 2.8000E+04 4.7755E-02 2.8000E+04 1.9929E-02
 3.0000E+04 1.9929E-02 3.0000E+04 2.8964E-03 3.2000E+04 2.8964E-03
 3.2000E+04 1.1265E-03 3.4000E+04 1.1265E-03 3.4000E+04 2.9364E-02
 3.6000E+04 2.9364E-02 3.6000E+04 1.3642E-02 3.8000E+04 1.3642E-02
 3.8000E+04 1.6022E-02 4.0000E+04 1.6022E-02 4.0000E+04 1.8490E-04
 4.2500E+04 1.8490E-04 4.2500E+04 1.4967E-04 4.5000E+04 1.4967E-04
 4.5000E+04 1.9073E-02 4.7500E+04 1.9073E-02 4.7500E+04 1.1440E-04
 5.0000E+04 1.1440E-04 5.0000E+04 2.3842E-02 5.2500E+04 2.3842E-02
 5.2500E+04 1.1744E-02 5.5000E+04 1.1744E-02 5.5000E+04 9.3559E-05
 5.7500E+04 9.3559E-05 5.7500E+04 2.2188E-02 6.0000E+04 2.2188E-02
 6.0000E+04 1.0401E-04 6.3000E+04 1.0401E-04 6.3000E+04 1.2733E-02
 6.6000E+04 1.2733E-02 6.6000E+04 1.4979E-04 6.9000E+04 1.4979E-04
 6.9000E+04 3.9958E-04 7.2000E+04 3.9958E-04 7.2000E+04 1.8911E-02
 7.6000E+04 1.8911E-02 7.6000E+04 4.2831E-03 8.0000E+04 4.2831E-03
 8.0000E+04 3.0850E-02 8.4000E+04 3.0850E-02 8.4000E+04 1.9972E-03
 8.8000E+04 1.9972E-03 8.8000E+04 9.4895E-03 9.2000E+04 9.4895E-03
 9.2000E+04 1.7701E-02 9.6000E+04 1.7701E-02 9.6000E+04 2.5004E-02
 1.0000E+05 2.5004E-02 1.0000E+05 1.0502E-02 1.0500E+05 1.0502E-02
 1.0500E+05 1.1362E-02 1.1000E+05 1.1362E-02 1.1000E+05 7.7705E-03
 1.1500E+05 7.7705E-03 1.1500E+05 9.4713E-05 1.2000E+05 9.4713E-05
 1.2000E+05 1.1447E-02 1.2750E+05 1.1447E-02 1.2750E+05 6.2116E-03
 1.3500E+05 6.2116E-03 1.3500E+05 9.8168E-03 1.4250E+05 9.8168E-03
 1.4250E+05 1.6213E-03 1.5000E+05 1.6213E-03 1.5000E+05 1.6116E-03
 1.6000E+05 1.6116E-03 1.6000E+05 9.0793E-03 1.7000E+05 9.0793E-03
 1.7000E+05 3.6232E-03 1.8000E+05 3.6232E-03 1.8000E+05 1.0508E-02
 1.9000E+05 1.0508E-02 1.9000E+05 5.3111E-03 2.0000E+05 5.3111E-03
 2.0000E+05 7.7872E-03 2.1000E+05 7.7872E-03 2.1000E+05 3.6628E-03
 2.2000E+05 3.6628E-03 2.2000E+05 7.6701E-03 2.3000E+05 7.6701E-03
 2.3000E+05 8.2591E-03 2.4000E+05 8.2591E-03 2.4000E+05 6.9940E-03
 2.5500E+05 6.9940E-03 2.5500E+05 5.0886E-03 2.7000E+05 5.0886E-03
 2.7000E+05 2.0729E-03 2.8000E+05 2.0729E-03 2.8000E+05 8.1996E-03
 3.0000E+05 8.1996E-03 3.0000E+05 5.0711E-03 3.2000E+05 5.0711E-03
 3.2000E+05 6.5288E-03 3.4000E+05 6.5288E-03 3.4000E+05 7.1614E-03
 3.6000E+05 7.1614E-03 3.6000E+05 4.2132E-03 3.8000E+05 4.2132E-03
 3.8000E+05 1.9014E-03 4.0000E+05 1.9014E-03 4.0000E+05 4.2391E-03
 4.2500E+05 4.2391E-03 4.2500E+05 4.9057E-03 4.5000E+05 4.9057E-03
 4.5000E+05 4.8479E-03 4.7500E+05 4.8479E-03 4.7500E+05 5.0604E-03
 5.0000E+05 5.0604E-03 5.0000E+05 4.6940E-03 5.2500E+05 4.6940E-03
 5.2500E+05 4.9813E-03 5.5000E+05 4.9813E-03 5.5000E+05 5.4364E-03
 5.7500E+05 5.4364E-03 5.7500E+05 4.4617E-03 6.0000E+05 4.4617E-03
 6.0000E+05 5.2279E-03 6.3000E+05 5.2279E-03 6.3000E+05 6.6609E-03
 6.6000E+05 6.6609E-03 6.6000E+05 7.4851E-03 6.9000E+05 7.4851E-03
 6.9000E+05 5.2097E-03 7.2000E+05 5.2097E-03 7.2000E+05 7.0142E-03
 7.6000E+05 7.0142E-03 7.6000E+05 8.5936E-03 8.0000E+05 8.5936E-03
 8.0000E+05 7.5714E-03 8.4000E+05 7.5714E-03 8.4000E+05 5.4120E-03
 8.8000E+05 5.4120E-03 8.8000E+05 3.3396E-03 9.2000E+05 3.3396E-03
 9.2000E+05 2.8355E-03 9.6000E+05 2.8355E-03 9.6000E+05 2.6742E-03
 1.0000E+06 2.6742E-03 1.0000E+06 2.5157E-03 1.1000E+06 2.5157E-03
 1.1000E+06 2.3545E-03 1.2000E+06 2.3545E-03 1.2000E+06 2.2033E-03
 1.3000E+06 2.2033E-03 1.3000E+06 2.0967E-03 1.4000E+06 2.0967E-03
 1.4000E+06 1.9976E-03 1.5000E+06 1.9976E-03 1.5000E+06 1.9371E-03
 1.6000E+06 1.9371E-03 1.6000E+06 1.9171E-03 1.7000E+06 1.9171E-03
 1.7000E+06 1.8972E-03 1.8000E+06 1.8972E-03 1.8000E+06 1.8772E-03
 1.9000E+06 1.8772E-03 1.9000E+06 1.8570E-03 2.0000E+06 1.8570E-03
 2.0000E+06 1.8629E-03 2.1000E+06 1.8629E-03 2.1000E+06 1.8929E-03
 2.2000E+06 1.8929E-03 2.2000E+06 1.9232E-03 2.3000E+06 1.9232E-03
 2.3000E+06 1.9533E-03 2.4000E+06 1.9533E-03 2.4000E+06 1.9835E-03
 2.5000E+06 1.9835E-03 2.5000E+06 1.9838E-03 2.6000E+06 1.9838E-03
 2.6000E+06 1.9538E-03 2.7000E+06 1.9538E-03 2.7000E+06 1.9239E-03
 2.8000E+06 1.9239E-03 2.8000E+06 1.8939E-03 2.9000E+06 1.8939E-03
 2.9000E+06 1.8639E-03 3.0000E+06 1.8639E-03 3.0000E+06 1.8138E-03
 3.1000E+06 1.8138E-03 3.1000E+06 1.7440E-03 3.2000E+06 1.7440E-03
 3.2000E+06 1.6740E-03 3.3000E+06 1.6740E-03 3.3000E+06 1.6044E-03
 3.4000E+06 1.6044E-03 3.4000E+06 1.5345E-03 3.5000E+06 1.5345E-03
 3.5000E+06 1.4419E-03 3.6000E+06 1.4419E-03 3.6000E+06 1.3256E-03
 3.7000E+06 1.3256E-03 3.7000E+06 1.2099E-03 3.8000E+06 1.2099E-03
 3.8000E+06 1.0939E-03 3.9000E+06 1.0939E-03 3.9000E+06 9.7805E-04
 4.0000E+06 9.7805E-04 4.0000E+06 9.0764E-04 4.1000E+06 9.0764E-04
 4.1000E+06 8.8350E-04 4.2000E+06 8.8350E-04 4.2000E+06 8.5965E-04
 4.3000E+06 8.5965E-04 4.3000E+06 8.3554E-04 4.4000E+06 8.3554E-04
 4.4000E+06 8.1151E-04 4.5000E+06 8.1151E-04 4.5000E+06 7.8769E-04
 4.6000E+06 7.8769E-04 4.6000E+06 7.6366E-04 4.7000E+06 7.6366E-04
 4.7000E+06 7.3981E-04 4.8000E+06 7.3981E-04 4.8000E+06 7.1584E-04
 4.9000E+06 7.1584E-04 4.9000E+06 6.9185E-04 5.0000E+06 6.9185E-04
 5.0000E+06 6.7185E-04 5.1000E+06 6.7185E-04 5.1000E+06 6.5578E-04
 5.2000E+06 6.5578E-04 5.2000E+06 6.3978E-04 5.3000E+06 6.3978E-04
 5.3000E+06 6.2388E-04 5.4000E+06 6.2388E-04 5.4000E+06 6.0798E-04
 5.5000E+06 6.0798E-04 5.5000E+06 5.9199E-04 5.6000E+06 5.9199E-04
 5.6000E+06 5.7586E-04 5.7000E+06 5.7586E-04 5.7000E+06 5.5989E-04
 5.8000E+06 5.5989E-04 5.8000E+06 5.4383E-04 5.9000E+06 5.4383E-04
 5.9000E+06 5.2790E-04 6.0000E+06 5.2790E-04 6.0000E+06 5.1385E-04
 6.1000E+06 5.1385E-04 6.1000E+06 5.0185E-04 6.2000E+06 5.0185E-04
 6.2000E+06 4.8997E-04 6.3000E+06 4.8997E-04 6.3000E+06 4.7782E-04
 6.4000E+06 4.7782E-04 6.4000E+06 4.6588E-04 6.5000E+06 4.6588E-04
 6.5000E+06 4.5389E-04 6.6000E+06 4.5389E-04 6.6000E+06 4.4198E-04
 6.7000E+06 4.4198E-04 6.7000E+06 4.2998E-04 6.8000E+06 4.2998E-04
 6.8000E+06 4.1798E-04 6.9000E+06 4.1798E-04 6.9000E+06 4.0595E-04
 7.0000E+06 4.0595E-04 7.0000E+06 3.9591E-04 7.1000E+06 3.9591E-04
 7.1000E+06 3.8796E-04 7.2000E+06 3.8796E-04 7.2000E+06 3.7999E-04
 7.3000E+06 3.7999E-04 7.3000E+06 3.7199E-04 7.4000E+06 3.7199E-04
 7.4000E+06 3.6399E-04 7.5000E+06 3.6399E-04 7.5000E+06 3.5599E-04
 7.6000E+06 3.5599E-04 7.6000E+06 3.4799E-04 7.7000E+06 3.4799E-04
 7.7000E+06 3.3996E-04 7.8000E+06 3.3996E-04 7.8000E+06 3.3199E-04
 7.9000E+06 3.3199E-04 7.9000E+06 3.2402E-04 8.0000E+06 3.2402E-04
 8.0000E+06 3.1899E-04 8.1000E+06 3.1899E-04 8.1000E+06 3.1693E-04
 8.2000E+06 3.1693E-04 8.2000E+06 3.1496E-04 8.3000E+06 3.1496E-04
 8.3000E+06 3.1296E-04 8.4000E+06 3.1296E-04 8.4000E+06 3.1099E-04
 8.5000E+06 3.1099E-04 8.5000E+06 3.0899E-04 8.6000E+06 3.0899E-04
 8.6000E+06 3.0696E-04 8.7000E+06 3.0696E-04 8.7000E+06 3.0499E-04
 8.8000E+06 3.0499E-04 8.8000E+06 3.0299E-04 8.9000E+06 3.0299E-04
 8.9000E+06 3.0099E-04 9.0000E+06 3.0099E-04 9.0000E+06 3.0047E-04
 9.1000E+06 3.0047E-04 9.1000E+06 3.0147E-04 9.2000E+06 3.0147E-04
 9.2000E+06 3.0247E-04 9.3000E+06 3.0247E-04 9.3000E+06 3.0347E-04
 9.4000E+06 3.0347E-04 9.4000E+06 3.0447E-04 9.5000E+06 3.0447E-04
 9.5000E+06 3.0541E-04 9.6000E+06 3.0541E-04 9.6000E+06 3.0638E-04
 9.7000E+06 3.0638E-04 9.7000E+06 3.0738E-04 9.8000E+06 3.0738E-04
 9.8000E+06 3.0834E-04 9.9000E+06 3.0834E-04 9.9000E+06 3.0943E-04
 1.0000E+07 3.0943E-04 1.0000E+07 3.1143E-04 1.0100E+07 3.1143E-04
 1.0100E+07 3.1436E-04 1.0200E+07 3.1436E-04 1.0200E+07 3.1740E-04
 1.0300E+07 3.1740E-04 1.0300E+07 3.2040E-04 1.0400E+07 3.2040E-04
 1.0400E+07 3.2343E-04 1.0500E+07 3.2343E-04 1.0500E+07 3.2647E-04
 1.0600E+07 3.2647E-04 1.0600E+07 3.2943E-04 1.0700E+07 3.2943E-04
 1.0700E+07 3.3239E-04 1.0800E+07 3.3239E-04 1.0800E+07 3.3542E-04
 1.0900E+07 3.3542E-04 1.0900E+07 3.3842E-04 1.1000E+07 3.3842E-04
 1.1000E+07 3.4396E-04 1.1100E+07 3.4396E-04 1.1100E+07 3.5195E-04
 1.1200E+07 3.5195E-04 1.1200E+07 3.5991E-04 1.1300E+07 3.5991E-04
 1.1300E+07 3.6795E-04 1.1400E+07 3.6795E-04 1.1400E+07 3.7591E-04
 1.1500E+07 3.7591E-04 1.1500E+07 3.8395E-04 1.1600E+07 3.8395E-04
 1.1600E+07 3.9195E-04 1.1700E+07 3.9195E-04 1.1700E+07 3.9995E-04
 1.1800E+07 3.9995E-04 1.1800E+07 4.0795E-04 1.1900E+07 4.0795E-04
 1.1900E+07 4.1594E-04 1.2000E+07 4.1594E-04 1.2000E+07 4.2694E-04
 1.2100E+07 4.2694E-04 1.2100E+07 4.4089E-04 1.2200E+07 4.4089E-04
 1.2200E+07 4.5493E-04 1.2300E+07 4.5493E-04 1.2300E+07 4.6893E-04
 1.2400E+07 4.6893E-04 1.2400E+07 4.8293E-04 1.2500E+07 4.8293E-04
 1.2500E+07 4.9812E-04 1.2600E+07 4.9812E-04 1.2600E+07 5.1214E-04
 1.2700E+07 5.1214E-04 1.2700E+07 5.2604E-04 1.2800E+07 5.2604E-04
 1.2800E+07 5.3996E-04 1.2900E+07 5.3996E-04 1.2900E+07 5.5387E-04
 1.3000E+07 5.5387E-04 1.3000E+07 5.6944E-04 1.3100E+07 5.6944E-04
 1.3100E+07 5.8630E-04 1.3200E+07 5.8630E-04 1.3200E+07 6.0313E-04
 1.3300E+07 6.0313E-04 1.3300E+07 6.2012E-04 1.3400E+07 6.2012E-04
 1.3400E+07 6.3703E-04 1.3500E+07 6.3703E-04 1.3500E+07 6.5393E-04
 1.3600E+07 6.5393E-04 1.3600E+07 6.7082E-04 1.3700E+07 6.7082E-04
 1.3700E+07 6.8772E-04 1.3800E+07 6.8772E-04 1.3800E+07 7.0462E-04
 1.3900E+07 7.0462E-04 1.3900E+07 7.2152E-04 1.4000E+07 7.2152E-04
 1.4000E+07 7.3579E-04 1.4100E+07 7.3579E-04 1.4100E+07 7.4765E-04
 1.4200E+07 7.4765E-04 1.4200E+07 7.5954E-04 1.4300E+07 7.5954E-04
 1.4300E+07 7.7149E-04 1.4400E+07 7.7149E-04 1.4400E+07 7.8341E-04
 1.4500E+07 7.8341E-04 1.4500E+07 7.9545E-04 1.4600E+07 7.9545E-04
 1.4600E+07 8.0737E-04 1.4700E+07 8.0737E-04 1.4700E+07 8.1916E-04
 1.4800E+07 8.1916E-04 1.4800E+07 8.3111E-04 1.4900E+07 8.3111E-04
 1.4900E+07 8.4316E-04 1.5000E+07 8.4316E-04 1.5000E+07 8.5347E-04
 1.5100E+07 8.5347E-04 1.5100E+07 8.6127E-04 1.5200E+07 8.6127E-04
 1.5200E+07 8.6927E-04 1.5300E+07 8.6927E-04 1.5300E+07 8.7726E-04
 1.5400E+07 8.7726E-04 1.5400E+07 8.8533E-04 1.5500E+07 8.8533E-04
 1.5500E+07 8.9327E-04 1.5600E+07 8.9327E-04 1.5600E+07 9.0089E-04
 1.5700E+07 9.0089E-04 1.5700E+07 9.0969E-04 1.5800E+07 9.0969E-04
 1.5800E+07 9.1768E-04 1.5900E+07 9.1768E-04 1.5900E+07 9.2583E-04
 1.6000E+07 9.2583E-04 1.6000E+07 9.3085E-04 1.6100E+07 9.3085E-04
 1.6100E+07 9.3285E-04 1.6200E+07 9.3285E-04 1.6200E+07 9.3469E-04
 1.6300E+07 9.3469E-04 1.6300E+07 9.3685E-04 1.6400E+07 9.3685E-04
 1.6400E+07 9.3884E-04 1.6500E+07 9.3884E-04 1.6500E+07 9.4084E-04
 1.6600E+07 9.4084E-04 1.6600E+07 9.4284E-04 1.6700E+07 9.4284E-04
 1.6700E+07 9.4468E-04 1.6800E+07 9.4468E-04 1.6800E+07 9.4684E-04
 1.6900E+07 9.4684E-04 1.6900E+07 9.4884E-04 1.7000E+07 9.4884E-04
 1.7000E+07 9.4734E-04 1.7100E+07 9.4734E-04 1.7100E+07 9.4235E-04
 1.7200E+07 9.4235E-04 1.7200E+07 9.3719E-04 1.7300E+07 9.3719E-04
 1.7300E+07 9.3235E-04 1.7400E+07 9.3235E-04 1.7400E+07 9.2734E-04
 1.7500E+07 9.2734E-04 1.7500E+07 9.2234E-04 1.7600E+07 9.2234E-04
 1.7600E+07 9.1734E-04 1.7700E+07 9.1734E-04 1.7700E+07 9.1218E-04
 1.7800E+07 9.1218E-04 1.7800E+07 9.0734E-04 1.7900E+07 9.0734E-04
 1.7900E+07 9.0234E-04 1.8000E+07 9.0234E-04 1.8000E+07 8.9734E-04
 1.8100E+07 8.9734E-04 1.8100E+07 8.9234E-04 1.8200E+07 8.9234E-04
 1.8200E+07 8.8734E-04 1.8300E+07 8.8734E-04 1.8300E+07 8.8234E-04
 1.8400E+07 8.8234E-04 1.8400E+07 8.7734E-04 1.8500E+07 8.7734E-04
 1.8500E+07 8.7234E-04 1.8600E+07 8.7234E-04 1.8600E+07 8.6734E-04
 1.8700E+07 8.6734E-04 1.8700E+07 8.6234E-04 1.8800E+07 8.6234E-04
 1.8800E+07 8.5734E-04 1.8900E+07 8.5734E-04 1.8900E+07 8.5234E-04
 1.9000E+07 8.5234E-04 1.9000E+07 8.4734E-04 1.9100E+07 8.4734E-04
 1.9100E+07 8.4234E-04 1.9200E+07 8.4234E-04 1.9200E+07 8.3734E-04
 1.9300E+07 8.3734E-04 1.9300E+07 8.3234E-04 1.9400E+07 8.3234E-04
 1.9400E+07 8.2734E-04 1.9500E+07 8.2734E-04 1.9500E+07 8.2234E-04
 1.9600E+07 8.2234E-04 1.9600E+07 8.1734E-04 1.9700E+07 8.1734E-04
 1.9700E+07 8.1234E-04 1.9800E+07 8.1234E-04 1.9800E+07 8.0734E-04
 1.9900E+07 8.0734E-04 1.9900E+07 8.0234E-04 2.0000E+07 8.0234E-04
 2.0000E+07 0.0000E+00