 1.0000E-05 1.5870E+04 1.2490E-05 1.4200E+04 1.4980E-05 1.2966E+04
 1.7471E-05 1.2007E+04 1.9961E-05 1.1234E+04 2.4941E-05 1.0049E+04
 2.9922E-05 9.1745E+03 3.4902E-05 8.4948E+03 3.9882E-05 7.9465E+03
 4.4863E-05 7.4925E+03 4.9843E-05 7.1084E+03 5.9804E-05 6.4892E+03
 6.9765E-05 6.0083E+03 7.9725E-05 5.6203E+03 8.9686E-05 5.2991E+03
 1.0961E-04 4.7932E+03 1.2953E-04 4.4092E+03 1.4945E-04 4.1047E+03
 1.6937E-04 3.8557E+03 2.0922E-04 3.4690E+03 2.4906E-04 3.1793E+03
 2.8890E-04 2.9519E+03 3.2875E-04 2.7671E+03 4.0843E-04 2.4824E+03
 4.8812E-04 2.2706E+03 5.6780E-04 2.1050E+03 6.4749E-04 1.9711E+03
 8.0686E-04 1.7655E+03 9.6623E-04 1.6130E+03 1.1256E-03 1.4943E+03
 1.2850E-03 1.3984E+03 1.6037E-03 1.2513E+03 1.9225E-03 1.1426E+03
 2.2412E-03 1.0579E+03 2.5600E-03 9.8957E+02 3.1975E-03 8.8494E+02
 3.8349E-03 8.0757E+02 4.4724E-03 7.4737E+02 5.1099E-03 6.9879E+02
 6.3849E-03 6.2444E+02 7.6599E-03 5.6948E+02 8.9349E-03 5.2670E+02
 1.0210E-02 4.9218E+02 1.2760E-02 4.3933E+02 1.5310E-02 4.0024E+02
 1.7860E-02 3.6980E+02 2.0410E-02 3.4525E+02 2.5300E-02 3.0898E+02
 2.5510E-02 3.0766E+02 3.0609E-02 2.7988E+02 3.5710E-02 2.5828E+02
 4.0809E-02 2.4086E+02 5.1009E-02 2.1428E+02 6.1209E-02 1.9475E+02
 7.1409E-02 1.7970E+02 8.1609E-02 1.6771E+02 1.0201E-01 1.4979E+02
 1.2241E-01 1.3717E+02 1.4281E-01 1.2801E+02 1.6321E-01 1.2134E+02
 1.8361E-01 1.1656E+02 2.0401E-01 1.1334E+02 2.2441E-01 1.1147E+02
 2.4481E-01 1.1086E+02 2.6521E-01 1.1144E+02 2.8561E-01 1.1329E+02
 3.0601E-01 1.1647E+02 3.2640E-01 1.2116E+02 3.4680E-01 1.2762E+02
 3.6720E-01 1.3622E+02 3.8760E-01 1.4751E+02 4.0800E-01 1.6227E+02
 4.2840E-01 1.8163E+02 4.4880E-01 2.0735E+02 4.5900E-01 2.2338E+02
 4.6920E-01 2.4210E+02 4.7940E-01 2.6410E+02 4.8960E-01 2.9015E+02
 4.9980E-01 3.2124E+02 5.1000E-01 3.5869E+02 5.1510E-01 3.8036E+02
 5.2020E-01 4.0432E+02 5.2530E-01 4.3091E+02 5.3040E-01 4.6051E+02
 5.3550E-01 4.9357E+02 5.4060E-01 5.3065E+02 5.4570E-01 5.7236E+02
 5.5080E-01 6.1948E+02 5.5590E-01 6.7295E+02 5.6100E-01 7.3387E+02
 5.6355E-01 7.6755E+02 5.6610E-01 8.0362E+02 5.6865E-01 8.4229E+02
 5.7120E-01 8.8381E+02 5.7375E-01 9.2840E+02 5.7630E-01 9.7646E+02
 5.7885E-01 1.0282E+03 5.8140E-01 1.0840E+03 5.8395E-01 1.1442E+03
 5.8650E-01 1.2094E+03 5.8905E-01 1.2799E+03 5.9160E-01 1.3563E+03
 5.9415E-01 1.4389E+03 5.9670E-01 1.5286E+03 5.9925E-01 1.6259E+03
 6.0180E-01 1.7315E+03 6.0435E-01 1.8459E+03 6.0690E-01 1.9700E+03
 6.0945E-01 2.1045E+03 6.1200E-01 2.2498E+03 6.1455E-01 2.4063E+03
 6.1710E-01 2.5746E+03 6.1965E-01 2.7545E+03 6.2220E-01 2.9456E+03
 6.2730E-01 3.3570E+03 6.3240E-01 3.7919E+03 6.3750E-01 4.2171E+03
 6.4260E-01 4.5824E+03 6.4770E-01 4.8279E+03 6.5280E-01 4.9033E+03
 6.6199E-01 4.5763E+03 6.7119E-01 3.8515E+03 6.8038E-01 3.0511E+03
 6.8958E-01 2.3629E+03 6.9877E-01 1.8304E+03 7.0796E-01 1.4341E+03
 7.1716E-01 1.1411E+03 7.2635E-01 9.2296E+02 7.4474E-01 6.3205E+02
 7.5393E-01 5.3373E+02 7.6312E-01 4.5597E+02 7.8151E-01 3.4308E+02
 7.9990E-01 2.6697E+02 8.3667E-01 1.7471E+02 8.5506E-01 1.4568E+02
 8.7345E-01 1.2343E+02 9.1023E-01 9.2176E+01 9.4700E-01 7.1774E+01
 1.0206E+00 4.7673E+01 1.0573E+00 4.0209E+01 1.0941E+00 3.4515E+01
 1.1677E+00 2.6531E+01 1.2412E+00 2.1308E+01 1.3883E+00 1.5077E+01
 1.4618E+00 1.3121E+01 1.5354E+00 1.1619E+01 1.6825E+00 9.4958E+00
 1.8296E+00 8.1065E+00 2.1238E+00 6.5077E+00 2.4180E+00 5.7593E+00
 2.7122E+00 5.5054E+00 3.0064E+00 5.6268E+00 3.3006E+00 6.1223E+00
 3.5948E+00 7.1006E+00 3.8890E+00 8.8445E+00 4.1832E+00 1.2050E+01
 4.3303E+00 1.4707E+01 4.4774E+00 1.8691E+01 4.5510E+00 2.1480E+01
 4.6245E+00 2.5084E+01 4.6613E+00 2.7297E+01 4.6980E+00 2.9864E+01
 4.7164E+00 3.1305E+01 4.7348E+00 3.2867E+01 4.7532E+00 3.4567E+01
 4.7716E+00 3.6416E+01 4.7808E+00 3.7404E+01 4.7900E+00 3.8437E+01
 4.7992E+00 3.9519E+01 4.8084E+00 4.0652E+01 4.8268E+00 4.3091E+01
 4.8451E+00 4.5775E+01 4.8635E+00 4.8752E+01 4.8819E+00 5.2058E+01
 4.9003E+00 5.5747E+01 4.9187E+00 5.9885E+01 4.9371E+00 6.4546E+01
 4.9555E+00 6.9824E+01 4.9739E+00 7.5838E+01 4.9923E+00 8.2729E+01
 5.0106E+00 9.0683E+01 5.0290E+00 9.9935E+01 5.0474E+00 1.1078E+02
 5.0658E+00 1.2363E+02 5.0842E+00 1.3898E+02 5.1026E+00 1.5757E+02
 5.1210E+00 1.8034E+02 5.1394E+00 2.0866E+02 5.1577E+00 2.4450E+02
 5.1761E+00 2.9074E+02 5.1945E+00 3.5176E+02 5.2129E+00 4.3437E+02
 5.2313E+00 5.4976E+02 5.2497E+00 7.1683E+02 5.2589E+00 8.2924E+02
 5.2681E+00 9.6872E+02 5.2773E+00 1.1436E+03 5.2865E+00 1.3652E+03
 5.2956E+00 1.6482E+03 5.3048E+00 2.0110E+03 5.3140E+00 2.4734E+03
 5.3232E+00 3.0489E+03 5.3416E+00 4.4263E+03 5.3600E+00 5.2090E+03
 5.3841E+00 3.9797E+03 5.4081E+00 2.3372E+03 5.4202E+00 1.7872E+03
 5.4322E+00 1.3897E+03 5.4442E+00 1.1023E+03 5.4563E+00 8.9158E+02
 5.4803E+00 6.1495E+02 5.4923E+00 5.2262E+02 5.5044E+00 4.5011E+02
 5.5284E+00 3.4577E+02 5.5525E+00 2.7645E+02 5.6006E+00 1.9503E+02
 5.6247E+00 1.7093E+02 5.6488E+00 1.5366E+02 5.6969E+00 1.3346E+02
 5.7450E+00 1.2706E+02 5.7931E+00 1.3243E+02 5.8413E+00 1.5128E+02
 5.8653E+00 1.6756E+02 5.8894E+00 1.9037E+02 5.9134E+00 2.2221E+02
 5.9375E+00 2.6724E+02 5.9616E+00 3.3243E+02 5.9856E+00 4.3003E+02
 5.9977E+00 4.9752E+02 6.0097E+00 5.8305E+02 6.0217E+00 6.9309E+02
 6.0337E+00 8.3695E+02 6.0458E+00 1.0281E+03 6.0578E+00 1.2857E+03
 6.0698E+00 1.6364E+03 6.0819E+00 2.1116E+03 6.1059E+00 3.4642E+03
 6.1300E+00 4.4069E+03 6.1530E+00 3.5144E+03 6.1759E+00 2.1919E+03
 6.1874E+00 1.7105E+03 6.1989E+00 1.3492E+03 6.2104E+00 1.0803E+03
 6.2219E+00 8.7885E+02 6.2448E+00 6.0821E+02 6.2678E+00 4.4292E+02
 6.2908E+00 3.3605E+02 6.3137E+00 2.6347E+02 6.3597E+00 1.7458E+02
 6.3827E+00 1.4629E+02 6.4056E+00 1.2448E+02 6.4516E+00 9.3565E+01
 6.4975E+00 7.3150E+01 6.5894E+00 4.8687E+01 6.6353E+00 4.1008E+01
 6.6813E+00 3.5111E+01 6.7731E+00 2.6779E+01 6.8650E+00 2.1296E+01
 7.0488E+00 1.4769E+01 7.1406E+00 1.2755E+01 7.2325E+00 1.1243E+01
 7.4162E+00 9.2312E+00 7.6000E+00 8.1324E+00 7.7837E+00 7.7069E+00
 7.9675E+00 7.9310E+00 8.1513E+00 9.0074E+00 8.3350E+00 1.1595E+01
 8.4269E+00 1.3969E+01 8.5188E+00 1.7721E+01 8.5647E+00 2.0435E+01
 8.6106E+00 2.4010E+01 8.6566E+00 2.8843E+01 8.7025E+00 3.5578E+01
 8.7484E+00 4.5338E+01 8.7944E+00 6.0213E+01 8.8173E+00 7.0741E+01
 8.8403E+00 8.4430E+01 8.8633E+00 1.0265E+02 8.8863E+00 1.2759E+02
 8.8977E+00 1.4365E+02 8.9092E+00 1.6293E+02 8.9207E+00 1.8635E+02
 8.9322E+00 2.1510E+02 8.9437E+00 2.5088E+02 8.9552E+00 2.9601E+02
 8.9666E+00 3.5383E+02 8.9781E+00 4.2909E+02 8.9896E+00 5.2864E+02
 9.0011E+00 6.6217E+02 9.0126E+00 8.4277E+02 9.0241E+00 1.0855E+03
 9.0470E+00 1.7651E+03 9.0700E+00 2.2302E+03 9.0959E+00 1.6641E+03
 9.1089E+00 1.2640E+03 9.1219E+00 9.4592E+02 9.1348E+00 7.1482E+02
 9.1478E+00 5.5063E+02 9.1608E+00 4.3324E+02 9.1737E+00 3.4787E+02
 9.1997E+00 2.3651E+02 9.2127E+00 1.9948E+02 9.2256E+00 1.7039E+02
 9.2516E+00 1.2842E+02 9.2775E+00 1.0030E+02 9.3294E+00 6.6417E+01
 9.3553E+00 5.5831E+01 9.3813E+00 4.7777E+01 9.4331E+00 3.6659E+01
 9.4850E+00 2.9743E+01 9.5369E+00 2.5491E+01 9.5888E+00 2.3227E+01
 9.6406E+00 2.2867E+01 9.6925E+00 2.5075E+01 9.7184E+00 2.7764E+01
 9.7444E+00 3.2287E+01 9.7703E+00 3.9930E+01 9.7962E+00 5.3353E+01
 9.8092E+00 6.3865E+01 9.8222E+00 7.8500E+01 9.8352E+00 9.9216E+01
 9.8481E+00 1.2878E+02 9.8611E+00 1.7014E+02 9.8741E+00 2.2319E+02
 9.8870E+00 2.7602E+02 9.9000E+00 2.9978E+02 9.9156E+00 2.6573E+02
 9.9312E+00 1.9915E+02 9.9469E+00 1.4159E+02 9.9625E+00 1.0193E+02
 9.9781E+00 7.5932E+01 9.9937E+00 5.8729E+01 1.0009E+01 4.7032E+01
 1.0025E+01 3.8839E+01 1.0056E+01 2.8600E+01 1.0087E+01 2.2900E+01
 1.0119E+01 1.9654E+01 1.0150E+01 1.7959E+01 1.0181E+01 1.7459E+01
 1.0212E+01 1.8137E+01 1.0244E+01 2.0319E+01 1.0275E+01 2.4862E+01
 1.0291E+01 2.8550E+01 1.0306E+01 3.3667E+01 1.0322E+01 4.0753E+01
 1.0337E+01 5.0436E+01 1.0369E+01 7.8011E+01 1.0400E+01 9.6943E+01
 1.0435E+01 7.3775E+01 1.0469E+01 4.4040E+01 1.0486E+01 3.4308E+01
 1.0503E+01 2.7322E+01 1.0521E+01 2.2275E+01 1.0538E+01 1.8567E+01
 1.0572E+01 1.3652E+01 1.0607E+01 1.0656E+01 1.0641E+01 8.6959E+00
 1.0676E+01 7.3380E+00 1.0745E+01 5.6061E+00 1.0814E+01 4.5614E+00
 1.0883E+01 3.8651E+00 1.0952E+01 3.3670E+00 1.1228E+01 2.2636E+00
 1.1366E+01 1.9561E+00 1.1504E+01 1.7255E+00 1.2056E+01 1.1812E+00
 1.2332E+01 1.0237E+00 1.2608E+01 9.0579E-01 1.3159E+01 7.4361E-01
 1.3711E+01 6.4180E-01 1.4263E+01 5.7777E-01 1.4815E+01 5.4108E-01
 1.5367E+01 5.2793E-01 1.5919E+01 5.3975E-01 1.6471E+01 5.8535E-01
 1.7023E+01 6.8911E-01 1.7298E+01 7.8121E-01 1.7574E+01 9.2296E-01
 1.7850E+01 1.1542E+00 1.8126E+01 1.5680E+00 1.8264E+01 1.9114E+00
 1.8402E+01 2.4305E+00 1.8471E+01 2.7970E+00 1.8540E+01 3.2741E+00
 1.8609E+01 3.9124E+00 1.8678E+01 4.7948E+00 1.8747E+01 6.0685E+00
 1.8816E+01 8.0087E+00 1.8851E+01 9.3860E+00 1.8885E+01 1.1185E+01
 1.8920E+01 1.3597E+01 1.8954E+01 1.6937E+01 1.8989E+01 2.1753E+01
 1.9023E+01 2.9053E+01 1.9040E+01 3.4201E+01 1.9058E+01 4.0872E+01
 1.9075E+01 4.9720E+01 1.9092E+01 6.1777E+01 1.9101E+01 6.9504E+01
 1.9109E+01 7.8749E+01 1.9118E+01 8.9922E+01 1.9126E+01 1.0357E+02
 1.9135E+01 1.2044E+02 1.9144E+01 1.4154E+02 1.9152E+01 1.6831E+02
 1.9161E+01 2.0267E+02 1.9170E+01 2.4731E+02 1.9178E+01 3.0581E+02
 1.9187E+01 3.8253E+02 1.9196E+01 4.8149E+02 1.9213E+01 7.3565E+02
 1.9230E+01 8.9281E+02 1.9261E+01 5.2401E+02 1.9277E+01 3.4587E+02
 1.9285E+01 2.8336E+02 1.9293E+01 2.3455E+02 1.9308E+01 1.6611E+02
 1.9324E+01 1.2262E+02 1.9339E+01 9.3802E+01 1.9355E+01 7.3931E+01
 1.9386E+01 4.9302E+01 1.9402E+01 4.1420E+01 1.9418E+01 3.5341E+01
 1.9449E+01 2.6746E+01 1.9480E+01 2.1127E+01 1.9543E+01 1.4576E+01
 1.9574E+01 1.2624E+01 1.9605E+01 1.1202E+01 1.9668E+01 9.4391E+00
 1.9730E+01 8.6761E+00 1.9793E+01 8.7043E+00 1.9855E+01 9.5774E+00
 1.9886E+01 1.0429E+01 1.9918E+01 1.1670E+01 1.9949E+01 1.3452E+01
 1.9980E+01 1.6026E+01 2.0011E+01 1.9832E+01 2.0043E+01 2.5675E+01
 2.0058E+01 2.9804E+01 2.0074E+01 3.5144E+01 2.0089E+01 4.2181E+01
 2.0105E+01 5.1682E+01 2.0121E+01 6.4840E+01 2.0136E+01 8.3643E+01
 2.0152E+01 1.1138E+02 2.0168E+01 1.5353E+02 2.0175E+01 1.8253E+02
 2.0183E+01 2.1843E+02 2.0191E+01 2.6221E+02 2.0199E+01 3.1383E+02
 2.0214E+01 4.2589E+02 2.0230E+01 4.8347E+02 2.0269E+01 2.6295E+02
 2.0288E+01 1.6779E+02 2.0298E+01 1.3594E+02 2.0308E+01 1.1159E+02
 2.0327E+01 7.8196E+01 2.0346E+01 5.7402E+01 2.0366E+01 4.3790E+01
 2.0385E+01 3.4477E+01 2.0424E+01 2.2993E+01 2.0444E+01 1.9323E+01
 2.0463E+01 1.6488E+01 2.0502E+01 1.2466E+01 2.0541E+01 9.8073E+00
 2.0618E+01 6.6233E+00 2.0657E+01 5.6245E+00 2.0696E+01 4.8580E+00
 2.0774E+01 3.7751E+00 2.0851E+01 3.0615E+00 2.1007E+01 2.2067E+00
 2.1162E+01 1.7336E+00 2.1317E+01 1.4465E+00 2.1472E+01 1.2624E+00
 2.1783E+01 1.0616E+00 2.2094E+01 9.8378E-01 2.2404E+01 9.8180E-01
 2.2715E+01 1.0434E+00 2.3026E+01 1.1766E+00 2.3336E+01 1.4126E+00
 2.3492E+01 1.5896E+00 2.3647E+01 1.8259E+00 2.3802E+01 2.1482E+00
 2.3957E+01 2.6005E+00 2.4113E+01 3.2605E+00 2.4268E+01 4.2757E+00
 2.4346E+01 5.0011E+00 2.4423E+01 5.9532E+00 2.4501E+01 7.2363E+00
 2.4579E+01 9.0246E+00 2.4656E+01 1.1622E+01 2.4734E+01 1.5603E+01
 2.4773E+01 1.8439E+01 2.4812E+01 2.2150E+01 2.4851E+01 2.7135E+01
 2.4889E+01 3.4046E+01 2.4909E+01 3.8547E+01 2.4928E+01 4.4007E+01
 2.4948E+01 5.0721E+01 2.4967E+01 5.9092E+01 2.4986E+01 6.9708E+01
 2.5006E+01 8.3432E+01 2.5025E+01 1.0157E+02 2.5045E+01 1.2618E+02
 2.5064E+01 1.6059E+02 2.5083E+01 2.1039E+02 2.5093E+01 2.4389E+02
 2.5103E+01 2.8544E+02 2.5113E+01 3.3748E+02 2.5122E+01 4.0335E+02
 2.5132E+01 4.8732E+02 2.5142E+01 5.9468E+02 2.5152E+01 7.3098E+02
 2.5161E+01 8.9987E+02 2.5181E+01 1.3006E+03 2.5200E+01 1.5271E+03
 2.5237E+01 9.3922E+02 2.5273E+01 4.3602E+02 2.5292E+01 3.1107E+02
 2.5310E+01 2.3042E+02 2.5328E+01 1.7640E+02 2.5347E+01 1.3888E+02
 2.5384E+01 9.1991E+01 2.5402E+01 7.6884E+01 2.5420E+01 6.5184E+01
 2.5457E+01 4.8535E+01 2.5494E+01 3.7530E+01 2.5567E+01 2.4387E+01
 2.5604E+01 2.0291E+01 2.5641E+01 1.7162E+01 2.5714E+01 1.2778E+01
 2.5788E+01 9.9255E+00 2.5934E+01 6.5734E+00 2.6008E+01 5.5433E+00
 2.6081E+01 4.7638E+00 2.6228E+01 3.6873E+00 2.6375E+01 3.0051E+00
 2.6669E+01 2.2511E+00 2.6962E+01 1.9139E+00 2.7256E+01 1.8022E+00
 2.7550E+01 1.8523E+00 2.7844E+01 2.0621E+00 2.8138E+01 2.4826E+00
 2.8284E+01 2.8097E+00 2.8431E+01 3.2533E+00 2.8578E+01 3.8638E+00
 2.8725E+01 4.7268E+00 2.8872E+01 5.9924E+00 2.9019E+01 7.9429E+00
 2.9092E+01 9.3394E+00 2.9166E+01 1.1171E+01 2.9239E+01 1.3641E+01
 2.9313E+01 1.7082E+01 2.9386E+01 2.2075E+01 2.9459E+01 2.9711E+01
 2.9496E+01 3.5144E+01 2.9533E+01 4.2236E+01 2.9569E+01 5.1737E+01
 2.9606E+01 6.4860E+01 2.9643E+01 8.3682E+01 2.9680E+01 1.1197E+02
 2.9698E+01 1.3173E+02 2.9716E+01 1.5707E+02 2.9735E+01 1.9026E+02
 2.9753E+01 2.3470E+02 2.9771E+01 2.9575E+02 2.9790E+01 3.8198E+02
 2.9808E+01 5.0727E+02 2.9827E+01 6.9371E+02 2.9863E+01 1.3614E+03
 2.9900E+01 2.0047E+03 2.9927E+01 1.6055E+03 2.9953E+01 1.0055E+03
 2.9966E+01 7.8549E+02 2.9980E+01 6.1974E+02 2.9993E+01 4.9610E+02
 3.0006E+01 4.0328E+02 3.0033E+01 2.7838E+02 3.0059E+01 2.0201E+02
 3.0086E+01 1.5263E+02 3.0112E+01 1.1911E+02 3.0166E+01 7.8134E+01
 3.0192E+01 6.5138E+01 3.0219E+01 5.5148E+01 3.0272E+01 4.1044E+01
 3.0325E+01 3.1809E+01 3.0431E+01 2.0908E+01 3.0484E+01 1.7560E+01
 3.0538E+01 1.5039E+01 3.0644E+01 1.1614E+01 3.0750E+01 9.5599E+00
 3.0856E+01 8.4002E+00 3.0962E+01 7.9588E+00 3.1069E+01 8.2972E+00
 3.1175E+01 9.8400E+00 3.1228E+01 1.1428E+01 3.1281E+01 1.4027E+01
 3.1308E+01 1.5936E+01 3.1334E+01 1.8466E+01 3.1361E+01 2.1892E+01
 3.1388E+01 2.6655E+01 3.1414E+01 3.3511E+01 3.1441E+01 4.3819E+01
 3.1454E+01 5.1002E+01 3.1467E+01 6.0193E+01 3.1481E+01 7.2166E+01
 3.1494E+01 8.8092E+01 3.1507E+01 1.0976E+02 3.1520E+01 1.3995E+02
 3.1527E+01 1.5950E+02 3.1534E+01 1.8295E+02 3.1540E+01 2.1114E+02
 3.1547E+01 2.4505E+02 3.1553E+01 2.8565E+02 3.1560E+01 3.3372E+02
 3.1567E+01 3.8926E+02 3.1573E+01 4.5076E+02 3.1587E+01 5.7136E+02
 3.1600E+01 6.2729E+02 3.1639E+01 3.3926E+02 3.1659E+01 2.1599E+02
 3.1668E+01 1.7490E+02 3.1678E+01 1.4352E+02 3.1698E+01 1.0055E+02
 3.1717E+01 7.3837E+01 3.1737E+01 5.6368E+01 3.1756E+01 4.4422E+01
 3.1795E+01 2.9697E+01 3.1815E+01 2.4993E+01 3.1834E+01 2.1360E+01
 3.1873E+01 1.6203E+01 3.1913E+01 1.2792E+01 3.1991E+01 8.7004E+00
 3.2030E+01 7.4131E+00 3.2069E+01 6.4225E+00 3.2147E+01 5.0160E+00
 3.2225E+01 4.0811E+00 3.2381E+01 2.9409E+00 3.2537E+01 2.2877E+00
 3.2694E+01 1.8722E+00 3.2850E+01 1.5886E+00 3.3162E+01 1.2342E+00
 3.3475E+01 1.0320E+00 3.3787E+01 9.1405E-01 3.4100E+01 8.5294E-01
 3.4412E+01 8.3999E-01 3.4725E+01 8.8028E-01 3.5037E+01 9.9777E-01
 3.5350E+01 1.2592E+00 3.5506E+01 1.4952E+00 3.5662E+01 1.8665E+00
 3.5741E+01 2.1350E+00 3.5819E+01 2.4893E+00 3.5897E+01 2.9691E+00
 3.5975E+01 3.6400E+00 3.6053E+01 4.6174E+00 3.6131E+01 6.1184E+00
 3.6170E+01 7.1897E+00 3.6209E+01 8.5926E+00 3.6248E+01 1.0479E+01
 3.6287E+01 1.3096E+01 3.6327E+01 1.6875E+01 3.6366E+01 2.2607E+01
 3.6385E+01 2.6648E+01 3.6405E+01 3.1881E+01 3.6424E+01 3.8813E+01
 3.6444E+01 4.8237E+01 3.6463E+01 6.1463E+01 3.6483E+01 8.0712E+01
 3.6493E+01 9.3730E+01 3.6502E+01 1.0995E+02 3.6512E+01 1.3038E+02
 3.6522E+01 1.5642E+02 3.6532E+01 1.8994E+02 3.6541E+01 2.3329E+02
 3.6551E+01 2.8921E+02 3.6561E+01 3.5986E+02 3.6581E+01 5.3373E+02
 3.6600E+01 6.3619E+02 3.6630E+01 4.4030E+02 3.6645E+01 3.1801E+02
 3.6659E+01 2.2901E+02 3.6674E+01 1.6845E+02 3.6689E+01 1.2734E+02
 3.6704E+01 9.8867E+01 3.6719E+01 7.8617E+01 3.6748E+01 5.2761E+01
 3.6763E+01 4.4292E+01 3.6778E+01 3.7686E+01 3.6808E+01 2.8216E+01
 3.6838E+01 2.1910E+01 3.6897E+01 1.4325E+01 3.6927E+01 1.1950E+01
 3.6956E+01 1.0130E+01 3.7016E+01 7.5747E+00 3.7075E+01 5.9066E+00
 3.7194E+01 3.9380E+00 3.7253E+01 3.3301E+00 3.7313E+01 2.8687E+00
 3.7431E+01 2.2274E+00 3.7550E+01 1.8161E+00 3.7787E+01 1.3484E+00
 3.8025E+01 1.1198E+00 3.8263E+01 1.0153E+00 3.8500E+01 9.9291E-01
 3.8737E+01 1.0431E+00 3.8975E+01 1.1804E+00 3.9213E+01 1.4545E+00
 3.9450E+01 1.9958E+00 3.9569E+01 2.4653E+00 3.9688E+01 3.1921E+00
 3.9747E+01 3.7129E+00 3.9806E+01 4.3968E+00 3.9866E+01 5.3195E+00
 3.9925E+01 6.6045E+00 3.9984E+01 8.4692E+00 4.0044E+01 1.1321E+01
 4.0073E+01 1.3349E+01 4.0103E+01 1.5996E+01 4.0133E+01 1.9541E+01
 4.0162E+01 2.4436E+01 4.0192E+01 3.1451E+01 4.0222E+01 4.1983E+01
 4.0237E+01 4.9328E+01 4.0252E+01 5.8749E+01 4.0266E+01 7.1065E+01
 4.0281E+01 8.7532E+01 4.0296E+01 1.1010E+02 4.0311E+01 1.4188E+02
 4.0318E+01 1.6267E+02 4.0326E+01 1.8785E+02 4.0333E+01 2.1846E+02
 4.0341E+01 2.5578E+02 4.0348E+01 3.0122E+02 4.0355E+01 3.5607E+02
 4.0363E+01 4.2097E+02 4.0370E+01 4.9480E+02 4.0385E+01 6.4591E+02
 4.0400E+01 7.1910E+02 4.0434E+01 4.4691E+02 4.0469E+01 2.0949E+02
 4.0486E+01 1.4990E+02 4.0503E+01 1.1130E+02 4.0520E+01 8.5388E+01
 4.0537E+01 6.7357E+01 4.0572E+01 4.4807E+01 4.0589E+01 3.7537E+01
 4.0606E+01 3.1904E+01 4.0641E+01 2.3896E+01 4.0675E+01 1.8610E+01
 4.0744E+01 1.2328E+01 4.0778E+01 1.0390E+01 4.0813E+01 8.9252E+00
 4.0881E+01 6.9293E+00 4.0950E+01 5.7249E+00 4.1019E+01 5.0358E+00
 4.1088E+01 4.7576E+00 4.1156E+01 4.9176E+00 4.1225E+01 5.7411E+00
 4.1259E+01 6.5932E+00 4.1294E+01 7.9805E+00 4.1328E+01 1.0315E+01
 4.1362E+01 1.4503E+01 4.1380E+01 1.7893E+01 4.1397E+01 2.2800E+01
 4.1414E+01 3.0155E+01 4.1431E+01 4.1588E+01 4.1448E+01 5.9779E+01
 4.1466E+01 8.7866E+01 4.1474E+01 1.0542E+02 4.1483E+01 1.2308E+02
 4.1491E+01 1.3688E+02 4.1500E+01 1.4219E+02 4.1512E+01 1.3193E+02
 4.1524E+01 1.0855E+02 4.1536E+01 8.3918E+01 4.1548E+01 6.3810E+01
 4.1561E+01 4.8904E+01 4.1573E+01 3.8146E+01 4.1585E+01 3.0371E+01
 4.1597E+01 2.4665E+01 4.1621E+01 1.7156E+01 4.1645E+01 1.2648E+01
 4.1669E+01 9.7604E+00 4.1694E+01 7.8086E+00 4.1742E+01 5.4202E+00
 4.1766E+01 4.6585E+00 4.1791E+01 4.0691E+00 4.1839E+01 3.2278E+00
 4.1888E+01 2.6656E+00 4.1984E+01 1.9781E+00 4.2081E+01 1.5837E+00
 4.2178E+01 1.3332E+00 4.2275E+01 1.1626E+00 4.2469E+01 9.5123E-01
 4.2662E+01 8.3248E-01 4.2856E+01 7.6486E-01 4.3050E+01 7.3124E-01
 4.3244E+01 7.2532E-01 4.3438E+01 7.4766E-01 4.3631E+01 8.0709E-01
 4.3825E+01 9.2908E-01 4.3922E+01 1.0328E+00 4.4019E+01 1.1889E+00
 4.4116E+01 1.4399E+00 4.4213E+01 1.8849E+00 4.4261E+01 2.2530E+00
 4.4309E+01 2.8085E+00 4.4334E+01 3.2005E+00 4.4358E+01 3.7096E+00
 4.4382E+01 4.3891E+00 4.4406E+01 5.3243E+00 4.4430E+01 6.6628E+00
 4.4455E+01 8.6726E+00 4.4467E+01 1.0077E+01 4.4479E+01 1.1881E+01
 4.4491E+01 1.4247E+01 4.4503E+01 1.7425E+01 4.4515E+01 2.1810E+01
 4.4527E+01 2.8046E+01 4.4540E+01 3.7197E+01 4.4552E+01 5.1019E+01
 4.4558E+01 6.0468E+01 4.4564E+01 7.2104E+01 4.4570E+01 8.6211E+01
 4.4576E+01 1.0271E+02 4.4588E+01 1.3808E+02 4.4600E+01 1.5606E+02
 4.4609E+01 1.4644E+02 4.4617E+01 1.2365E+02 4.4626E+01 9.8245E+01
 4.4634E+01 7.6389E+01 4.4643E+01 5.9497E+01 4.4652E+01 4.6925E+01
 4.4660E+01 3.7634E+01 4.4669E+01 3.0708E+01 4.4686E+01 2.1457E+01
 4.4703E+01 1.5844E+01 4.4720E+01 1.2237E+01 4.4737E+01 9.8038E+00
 4.4772E+01 6.8577E+00 4.4789E+01 5.9374E+00 4.4806E+01 5.2382E+00
 4.4841E+01 4.2754E+00 4.4875E+01 3.6766E+00 4.4944E+01 3.0628E+00
 4.5013E+01 2.8721E+00 4.5081E+01 2.9417E+00 4.5150E+01 3.2356E+00
 4.5219E+01 3.7938E+00 4.5287E+01 4.7421E+00 4.5322E+01 5.4422E+00
 4.5356E+01 6.3697E+00 4.5391E+01 7.6236E+00 4.5425E+01 9.3640E+00
 4.5459E+01 1.1863E+01 4.5494E+01 1.5612E+01 4.5511E+01 1.8222E+01
 4.5528E+01 2.1557E+01 4.5545E+01 2.5897E+01 4.5563E+01 3.1667E+01
 4.5580E+01 3.9506E+01 4.5597E+01 5.0416E+01 4.5614E+01 6.5925E+01
 4.5631E+01 8.8277E+01 4.5640E+01 1.0286E+02 4.5648E+01 1.2009E+02
 4.5657E+01 1.3996E+02 4.5666E+01 1.6192E+02 4.5683E+01 2.0481E+02
 4.5700E+01 2.2466E+02 4.5710E+01 2.1699E+02 4.5721E+01 1.9688E+02
 4.5731E+01 1.7055E+02 4.5741E+01 1.4368E+02 4.5762E+01 9.9165E+01
 4.5783E+01 6.9248E+01 4.5803E+01 4.9973E+01 4.5824E+01 3.7352E+01
 4.5845E+01 2.8822E+01 4.5866E+01 2.2857E+01 4.5907E+01 1.5360E+01
 4.5928E+01 1.2933E+01 4.5948E+01 1.1050E+01 4.5990E+01 8.3649E+00
 4.6031E+01 6.5864E+00 4.6114E+01 4.4587E+00 4.6156E+01 3.7951E+00
 4.6197E+01 3.2886E+00 4.6280E+01 2.5801E+00 4.6362E+01 2.1212E+00
 4.6528E+01 1.5892E+00 4.6694E+01 1.3128E+00 4.6859E+01 1.1606E+00
 4.7025E+01 1.0777E+00 4.7356E+01 1.0282E+00 4.7688E+01 1.0752E+00
 4.8019E+01 1.1983E+00 4.8350E+01 1.4064E+00 4.8681E+01 1.7335E+00
 4.9013E+01 2.2525E+00 4.9178E+01 2.6276E+00 4.9344E+01 3.1218E+00
 4.9509E+01 3.7893E+00 4.9675E+01 4.7210E+00 4.9841E+01 6.0753E+00
 5.0006E+01 8.1528E+00 5.0089E+01 9.6350E+00 5.0172E+01 1.1577E+01
 5.0255E+01 1.4191E+01 5.0338E+01 1.7825E+01 5.0420E+01 2.3090E+01
 5.0503E+01 3.1122E+01 5.0544E+01 3.6821E+01 5.0586E+01 4.4247E+01
 5.0627E+01 5.4163E+01 5.0669E+01 6.7807E+01 5.0710E+01 8.7260E+01
 5.0752E+01 1.1625E+02 5.0772E+01 1.3633E+02 5.0793E+01 1.6188E+02
 5.0814E+01 1.9499E+02 5.0834E+01 2.3872E+02 5.0855E+01 2.9770E+02
 5.0876E+01 3.7890E+02 5.0897E+01 4.9273E+02 5.0917E+01 6.5349E+02
 5.0959E+01 1.1572E+03 5.1000E+01 1.5570E+03 5.1056E+01 9.4903E+02
 5.1112E+01 4.3739E+02 5.1141E+01 3.1156E+02 5.1169E+01 2.3058E+02
 5.1197E+01 1.7645E+02 5.1225E+01 1.3891E+02 5.1281E+01 9.2069E+01
 5.1309E+01 7.6997E+01 5.1338E+01 6.5336E+01 5.1394E+01 4.8765E+01
 5.1450E+01 3.7838E+01 5.1563E+01 2.4859E+01 5.1619E+01 2.0854E+01
 5.1675E+01 1.7829E+01 5.1787E+01 1.3701E+01 5.1900E+01 1.1202E+01
 5.2013E+01 9.7594E+00 5.2125E+01 9.1535E+00 5.2237E+01 9.4352E+00
 5.2350E+01 1.1063E+01 5.2406E+01 1.2780E+01 5.2463E+01 1.5612E+01
 5.2491E+01 1.7698E+01 5.2519E+01 2.0466E+01 5.2547E+01 2.4216E+01
 5.2575E+01 2.9432E+01 5.2603E+01 3.6938E+01 5.2631E+01 4.8211E+01
 5.2645E+01 5.6054E+01 5.2659E+01 6.6081E+01 5.2673E+01 7.9119E+01
 5.2688E+01 9.6422E+01 5.2702E+01 1.1989E+02 5.2716E+01 1.5244E+02
 5.2730E+01 1.9850E+02 5.2744E+01 2.6444E+02 5.2772E+01 4.7793E+02
 5.2800E+01 6.5530E+02 5.2831E+01 4.4898E+02 5.2847E+01 3.2252E+02
 5.2862E+01 2.3160E+02 5.2878E+01 1.7025E+02 5.2894E+01 1.2883E+02
 5.2909E+01 1.0024E+02 5.2925E+01 7.9961E+01 5.2956E+01 5.4108E+01
 5.2972E+01 4.5646E+01 5.2987E+01 3.9046E+01 5.3019E+01 2.9577E+01
 5.3050E+01 2.3259E+01 5.3112E+01 1.5628E+01 5.3144E+01 1.3222E+01
 5.3175E+01 1.1371E+01 5.3237E+01 8.7477E+00 5.3300E+01 7.0119E+00
 5.3425E+01 4.9131E+00 5.3487E+01 4.2443E+00 5.3550E+01 3.7249E+00
 5.3675E+01 2.9768E+00 5.3800E+01 2.4692E+00 5.4050E+01 1.8340E+00
 5.4300E+01 1.4605E+00 5.4550E+01 1.2225E+00 5.4800E+01 1.0662E+00
 5.5050E+01 9.6765E-01 5.5300E+01 9.1910E-01 5.5550E+01 9.2736E-01
 5.5800E+01 1.0253E+00 5.5925E+01 1.1351E+00 5.6050E+01 1.3212E+00
 5.6175E+01 1.6467E+00 5.6300E+01 2.2624E+00 5.6362E+01 2.7895E+00
 5.6425E+01 3.5999E+00 5.6456E+01 4.1773E+00 5.6487E+01 4.9315E+00
 5.6519E+01 5.9403E+00 5.6550E+01 7.3302E+00 5.6581E+01 9.3151E+00
 5.6612E+01 1.2276E+01 5.6628E+01 1.4327E+01 5.6644E+01 1.6941E+01
 5.6659E+01 2.0328E+01 5.6675E+01 2.4805E+01 5.6691E+01 3.0845E+01
 5.6706E+01 3.9169E+01 5.6722E+01 5.0847E+01 5.6737E+01 6.7350E+01
 5.6753E+01 9.0223E+01 5.6769E+01 1.1923E+02 5.6784E+01 1.4778E+02
 5.6800E+01 1.6061E+02 5.6812E+01 1.5286E+02 5.6824E+01 1.3357E+02
 5.6836E+01 1.1039E+02 5.6848E+01 8.8831E+01 5.6871E+01 5.7084E+01
 5.6883E+01 4.6358E+01 5.6895E+01 3.8123E+01 5.6919E+01 2.6774E+01
 5.6943E+01 1.9681E+01 5.6967E+01 1.5028E+01 5.6991E+01 1.1841E+01
 5.7038E+01 7.9073E+00 5.7062E+01 6.6511E+00 5.7086E+01 5.6812E+00
 5.7134E+01 4.3062E+00 5.7181E+01 3.3994E+00 5.7277E+01 2.3175E+00
 5.7324E+01 1.9795E+00 5.7372E+01 1.7209E+00 5.7467E+01 1.3572E+00
 5.7563E+01 1.1187E+00 5.7753E+01 8.3410E-01 5.7944E+01 6.7642E-01
 5.8134E+01 5.7962E-01 5.8325E+01 5.1601E-01 5.8706E+01 4.4166E-01
 5.9088E+01 4.0503E-01 5.9469E+01 3.9027E-01 5.9850E+01 3.9214E-01
 6.0231E+01 4.1054E-01 6.0612E+01 4.4985E-01 6.0994E+01 5.2171E-01
 6.1375E+01 6.5494E-01 6.1566E+01 7.6583E-01 6.1756E+01 9.3267E-01
 6.1947E+01 1.2020E+00 6.2138E+01 1.6841E+00 6.2233E+01 2.0862E+00
 6.2328E+01 2.6971E+00 6.2376E+01 3.1304E+00 6.2423E+01 3.6957E+00
 6.2471E+01 4.4535E+00 6.2519E+01 5.5034E+00 6.2566E+01 7.0171E+00
 6.2614E+01 9.3144E+00 6.2638E+01 1.0936E+01 6.2662E+01 1.3040E+01
 6.2686E+01 1.5834E+01 6.2709E+01 1.9649E+01 6.2733E+01 2.5032E+01
 6.2757E+01 3.2938E+01 6.2781E+01 4.5102E+01 6.2805E+01 6.4863E+01
 6.2817E+01 7.9439E+01 6.2829E+01 9.8724E+01 6.2840E+01 1.2434E+02
 6.2852E+01 1.5792E+02 6.2876E+01 2.4715E+02 6.2900E+01 3.0462E+02
 6.2916E+01 2.7687E+02 6.2931E+01 2.1753E+02 6.2947E+01 1.6035E+02
 6.2963E+01 1.1728E+02 6.2978E+01 8.7257E+01 6.2994E+01 6.6527E+01
 6.3009E+01 5.2006E+01 6.3025E+01 4.1588E+01 6.3056E+01 2.8195E+01
 6.3072E+01 2.3784E+01 6.3088E+01 2.0337E+01 6.3119E+01 1.5387E+01
 6.3150E+01 1.2087E+01 6.3213E+01 8.1249E+00 6.3244E+01 6.8892E+00
 6.3275E+01 5.9477E+00 6.3338E+01 4.6404E+00 6.3400E+01 3.8068E+00
 6.3525E+01 2.8817E+00 6.3650E+01 2.4671E+00 6.3775E+01 2.3289E+00
 6.3900E+01 2.3871E+00 6.4025E+01 2.6348E+00 6.4150E+01 3.1269E+00
 6.4213E+01 3.5059E+00 6.4275E+01 4.0157E+00 6.4338E+01 4.7116E+00
 6.4400E+01 5.6861E+00 6.4463E+01 7.0993E+00 6.4525E+01 9.2548E+00
 6.4556E+01 1.0783E+01 6.4588E+01 1.2771E+01 6.4619E+01 1.5427E+01
 6.4650E+01 1.9084E+01 6.4681E+01 2.4311E+01 6.4713E+01 3.2138E+01
 6.4728E+01 3.7589E+01 6.4744E+01 4.4571E+01 6.4759E+01 5.3681E+01
 6.4775E+01 6.5854E+01 6.4791E+01 8.2512E+01 6.4806E+01 1.0593E+02
 6.4814E+01 1.2124E+02 6.4822E+01 1.3975E+02 6.4830E+01 1.6221E+02
 6.4838E+01 1.8957E+02 6.4845E+01 2.2282E+02 6.4853E+01 2.6289E+02
 6.4861E+01 3.1018E+02 6.4869E+01 3.6381E+02 6.4884E+01 4.7311E+02
 6.4900E+01 5.2586E+02 6.4912E+01 4.9082E+02 6.4925E+01 4.0918E+02
 6.4938E+01 3.2055E+02 6.4950E+01 2.4619E+02 6.4963E+01 1.8988E+02
 6.4975E+01 1.4863E+02 6.4988E+01 1.1849E+02 6.5000E+01 9.6211E+01
 6.5025E+01 6.6748E+01 6.5050E+01 4.9059E+01 6.5075E+01 3.7799E+01
 6.5100E+01 3.0284E+01 6.5150E+01 2.1404E+01 6.5175E+01 1.8754E+01
 6.5200E+01 1.6843E+01 6.5250E+01 1.4564E+01 6.5300E+01 1.3769E+01
 6.5350E+01 1.4225E+01 6.5400E+01 1.6103E+01 6.5425E+01 1.7766E+01
 6.5450E+01 2.0115E+01 6.5475E+01 2.3423E+01 6.5500E+01 2.8137E+01
 6.5525E+01 3.5017E+01 6.5550E+01 4.5435E+01 6.5563E+01 5.2715E+01
 6.5575E+01 6.2026E+01 6.5588E+01 7.4148E+01 6.5600E+01 9.0233E+01
 6.5613E+01 1.1203E+02 6.5625E+01 1.4220E+02 6.5637E+01 1.8480E+02
 6.5650E+01 2.4551E+02 6.5675E+01 4.3994E+02 6.5700E+01 5.9898E+02
 6.5736E+01 3.4253E+02 6.5754E+01 2.2352E+02 6.5763E+01 1.8249E+02
 6.5772E+01 1.5069E+02 6.5790E+01 1.0646E+02 6.5808E+01 7.8542E+01
 6.5826E+01 6.0119E+01 6.5844E+01 4.7434E+01 6.5880E+01 3.1710E+01
 6.5898E+01 2.6665E+01 6.5916E+01 2.2762E+01 6.5952E+01 1.7210E+01
 6.5988E+01 1.3537E+01 6.6059E+01 9.1292E+00 6.6095E+01 7.7470E+00
 6.6131E+01 6.6871E+00 6.6203E+01 5.1938E+00 6.6275E+01 4.2171E+00
 6.6419E+01 3.0720E+00 6.6563E+01 2.4795E+00 6.6706E+01 2.1774E+00
 6.6850E+01 2.0668E+00 6.6994E+01 2.1216E+00 6.7137E+01 2.3695E+00
 6.7209E+01 2.5936E+00 6.7281E+01 2.9143E+00 6.7353E+01 3.3719E+00
 6.7425E+01 4.0345E+00 6.7497E+01 5.0215E+00 6.7569E+01 6.5605E+00
 6.7605E+01 7.6667E+00 6.7641E+01 9.1214E+00 6.7677E+01 1.1083E+01
 6.7713E+01 1.3813E+01 6.7748E+01 1.7761E+01 6.7784E+01 2.3763E+01
 6.7802E+01 2.8001E+01 6.7820E+01 3.3495E+01 6.7838E+01 4.0779E+01
 6.7856E+01 5.0701E+01 6.7874E+01 6.4649E+01 6.7892E+01 8.5009E+01
 6.7901E+01 9.8808E+01 6.7910E+01 1.1604E+02 6.7919E+01 1.3782E+02
 6.7928E+01 1.6568E+02 6.7937E+01 2.0169E+02 6.7946E+01 2.4857E+02
 6.7955E+01 3.0948E+02 6.7964E+01 3.8719E+02 6.7982E+01 5.8224E+02
 6.8000E+01 6.9976E+02 6.8034E+01 4.1005E+02 6.8050E+01 2.7031E+02
 6.8059E+01 2.2132E+02 6.8067E+01 1.8306E+02 6.8084E+01 1.2943E+02
 6.8101E+01 9.5353E+01 6.8118E+01 7.2765E+01 6.8134E+01 5.7175E+01
 6.8168E+01 3.7819E+01 6.8185E+01 3.1609E+01 6.8202E+01 2.6807E+01
 6.8235E+01 1.9986E+01 6.8269E+01 1.5484E+01 6.8336E+01 1.0108E+01
 6.8369E+01 8.4313E+00 6.8403E+01 7.1492E+00 6.8470E+01 5.3496E+00
 6.8537E+01 4.1737E+00 6.8672E+01 2.7808E+00 6.8739E+01 2.3476E+00
 6.8806E+01 2.0165E+00 6.8941E+01 1.5511E+00 6.9075E+01 1.2458E+00
 6.9344E+01 8.8131E-01 6.9478E+01 7.6693E-01 6.9613E+01 6.7904E-01
 6.9881E+01 5.5484E-01 7.0150E+01 4.7323E-01 7.0688E+01 3.7754E-01
 7.1225E+01 3.2919E-01 7.1762E+01 3.0669E-01 7.2300E+01 3.0196E-01
 7.2838E+01 3.1276E-01 7.3375E+01 3.4101E-01 7.3912E+01 3.9402E-01
 7.4450E+01 4.9027E-01 7.4719E+01 5.6806E-01 7.4988E+01 6.8205E-01
 7.5256E+01 8.6052E-01 7.5525E+01 1.1697E+00 7.5659E+01 1.4217E+00
 7.5794E+01 1.7992E+00 7.5861E+01 2.0644E+00 7.5928E+01 2.4087E+00
 7.5995E+01 2.8682E+00 7.6063E+01 3.5030E+00 7.6130E+01 4.4176E+00
 7.6197E+01 5.8088E+00 7.6231E+01 6.7949E+00 7.6264E+01 8.0809E+00
 7.6298E+01 9.8015E+00 7.6331E+01 1.2177E+01 7.6365E+01 1.5583E+01
 7.6398E+01 2.0707E+01 7.6415E+01 2.4291E+01 7.6432E+01 2.8896E+01
 7.6449E+01 3.4940E+01 7.6466E+01 4.3052E+01 7.6482E+01 5.4247E+01
 7.6499E+01 7.0151E+01 7.6508E+01 8.0654E+01 7.6516E+01 9.3458E+01
 7.6524E+01 1.0918E+02 7.6533E+01 1.2857E+02 7.6541E+01 1.5253E+02
 7.6550E+01 1.8195E+02 7.6558E+01 2.1750E+02 7.6566E+01 2.5895E+02
 7.6583E+01 3.4729E+02 7.6600E+01 3.9192E+02 7.6617E+01 3.4538E+02
 7.6634E+01 2.5480E+02 7.6652E+01 1.7742E+02 7.6669E+01 1.2462E+02
 7.6686E+01 9.0243E+01 7.6703E+01 6.7590E+01 7.6720E+01 5.2214E+01
 7.6738E+01 4.1433E+01 7.6772E+01 2.7854E+01 7.6789E+01 2.3454E+01
 7.6806E+01 2.0040E+01 7.6841E+01 1.5174E+01 7.6875E+01 1.1957E+01
 7.6944E+01 8.1317E+00 7.6978E+01 6.9497E+00 7.7012E+01 6.0556E+00
 7.7081E+01 4.8279E+00 7.7150E+01 4.0630E+00 7.7287E+01 3.2657E+00
 7.7425E+01 2.9890E+00 7.7563E+01 3.0221E+00 7.7700E+01 3.3123E+00
 7.7838E+01 3.8959E+00 7.7975E+01 4.9066E+00 7.8044E+01 5.6585E+00
 7.8113E+01 6.6605E+00 7.8181E+01 8.0233E+00 7.8250E+01 9.9297E+00
 7.8319E+01 1.2699E+01 7.8387E+01 1.6923E+01 7.8422E+01 1.9913E+01
 7.8456E+01 2.3801E+01 7.8491E+01 2.8973E+01 7.8525E+01 3.6050E+01
 7.8559E+01 4.6064E+01 7.8594E+01 6.0812E+01 7.8611E+01 7.0903E+01
 7.8628E+01 8.3607E+01 7.8645E+01 9.9838E+01 7.8662E+01 1.2088E+02
 7.8680E+01 1.4859E+02 7.8697E+01 1.8551E+02 7.8714E+01 2.3501E+02
 7.8731E+01 3.0074E+02 7.8766E+01 4.8007E+02 7.8800E+01 5.9924E+02
 7.8856E+01 3.5969E+02 7.8912E+01 1.6386E+02 7.8941E+01 1.1649E+02
 7.8969E+01 8.6172E+01 7.8997E+01 6.5983E+01 7.9025E+01 5.2013E+01
 7.9081E+01 3.4632E+01 7.9109E+01 2.9052E+01 7.9137E+01 2.4739E+01
 7.9194E+01 1.8625E+01 7.9250E+01 1.4608E+01 7.9363E+01 9.8773E+00
 7.9419E+01 8.4404E+00 7.9475E+01 7.3730E+00 7.9588E+01 5.9788E+00
 7.9700E+01 5.2414E+00 7.9813E+01 4.9817E+00 7.9925E+01 5.1793E+00
 8.0037E+01 5.9795E+00 8.0150E+01 7.8519E+00 8.0206E+01 9.5573E+00
 8.0262E+01 1.2237E+01 8.0291E+01 1.4166E+01 8.0319E+01 1.6699E+01
 8.0347E+01 2.0100E+01 8.0375E+01 2.4800E+01 8.0403E+01 3.1526E+01
 8.0431E+01 4.1578E+01 8.0445E+01 4.8554E+01 8.0459E+01 5.7444E+01
 8.0473E+01 6.8982E+01 8.0488E+01 8.4245E+01 8.0502E+01 1.0487E+02
 8.0516E+01 1.3335E+02 8.0530E+01 1.7340E+02 8.0544E+01 2.3022E+02
 8.0572E+01 4.1031E+02 8.0600E+01 5.5562E+02 8.0641E+01 3.1939E+02
 8.0661E+01 2.0880E+02 8.0671E+01 1.7054E+02 8.0681E+01 1.4083E+02
 8.0702E+01 9.9450E+01 8.0722E+01 7.3312E+01 8.0742E+01 5.6048E+01
 8.0762E+01 4.4166E+01 8.0803E+01 2.9450E+01 8.0823E+01 2.4736E+01
 8.0844E+01 2.1095E+01 8.0884E+01 1.5931E+01 8.0925E+01 1.2529E+01
 8.1006E+01 8.4925E+00 8.1047E+01 7.2480E+00 8.1088E+01 6.3098E+00
 8.1169E+01 5.0387E+00 8.1250E+01 4.2890E+00 8.1331E+01 3.8933E+00
 8.1412E+01 3.8006E+00 8.1494E+01 4.0613E+00 8.1575E+01 4.8998E+00
 8.1616E+01 5.7162E+00 8.1656E+01 7.0261E+00 8.1677E+01 7.9747E+00
 8.1697E+01 9.2205E+00 8.1717E+01 1.0889E+01 8.1738E+01 1.3179E+01
 8.1758E+01 1.6417E+01 8.1778E+01 2.1165E+01 8.1798E+01 2.8430E+01
 8.1819E+01 4.0095E+01 8.1829E+01 4.8583E+01 8.1839E+01 5.9655E+01
 8.1849E+01 7.4089E+01 8.1859E+01 9.2561E+01 8.1880E+01 1.3923E+02
 8.1900E+01 1.6755E+02 8.1911E+01 1.5848E+02 8.1921E+01 1.3640E+02
 8.1932E+01 1.1076E+02 8.1943E+01 8.7765E+01 8.1965E+01 5.5271E+01
 8.1975E+01 4.4645E+01 8.1986E+01 3.6601E+01 8.2007E+01 2.5674E+01
 8.2029E+01 1.8932E+01 8.2050E+01 1.4541E+01 8.2072E+01 1.1545E+01
 8.2115E+01 7.8562E+00 8.2136E+01 6.6770E+00 8.2158E+01 5.7651E+00
 8.2201E+01 4.4674E+00 8.2244E+01 3.6057E+00 8.2330E+01 2.5627E+00
 8.2416E+01 1.9735E+00 8.2502E+01 1.6039E+00 8.2588E+01 1.3539E+00
 8.2759E+01 1.0417E+00 8.2931E+01 8.5725E-01 8.3103E+01 7.3710E-01
 8.3275E+01 6.5397E-01 8.3619E+01 5.5070E-01 8.3963E+01 4.9645E-01
 8.4306E+01 4.7379E-01 8.4650E+01 4.7751E-01 8.4994E+01 5.1006E-01
 8.5338E+01 5.8240E-01 8.5509E+01 6.4095E-01 8.5681E+01 7.2182E-01
 8.5853E+01 8.3487E-01 8.6025E+01 9.9650E-01 8.6197E+01 1.2358E+00
 8.6369E+01 1.6076E+00 8.6455E+01 1.8751E+00 8.6541E+01 2.2271E+00
 8.6627E+01 2.7033E+00 8.6713E+01 3.3683E+00 8.6798E+01 4.3369E+00
 8.6884E+01 5.8244E+00 8.6927E+01 6.8862E+00 8.6970E+01 8.2765E+00
 8.7013E+01 1.0147E+01 8.7056E+01 1.2743E+01 8.7099E+01 1.6490E+01
 8.7142E+01 2.2178E+01 8.7164E+01 2.6189E+01 8.7185E+01 3.1385E+01
 8.7207E+01 3.8269E+01 8.7228E+01 4.7634E+01 8.7250E+01 6.0786E+01
 8.7271E+01 7.9941E+01 8.7282E+01 9.2908E+01 8.7293E+01 1.0907E+02
 8.7303E+01 1.2946E+02 8.7314E+01 1.5546E+02 8.7325E+01 1.8898E+02
 8.7336E+01 2.3244E+02 8.7346E+01 2.8860E+02 8.7357E+01 3.5976E+02
 8.7378E+01 5.3600E+02 8.7400E+01 6.4060E+02 8.7440E+01 3.8311E+02
 8.7480E+01 1.7374E+02 8.7500E+01 1.2325E+02 8.7519E+01 9.0965E+01
 8.7539E+01 6.9474E+01 8.7559E+01 5.4604E+01 8.7599E+01 3.6096E+01
 8.7619E+01 3.0147E+01 8.7639E+01 2.5544E+01 8.7679E+01 1.9002E+01
 8.7719E+01 1.4681E+01 8.7798E+01 9.5227E+00 8.7838E+01 7.9141E+00
 8.7878E+01 6.6855E+00 8.7958E+01 4.9623E+00 8.8037E+01 3.8389E+00
 8.8197E+01 2.5127E+00 8.8277E+01 2.1025E+00 8.8356E+01 1.7901E+00
 8.8516E+01 1.3537E+00 8.8675E+01 1.0701E+00 8.8994E+01 7.3688E-01
 8.9153E+01 6.3428E-01 8.9313E+01 5.5653E-01 8.9631E+01 4.4885E-01
 8.9950E+01 3.8032E-01 9.0588E+01 3.0441E-01 9.1225E+01 2.7087E-01
 9.1863E+01 2.6092E-01 9.2500E+01 2.6848E-01 9.3137E+01 2.9362E-01
 9.3775E+01 3.4195E-01 9.4412E+01 4.2822E-01 9.5050E+01 5.8920E-01
 9.5369E+01 7.2515E-01 9.5688E+01 9.3248E-01 9.5847E+01 1.0797E+00
 9.6006E+01 1.2722E+00 9.6166E+01 1.5305E+00 9.6325E+01 1.8892E+00
 9.6484E+01 2.4089E+00 9.6644E+01 3.2043E+00 9.6723E+01 3.7712E+00
 9.6803E+01 4.5141E+00 9.6883E+01 5.5138E+00 9.6963E+01 6.9057E+00
 9.7042E+01 8.9245E+00 9.7122E+01 1.2013E+01 9.7162E+01 1.4212E+01
 9.7202E+01 1.7084E+01 9.7241E+01 2.0935E+01 9.7281E+01 2.6263E+01
 9.7301E+01 2.9725E+01 9.7321E+01 3.3916E+01 9.7341E+01 3.9059E+01
 9.7361E+01 4.5452E+01 9.7381E+01 5.3532E+01 9.7401E+01 6.3930E+01
 9.7421E+01 7.7587E+01 9.7441E+01 9.5962E+01 9.7461E+01 1.2136E+02
 9.7481E+01 1.5755E+02 9.7500E+01 2.1082E+02 9.7520E+01 2.9154E+02
 9.7560E+01 5.9639E+02 9.7600E+01 9.1583E+02 9.7636E+01 6.3759E+02
 9.7672E+01 3.3372E+02 9.7690E+01 2.4589E+02 9.7708E+01 1.8609E+02
 9.7726E+01 1.4457E+02 9.7744E+01 1.1501E+02 9.7780E+01 7.7205E+01
 9.7798E+01 6.4814E+01 9.7816E+01 5.5141E+01 9.7852E+01 4.1271E+01
 9.7887E+01 3.2031E+01 9.7959E+01 2.0922E+01 9.7995E+01 1.7445E+01
 9.8031E+01 1.4785E+01 9.8103E+01 1.1054E+01 9.8175E+01 8.6301E+00
 9.8319E+01 5.8010E+00 9.8391E+01 4.9461E+00 9.8463E+01 4.3120E+00
 9.8606E+01 3.4813E+00 9.8750E+01 3.0343E+00 9.8894E+01 2.8599E+00
 9.9037E+01 2.9395E+00 9.9181E+01 3.3453E+00 9.9325E+01 4.3243E+00
 9.9397E+01 5.2236E+00 9.9469E+01 6.6440E+00 9.9505E+01 7.6699E+00
 9.9541E+01 9.0204E+00 9.9577E+01 1.0841E+01 9.9613E+01 1.3368E+01
 9.9648E+01 1.7007E+01 9.9684E+01 2.2498E+01 9.9702E+01 2.6344E+01
 9.9720E+01 3.1289E+01 9.9738E+01 3.7780E+01 9.9756E+01 4.6494E+01
 9.9774E+01 5.8512E+01 9.9792E+01 7.5572E+01 9.9810E+01 1.0054E+02
 9.9828E+01 1.3805E+02 9.9837E+01 1.6356E+02 9.9846E+01 1.9483E+02
 9.9855E+01 2.3249E+02 9.9864E+01 2.7624E+02 9.9882E+01 3.6892E+02
 9.9900E+01 4.1540E+02 9.9929E+01 3.1314E+02 9.9943E+01 2.3954E+02
 9.9958E+01 1.8032E+02 9.9972E+01 1.3691E+02 9.9987E+01 1.0585E+02
 1.0000E+02 8.3523E+01 1.0002E+02 6.7230E+01 1.0005E+02 4.5895E+01
 1.0006E+02 3.8774E+01 1.0007E+02 3.3171E+01 1.0010E+02 2.5065E+01
 1.0013E+02 1.9616E+01 1.0019E+02 1.3007E+01 1.0022E+02 1.0922E+01
 1.0025E+02 9.3212E+00 1.0030E+02 7.0647E+00 1.0036E+02 5.5860E+00
 1.0048E+02 3.8334E+00 1.0054E+02 3.2903E+00 1.0059E+02 2.8773E+00
 1.0071E+02 2.3036E+00 1.0082E+02 1.9371E+00 1.0106E+02 1.5298E+00
 1.0129E+02 1.3500E+00 1.0152E+02 1.2988E+00 1.0175E+02 1.3446E+00
 1.0198E+02 1.4897E+00 1.0221E+02 1.7677E+00 1.0233E+02 1.9801E+00
 1.0244E+02 2.2649E+00 1.0256E+02 2.6532E+00 1.0268E+02 3.1964E+00
 1.0279E+02 3.9843E+00 1.0291E+02 5.1867E+00 1.0296E+02 6.0407E+00
 1.0302E+02 7.1550E+00 1.0308E+02 8.6493E+00 1.0314E+02 1.0719E+01
 1.0320E+02 1.3704E+01 1.0325E+02 1.8240E+01 1.0328E+02 2.1449E+01
 1.0331E+02 2.5618E+01 1.0334E+02 3.1174E+01 1.0337E+02 3.8793E+01
 1.0340E+02 4.9616E+01 1.0343E+02 6.5666E+01 1.0344E+02 7.6725E+01
 1.0345E+02 9.0745E+01 1.0347E+02 1.0881E+02 1.0348E+02 1.3251E+02
 1.0350E+02 1.6419E+02 1.0351E+02 2.0727E+02 1.0353E+02 2.6665E+02
 1.0354E+02 3.4855E+02 1.0357E+02 5.9144E+02 1.0360E+02 7.7082E+02
 1.0364E+02 5.1028E+02 1.0368E+02 2.5401E+02 1.0369E+02 1.8485E+02
 1.0371E+02 1.3893E+02 1.0373E+02 1.0760E+02 1.0375E+02 8.5576E+01
 1.0379E+02 5.7774E+01 1.0381E+02 4.8758E+01 1.0382E+02 4.1770E+01
 1.0386E+02 3.1838E+01 1.0390E+02 2.5320E+01 1.0397E+02 1.7727E+01
 1.0401E+02 1.5484E+01 1.0405E+02 1.3874E+01 1.0413E+02 1.1963E+01
 1.0420E+02 1.1303E+01 1.0428E+02 1.1691E+01 1.0435E+02 1.3277E+01
 1.0439E+02 1.4679E+01 1.0443E+02 1.6666E+01 1.0446E+02 1.9470E+01
 1.0450E+02 2.3481E+01 1.0452E+02 2.6133E+01 1.0454E+02 2.9373E+01
 1.0456E+02 3.3375E+01 1.0457E+02 3.8376E+01 1.0459E+02 4.4726E+01
 1.0461E+02 5.2920E+01 1.0463E+02 6.3710E+01 1.0465E+02 7.8251E+01
 1.0466E+02 8.7458E+01 1.0467E+02 9.8365E+01 1.0468E+02 1.1138E+02
 1.0469E+02 1.2703E+02 1.0470E+02 1.4600E+02 1.0471E+02 1.6918E+02
 1.0472E+02 1.9769E+02 1.0472E+02 2.3295E+02 1.0473E+02 2.7663E+02
 1.0474E+02 3.3045E+02 1.0475E+02 3.9580E+02 1.0476E+02 4.7233E+02
 1.0478E+02 6.3684E+02 1.0480E+02 7.2052E+02 1.0482E+02 5.8376E+02
 1.0484E+02 4.7194E+02 1.0485E+02 3.7226E+02 1.0488E+02 2.3242E+02
 1.0489E+02 1.8692E+02 1.0490E+02 1.5257E+02 1.0493E+02 1.0604E+02
 1.0495E+02 7.7405E+01 1.0497E+02 5.8801E+01 1.0500E+02 4.6132E+01
 1.0505E+02 3.0578E+01 1.0507E+02 2.5625E+01 1.0510E+02 2.1805E+01
 1.0515E+02 1.6393E+01 1.0520E+02 1.2825E+01 1.0530E+02 8.5663E+00
 1.0535E+02 7.2373E+00 1.0540E+02 6.2230E+00 1.0550E+02 4.8078E+00
 1.0560E+02 3.9052E+00 1.0570E+02 3.3223E+00 1.0580E+02 2.9707E+00
 1.0590E+02 2.8300E+00 1.0600E+02 2.9615E+00 1.0605E+02 3.1936E+00
 1.0610E+02 3.6232E+00 1.0615E+02 4.4027E+00 1.0620E+02 5.8862E+00
 1.0622E+02 7.1398E+00 1.0625E+02 9.0246E+00 1.0628E+02 1.2003E+01
 1.0630E+02 1.7013E+01 1.0631E+02 2.0840E+01 1.0632E+02 2.6076E+01
 1.0634E+02 3.3343E+01 1.0635E+02 4.3463E+01 1.0636E+02 5.7188E+01
 1.0638E+02 7.4099E+01 1.0639E+02 9.0236E+01 1.0640E+02 9.7319E+01
 1.0641E+02 8.6875E+01 1.0643E+02 6.5818E+01 1.0645E+02 4.7016E+01
 1.0646E+02 3.3725E+01 1.0648E+02 2.4859E+01 1.0649E+02 1.8917E+01
 1.0651E+02 1.4835E+01 1.0652E+02 1.1948E+01 1.0655E+02 8.2739E+00
 1.0657E+02 7.0718E+00 1.0659E+02 6.1330E+00 1.0662E+02 4.7835E+00
 1.0665E+02 3.8793E+00 1.0671E+02 2.7777E+00 1.0677E+02 2.1525E+00
 1.0683E+02 1.7591E+00 1.0689E+02 1.4922E+00 1.0702E+02 1.1561E+00
 1.0714E+02 9.5350E-01 1.0726E+02 8.1729E-01 1.0739E+02 7.1868E-01
 1.0788E+02 4.9484E-01 1.0813E+02 4.3123E-01 1.0838E+02 3.8356E-01
 1.0936E+02 2.7600E-01 1.0986E+02 2.4996E-01 1.1035E+02 2.3568E-01
 1.1084E+02 2.3216E-01 1.1134E+02 2.4095E-01 1.1183E+02 2.6769E-01
 1.1232E+02 3.2741E-01 1.1257E+02 3.8107E-01 1.1282E+02 4.6501E-01
 1.1294E+02 5.2544E-01 1.1307E+02 6.0491E-01 1.1319E+02 7.1217E-01
 1.1331E+02 8.6175E-01 1.1344E+02 1.0791E+00 1.1356E+02 1.4126E+00
 1.1362E+02 1.6506E+00 1.1368E+02 1.9625E+00 1.1374E+02 2.3826E+00
 1.1381E+02 2.9672E+00 1.1387E+02 3.8152E+00 1.1393E+02 5.1116E+00
 1.1396E+02 6.0332E+00 1.1399E+02 7.2366E+00 1.1402E+02 8.8478E+00
 1.1405E+02 1.1072E+01 1.1408E+02 1.4260E+01 1.1411E+02 1.9043E+01
 1.1413E+02 2.2379E+01 1.1415E+02 2.6653E+01 1.1416E+02 3.2242E+01
 1.1418E+02 3.9707E+01 1.1419E+02 4.9924E+01 1.1421E+02 6.4293E+01
 1.1422E+02 7.3688E+01 1.1422E+02 8.5038E+01 1.1423E+02 9.8821E+01
 1.1424E+02 1.1560E+02 1.1425E+02 1.3597E+02 1.1425E+02 1.6051E+02
 1.1426E+02 1.8944E+02 1.1427E+02 2.2223E+02 1.1428E+02 2.8892E+02
 1.1430E+02 3.2104E+02 1.1431E+02 3.0836E+02 1.1432E+02 2.7572E+02
 1.1433E+02 2.3439E+02 1.1434E+02 1.9374E+02 1.1436E+02 1.2958E+02
 1.1437E+02 1.0664E+02 1.1438E+02 8.8562E+01 1.1439E+02 6.2975E+01
 1.1441E+02 4.6569E+01 1.1443E+02 3.5626E+01 1.1445E+02 2.8045E+01
 1.1449E+02 1.8601E+01 1.1451E+02 1.5564E+01 1.1453E+02 1.3213E+01
 1.1456E+02 9.8727E+00 1.1460E+02 7.6674E+00 1.1468E+02 5.0384E+00
 1.1471E+02 4.2207E+00 1.1475E+02 3.5973E+00 1.1482E+02 2.7281E+00
 1.1490E+02 2.1676E+00 1.1505E+02 1.5239E+00 1.1513E+02 1.3354E+00
 1.1520E+02 1.2004E+00 1.1535E+02 1.0399E+00 1.1550E+02 9.8293E-01
 1.1565E+02 1.0122E+00 1.1580E+02 1.1395E+00 1.1588E+02 1.2534E+00
 1.1595E+02 1.4156E+00 1.1603E+02 1.6463E+00 1.1610E+02 1.9791E+00
 1.1618E+02 2.4737E+00 1.1625E+02 3.2430E+00 1.1629E+02 3.7948E+00
 1.1632E+02 4.5193E+00 1.1636E+02 5.4944E+00 1.1640E+02 6.8480E+00
 1.1644E+02 8.7998E+00 1.1647E+02 1.1753E+01 1.1649E+02 1.3829E+01
 1.1651E+02 1.6506E+01 1.1653E+02 2.0036E+01 1.1655E+02 2.4807E+01
 1.1657E+02 3.1441E+01 1.1659E+02 4.0976E+01 1.1660E+02 4.7343E+01
 1.1661E+02 5.5180E+01 1.1662E+02 6.4918E+01 1.1663E+02 7.7108E+01
 1.1663E+02 9.2435E+01 1.1664E+02 1.1170E+02 1.1665E+02 1.3564E+02
 1.1666E+02 1.6450E+02 1.1668E+02 2.2971E+02 1.1670E+02 2.6470E+02
 1.1674E+02 1.5553E+02 1.1676E+02 1.0267E+02 1.1677E+02 8.4103E+01
 1.1678E+02 6.9594E+01 1.1680E+02 4.9241E+01 1.1682E+02 3.6293E+01
 1.1684E+02 2.7708E+01 1.1686E+02 2.1781E+01 1.1690E+02 1.4419E+01
 1.1692E+02 1.2056E+01 1.1694E+02 1.0229E+01 1.1698E+02 7.6334E+00
 1.1702E+02 5.9196E+00 1.1710E+02 3.8725E+00 1.1714E+02 3.2339E+00
 1.1718E+02 2.7455E+00 1.1726E+02 2.0597E+00 1.1734E+02 1.6116E+00
 1.1751E+02 1.0804E+00 1.1759E+02 9.1509E-01 1.1767E+02 7.8872E-01
 1.1783E+02 6.1106E-01 1.1799E+02 4.9454E-01 1.1831E+02 3.5542E-01
 1.1863E+02 2.7837E-01 1.1895E+02 2.3118E-01 1.1928E+02 2.0029E-01
 1.1992E+02 1.6438E-01 1.2056E+02 1.4659E-01 1.2121E+02 1.3872E-01
 1.2185E+02 1.3772E-01 1.2249E+02 1.4277E-01 1.2314E+02 1.5471E-01
 1.2378E+02 1.7641E-01 1.2443E+02 2.1505E-01 1.2475E+02 2.4580E-01
 1.2507E+02 2.9018E-01 1.2539E+02 3.5833E-01 1.2571E+02 4.7323E-01
 1.2587E+02 5.6462E-01 1.2603E+02 6.9873E-01 1.2620E+02 9.1056E-01
 1.2636E+02 1.2821E+00 1.2644E+02 1.5878E+00 1.2652E+02 2.0481E+00
 1.2656E+02 2.3727E+00 1.2660E+02 2.7944E+00 1.2664E+02 3.3573E+00
 1.2668E+02 4.1342E+00 1.2672E+02 5.2495E+00 1.2676E+02 6.9342E+00
 1.2678E+02 8.1194E+00 1.2680E+02 9.6525E+00 1.2682E+02 1.1681E+01
 1.2684E+02 1.4439E+01 1.2686E+02 1.8311E+01 1.2688E+02 2.3954E+01
 1.2690E+02 3.2540E+01 1.2692E+02 4.6248E+01 1.2693E+02 5.6181E+01
 1.2694E+02 6.9092E+01 1.2695E+02 8.5838E+01 1.2696E+02 1.0716E+02
 1.2698E+02 1.6046E+02 1.2700E+02 1.9244E+02 1.2702E+02 1.6800E+02
 1.2703E+02 1.2172E+02 1.2705E+02 8.3546E+01 1.2707E+02 5.8179E+01
 1.2709E+02 4.1961E+01 1.2710E+02 3.1398E+01 1.2712E+02 2.4288E+01
 1.2714E+02 1.9334E+01 1.2717E+02 1.3140E+01 1.2719E+02 1.1148E+01
 1.2721E+02 9.6107E+00 1.2724E+02 7.4397E+00 1.2728E+02 6.0297E+00
 1.2734E+02 4.4224E+00 1.2738E+02 3.9671E+00 1.2741E+02 3.6559E+00
 1.2748E+02 3.3408E+00 1.2755E+02 3.3372E+00 1.2762E+02 3.6235E+00
 1.2769E+02 4.2735E+00 1.2772E+02 4.7939E+00 1.2776E+02 5.5063E+00
 1.2779E+02 6.4902E+00 1.2782E+02 7.8788E+00 1.2786E+02 9.9006E+00
 1.2789E+02 1.2975E+01 1.2791E+02 1.5138E+01 1.2793E+02 1.7930E+01
 1.2795E+02 2.1608E+01 1.2796E+02 2.6568E+01 1.2798E+02 3.3447E+01
 1.2800E+02 4.3282E+01 1.2801E+02 4.9814E+01 1.2801E+02 5.7826E+01
 1.2802E+02 6.7726E+01 1.2803E+02 8.0029E+01 1.2804E+02 9.5372E+01
 1.2805E+02 1.1444E+02 1.2806E+02 1.3783E+02 1.2807E+02 1.6557E+02
 1.2808E+02 2.2647E+02 1.2810E+02 2.5817E+02 1.2811E+02 2.3602E+02
 1.2813E+02 1.8776E+02 1.2814E+02 1.4011E+02 1.2816E+02 1.0347E+02
 1.2817E+02 7.7512E+01 1.2818E+02 5.9396E+01 1.2820E+02 4.6605E+01
 1.2821E+02 3.7385E+01 1.2824E+02 2.5457E+01 1.2826E+02 2.1514E+01
 1.2827E+02 1.8425E+01 1.2830E+02 1.3977E+01 1.2832E+02 1.1004E+01
 1.2838E+02 7.4219E+00 1.2841E+02 6.3011E+00 1.2844E+02 5.4451E+00
 1.2849E+02 4.2527E+00 1.2855E+02 3.4885E+00 1.2866E+02 2.6344E+00
 1.2877E+02 2.2476E+00 1.2889E+02 2.1183E+00 1.2900E+02 2.1777E+00
 1.2911E+02 2.4266E+00 1.2923E+02 2.9289E+00 1.2928E+02 3.3210E+00
 1.2934E+02 3.8541E+00 1.2939E+02 4.5889E+00 1.2945E+02 5.6271E+00
 1.2951E+02 7.1469E+00 1.2956E+02 9.4793E+00 1.2959E+02 1.1137E+01
 1.2962E+02 1.3298E+01 1.2965E+02 1.6182E+01 1.2968E+02 2.0141E+01
 1.2970E+02 2.5767E+01 1.2973E+02 3.4098E+01 1.2974E+02 3.9833E+01
 1.2976E+02 4.7087E+01 1.2977E+02 5.6411E+01 1.2979E+02 6.8597E+01
 1.2980E+02 8.4809E+01 1.2982E+02 1.0671E+02 1.2983E+02 1.3661E+02
 1.2984E+02 1.7733E+02 1.2987E+02 2.9461E+02 1.2990E+02 3.7802E+02
 1.2993E+02 2.6916E+02 1.2995E+02 1.9797E+02 1.2997E+02 1.4452E+02
 1.2998E+02 1.0731E+02 1.3000E+02 8.1658E+01 1.3002E+02 6.3700E+01
 1.3003E+02 5.0831E+01 1.3007E+02 3.4279E+01 1.3009E+02 2.8828E+01
 1.3010E+02 2.4566E+01 1.3014E+02 1.8437E+01 1.3017E+02 1.4344E+01
 1.3024E+02 9.4090E+00 1.3027E+02 7.8584E+00 1.3030E+02 6.6702E+00
 1.3037E+02 4.9979E+00 1.3044E+02 3.9043E+00 1.3057E+02 2.6093E+00
 1.3064E+02 2.2082E+00 1.3071E+02 1.9030E+00 1.3084E+02 1.4776E+00
 1.3098E+02 1.2039E+00 1.3124E+02 8.9155E-01 1.3151E+02 7.3908E-01
 1.3178E+02 6.7091E-01 1.3205E+02 6.5983E-01 1.3232E+02 7.0061E-01
 1.3259E+02 8.0505E-01 1.3272E+02 8.9132E-01 1.3286E+02 1.0109E+00
 1.3299E+02 1.1781E+00 1.3313E+02 1.4169E+00 1.3326E+02 1.7697E+00
 1.3339E+02 2.3165E+00 1.3346E+02 2.7091E+00 1.3353E+02 3.2252E+00
 1.3360E+02 3.9218E+00 1.3366E+02 4.8936E+00 1.3373E+02 6.3049E+00
 1.3380E+02 8.4650E+00 1.3383E+02 1.0002E+01 1.3386E+02 1.2008E+01
 1.3390E+02 1.4696E+01 1.3393E+02 1.8407E+01 1.3397E+02 2.3723E+01
 1.3400E+02 3.1700E+01 1.3402E+02 3.7262E+01 1.3403E+02 4.4386E+01
 1.3405E+02 5.3690E+01 1.3407E+02 6.6113E+01 1.3408E+02 8.3105E+01
 1.3410E+02 1.0697E+02 1.3412E+02 1.4134E+02 1.3413E+02 1.9183E+02
 1.3417E+02 3.6666E+02 1.3420E+02 5.2677E+02 1.3423E+02 4.1368E+02
 1.3424E+02 3.2621E+02 1.3425E+02 2.5170E+02 1.3427E+02 1.9459E+02
 1.3428E+02 1.5235E+02 1.3429E+02 1.2127E+02 1.3431E+02 9.8170E+01
 1.3433E+02 6.7408E+01 1.3435E+02 5.7003E+01 1.3436E+02 4.8768E+01
 1.3439E+02 3.6782E+01 1.3441E+02 2.8675E+01 1.3447E+02 1.8792E+01
 1.3449E+02 1.5663E+01 1.3452E+02 1.3259E+01 1.3457E+02 9.8653E+00
 1.3463E+02 7.6395E+00 1.3473E+02 5.0002E+00 1.3478E+02 4.1818E+00
 1.3484E+02 3.5584E+00 1.3494E+02 2.6890E+00 1.3505E+02 2.1270E+00
 1.3526E+02 1.4756E+00 1.3537E+02 1.2811E+00 1.3548E+02 1.1383E+00
 1.3569E+02 9.5706E-01 1.3590E+02 8.6959E-01 1.3611E+02 8.5320E-01
 1.3632E+02 9.0923E-01 1.3654E+02 1.0663E+00 1.3675E+02 1.4103E+00
 1.3686E+02 1.7190E+00 1.3696E+02 2.2034E+00 1.3702E+02 2.5531E+00
 1.3707E+02 3.0139E+00 1.3712E+02 3.6371E+00 1.3718E+02 4.5066E+00
 1.3723E+02 5.7693E+00 1.3728E+02 7.6991E+00 1.3731E+02 9.0693E+00
 1.3733E+02 1.0853E+01 1.3736E+02 1.3237E+01 1.3739E+02 1.6511E+01
 1.3741E+02 2.1171E+01 1.3744E+02 2.8097E+01 1.3745E+02 3.2880E+01
 1.3747E+02 3.8949E+01 1.3748E+02 4.6783E+01 1.3749E+02 5.7078E+01
 1.3751E+02 7.0870E+01 1.3752E+02 8.9686E+01 1.3753E+02 1.1573E+02
 1.3755E+02 1.5185E+02 1.3757E+02 2.6033E+02 1.3760E+02 3.4179E+02
 1.3764E+02 1.9411E+02 1.3766E+02 1.2609E+02 1.3767E+02 1.0272E+02
 1.3768E+02 8.4643E+01 1.3770E+02 5.9536E+01 1.3772E+02 4.3726E+01
 1.3774E+02 3.3307E+01 1.3777E+02 2.6147E+01 1.3781E+02 1.7288E+01
 1.3783E+02 1.4454E+01 1.3785E+02 1.2265E+01 1.3789E+02 9.1593E+00
 1.3793E+02 7.1123E+00 1.3801E+02 4.6718E+00 1.3806E+02 3.9117E+00
 1.3810E+02 3.3311E+00 1.3818E+02 2.5170E+00 1.3826E+02 1.9866E+00
 1.3843E+02 1.3610E+00 1.3851E+02 1.1679E+00 1.3859E+02 1.0211E+00
 1.3876E+02 8.1719E-01 1.3893E+02 6.8658E-01 1.3926E+02 5.3917E-01
 1.3959E+02 4.6951E-01 1.3992E+02 4.4143E-01 1.4025E+02 4.4198E-01
 1.4058E+02 4.6899E-01 1.4091E+02 5.2855E-01 1.4124E+02 6.3969E-01
 1.4157E+02 8.5158E-01 1.4174E+02 1.0325E+00 1.4191E+02 1.3103E+00
 1.4199E+02 1.5085E+00 1.4207E+02 1.7683E+00 1.4215E+02 2.1180E+00
 1.4224E+02 2.6048E+00 1.4232E+02 3.3110E+00 1.4240E+02 4.3920E+00
 1.4244E+02 5.1614E+00 1.4249E+02 6.1673E+00 1.4253E+02 7.5171E+00
 1.4257E+02 9.3860E+00 1.4261E+02 1.2075E+01 1.4265E+02 1.6137E+01
 1.4267E+02 1.8988E+01 1.4269E+02 2.2664E+01 1.4271E+02 2.7507E+01
 1.4273E+02 3.4049E+01 1.4276E+02 4.3136E+01 1.4278E+02 5.6177E+01
 1.4279E+02 6.4876E+01 1.4280E+02 7.5572E+01 1.4281E+02 8.8850E+01
 1.4282E+02 1.0544E+02 1.4283E+02 1.2627E+02 1.4284E+02 1.5239E+02
 1.4285E+02 1.8475E+02 1.4286E+02 2.2362E+02 1.4288E+02 3.1092E+02
 1.4290E+02 3.5746E+02 1.4294E+02 2.3968E+02 1.4298E+02 1.2066E+02
 1.4299E+02 8.7969E+01 1.4301E+02 6.6126E+01 1.4303E+02 5.1155E+01
 1.4305E+02 4.0588E+01 1.4309E+02 2.7188E+01 1.4311E+02 2.2824E+01
 1.4313E+02 1.9426E+01 1.4316E+02 1.4568E+01 1.4320E+02 1.1341E+01
 1.4327E+02 7.4714E+00 1.4331E+02 6.2615E+00 1.4335E+02 5.3370E+00
 1.4343E+02 4.0413E+00 1.4350E+02 3.1990E+00 1.4365E+02 2.2128E+00
 1.4373E+02 1.9125E+00 1.4380E+02 1.6870E+00 1.4395E+02 1.3815E+00
 1.4410E+02 1.1957E+00 1.4440E+02 1.0148E+00 1.4470E+02 9.7312E-01
 1.4500E+02 1.0203E+00 1.4530E+02 1.1484E+00 1.4560E+02 1.3766E+00
 1.4590E+02 1.7576E+00 1.4605E+02 2.0382E+00 1.4620E+02 2.4113E+00
 1.4635E+02 2.9187E+00 1.4650E+02 3.6306E+00 1.4665E+02 4.6695E+00
 1.4680E+02 6.2680E+00 1.4688E+02 7.4105E+00 1.4695E+02 8.9083E+00
 1.4702E+02 1.0925E+01 1.4710E+02 1.3729E+01 1.4718E+02 1.7786E+01
 1.4725E+02 2.3965E+01 1.4729E+02 2.8337E+01 1.4732E+02 3.4017E+01
 1.4736E+02 4.1575E+01 1.4740E+02 5.1919E+01 1.4744E+02 6.6557E+01
 1.4748E+02 8.8128E+01 1.4749E+02 1.0290E+02 1.4751E+02 1.2149E+02
 1.4753E+02 1.4526E+02 1.4755E+02 1.7612E+02 1.4757E+02 2.1676E+02
 1.4759E+02 2.7097E+02 1.4761E+02 3.4373E+02 1.4763E+02 4.4059E+02
 1.4766E+02 7.0579E+02 1.4770E+02 8.8293E+02 1.4776E+02 5.0928E+02
 1.4780E+02 3.3314E+02 1.4781E+02 2.7202E+02 1.4783E+02 2.2449E+02
 1.4786E+02 1.5819E+02 1.4789E+02 1.1626E+02 1.4792E+02 8.8542E+01
 1.4796E+02 6.9452E+01 1.4802E+02 4.5801E+01 1.4805E+02 3.8223E+01
 1.4808E+02 3.2369E+01 1.4815E+02 2.4062E+01 1.4821E+02 1.8583E+01
 1.4834E+02 1.2053E+01 1.4840E+02 1.0019E+01 1.4847E+02 8.4673E+00
 1.4860E+02 6.2936E+00 1.4873E+02 4.8800E+00 1.4898E+02 3.2190E+00
 1.4911E+02 2.7095E+00 1.4924E+02 2.3250E+00 1.4949E+02 1.7980E+00
 1.4975E+02 1.4721E+00 1.5001E+02 1.2709E+00 1.5026E+02 1.1601E+00
 1.5052E+02 1.1321E+00 1.5077E+02 1.2122E+00 1.5090E+02 1.3191E+00
 1.5103E+02 1.5064E+00 1.5116E+02 1.8385E+00 1.5129E+02 2.4699E+00
 1.5135E+02 3.0115E+00 1.5142E+02 3.8453E+00 1.5145E+02 4.4402E+00
 1.5148E+02 5.2181E+00 1.5151E+02 6.2615E+00 1.5154E+02 7.7033E+00
 1.5158E+02 9.7711E+00 1.5161E+02 1.2876E+01 1.5162E+02 1.5041E+01
 1.5164E+02 1.7816E+01 1.5166E+02 2.1443E+01 1.5167E+02 2.6288E+01
 1.5169E+02 3.2919E+01 1.5170E+02 4.2242E+01 1.5172E+02 5.5692E+01
 1.5174E+02 7.5485E+01 1.5174E+02 8.8672E+01 1.5175E+02 1.0454E+02
 1.5176E+02 1.2323E+02 1.5177E+02 1.4439E+02 1.5178E+02 1.8736E+02
 1.5180E+02 2.0801E+02 1.5182E+02 1.8456E+02 1.5183E+02 1.3796E+02
 1.5185E+02 9.7186E+01 1.5187E+02 6.8833E+01 1.5189E+02 5.0138E+01
 1.5190E+02 3.7709E+01 1.5192E+02 2.9223E+01 1.5194E+02 2.3249E+01
 1.5197E+02 1.5691E+01 1.5199E+02 1.3233E+01 1.5201E+02 1.1321E+01
 1.5204E+02 8.5887E+00 1.5207E+02 6.7748E+00 1.5214E+02 4.6005E+00
 1.5218E+02 3.9211E+00 1.5221E+02 3.4017E+00 1.5228E+02 2.6740E+00
 1.5235E+02 2.2012E+00 1.5249E+02 1.6490E+00 1.5263E+02 1.3575E+00
 1.5276E+02 1.1920E+00 1.5290E+02 1.0964E+00 1.5318E+02 1.0215E+00
 1.5345E+02 1.0403E+00 1.5373E+02 1.1300E+00 1.5400E+02 1.2960E+00
 1.5427E+02 1.5665E+00 1.5455E+02 2.0041E+00 1.5469E+02 2.3231E+00
 1.5482E+02 2.7455E+00 1.5496E+02 3.3184E+00 1.5510E+02 4.1206E+00
 1.5524E+02 5.2897E+00 1.5538E+02 7.0864E+00 1.5544E+02 8.3691E+00
 1.5551E+02 1.0050E+01 1.5558E+02 1.2310E+01 1.5565E+02 1.5450E+01
 1.5568E+02 1.7498E+01 1.5572E+02 1.9986E+01 1.5575E+02 2.3049E+01
 1.5579E+02 2.6877E+01 1.5582E+02 3.1742E+01 1.5586E+02 3.8049E+01
 1.5589E+02 4.6420E+01 1.5593E+02 5.7829E+01 1.5596E+02 7.3892E+01
 1.5599E+02 9.7377E+01 1.5601E+02 1.1334E+02 1.5603E+02 1.3329E+02
 1.5605E+02 1.5857E+02 1.5606E+02 1.9101E+02 1.5608E+02 2.3311E+02
 1.5610E+02 2.8818E+02 1.5611E+02 3.6025E+02 1.5613E+02 4.5293E+02
 1.5617E+02 6.8960E+02 1.5620E+02 8.3497E+02 1.5624E+02 6.3908E+02
 1.5628E+02 3.7521E+02 1.5630E+02 2.8652E+02 1.5632E+02 2.2233E+02
 1.5635E+02 1.7580E+02 1.5637E+02 1.4162E+02 1.5641E+02 9.6603E+01
 1.5643E+02 8.1512E+01 1.5645E+02 6.9610E+01 1.5649E+02 5.2363E+01
 1.5653E+02 4.0746E+01 1.5661E+02 2.6638E+01 1.5665E+02 2.2185E+01
 1.5670E+02 1.8766E+01 1.5678E+02 1.3947E+01 1.5686E+02 1.0791E+01
 1.5703E+02 7.0563E+00 1.5711E+02 5.9001E+00 1.5719E+02 5.0209E+00
 1.5736E+02 3.7974E+00 1.5752E+02 3.0102E+00 1.5786E+02 2.1090E+00
 1.5802E+02 1.8464E+00 1.5819E+02 1.6591E+00 1.5852E+02 1.4401E+00
 1.5885E+02 1.3693E+00 1.5918E+02 1.4245E+00 1.5951E+02 1.6257E+00
 1.5968E+02 1.8024E+00 1.5984E+02 2.0524E+00 1.6001E+02 2.4068E+00
 1.6018E+02 2.9177E+00 1.6034E+02 3.6769E+00 1.6051E+02 4.8593E+00
 1.6059E+02 5.7094E+00 1.6067E+02 6.8283E+00 1.6076E+02 8.3387E+00
 1.6084E+02 1.0444E+01 1.6088E+02 1.1822E+01 1.6092E+02 1.3500E+01
 1.6096E+02 1.5571E+01 1.6100E+02 1.8165E+01 1.6105E+02 2.1476E+01
 1.6109E+02 2.5789E+01 1.6113E+02 3.1543E+01 1.6117E+02 3.9448E+01
 1.6121E+02 5.0691E+01 1.6125E+02 6.7389E+01 1.6127E+02 7.8908E+01
 1.6129E+02 9.3517E+01 1.6131E+02 1.1235E+02 1.6133E+02 1.3708E+02
 1.6135E+02 1.7016E+02 1.6138E+02 2.1518E+02 1.6140E+02 2.7730E+02
 1.6142E+02 3.6310E+02 1.6146E+02 6.1832E+02 1.6150E+02 8.0751E+02
 1.6154E+02 6.0533E+02 1.6159E+02 3.4577E+02 1.6161E+02 2.6166E+02
 1.6163E+02 2.0170E+02 1.6165E+02 1.5873E+02 1.6167E+02 1.2743E+02
 1.6172E+02 8.6512E+01 1.6174E+02 7.2878E+01 1.6176E+02 6.2152E+01
 1.6180E+02 4.6650E+01 1.6185E+02 3.6242E+01 1.6193E+02 2.3627E+01
 1.6198E+02 1.9651E+01 1.6202E+02 1.6600E+01 1.6210E+02 1.2300E+01
 1.6219E+02 9.4828E+00 1.6236E+02 6.1427E+00 1.6245E+02 5.1051E+00
 1.6254E+02 4.3139E+00 1.6271E+02 3.2050E+00 1.6288E+02 2.4821E+00
 1.6323E+02 1.6267E+00 1.6340E+02 1.3609E+00 1.6357E+02 1.1578E+00
 1.6392E+02 8.7231E-01 1.6427E+02 6.8496E-01 1.6496E+02 4.6086E-01
 1.6530E+02 3.9030E-01 1.6565E+02 3.3589E-01 1.6634E+02 2.5836E-01
 1.6702E+02 2.7364E-01 1.6702E+02 2.3951E+01 2.1500E+02 1.4393E+01
 3.0000E+02 1.0863E+01 4.6500E+02 7.5020E+00 7.0000E+02 5.3274E+00
 1.0000E+03 3.9783E+00 1.5000E+03 2.8912E+00 2.1500E+03 2.2135E+00
 3.0000E+03 1.7577E+00 4.6500E+03 1.3293E+00 7.0000E+03 1.0424E+00
 1.0000E+04 8.4764E-01 1.5000E+04 6.6772E-01 2.1500E+04 5.3654E-01
 2.4500E+04 4.9490E-01 3.0000E+04 4.3645E-01 4.6500E+04 3.3431E-01
 7.0000E+04 2.6906E-01 1.0000E+05 2.1719E-01 1.5000E+05 1.4142E-01
 2.1500E+05 1.1642E-01 3.0000E+05 8.7882E-02 4.6500E+05 6.7945E-02
 7.0000E+05 6.0839E-02 1.0000E+06 6.0619E-02 1.5000E+06 6.2628E-02
 2.1500E+06 5.4737E-02 3.0000E+06 3.1098E-02 4.6500E+06 5.2941E-03
 7.0000E+06 8.0047E-04 1.0000E+07 8.6701E-04 1.2000E+07 8.1383E-04
 1.3000E+07 7.6519E-04 1.4000E+07 7.1717E-04 1.5000E+07 6.7043E-04
 1.6000E+07 6.2562E-04 1.7000E+07 5.8339E-04 1.8000E+07 5.4440E-04
 1.9000E+07 5.0930E-04 2.0000E+07 4.7875E-04                     
