 1.0000E-05 5.4149E+03 1.2476E-05 4.8479E+03 1.4951E-05 4.4284E+03
 1.7427E-05 4.1018E+03 1.9903E-05 3.8383E+03 2.4854E-05 3.4347E+03
 2.9806E-05 3.1365E+03 3.4757E-05 2.9045E+03 3.9709E-05 2.7174E+03
 4.4660E-05 2.5624E+03 4.9611E-05 2.4312E+03 5.9514E-05 2.2197E+03
 6.9417E-05 2.0553E+03 7.9320E-05 1.9228E+03 8.9223E-05 1.8130E+03
 1.0903E-04 1.6400E+03 1.2883E-04 1.5088E+03 1.4864E-04 1.4048E+03
 1.6845E-04 1.3195E+03 2.0806E-04 1.1874E+03 2.4767E-04 1.0884E+03
 2.8728E-04 1.0105E+03 3.2689E-04 9.4742E+02 4.0612E-04 8.5008E+02
 4.8534E-04 7.7768E+02 5.6456E-04 7.2112E+02 6.4378E-04 6.7536E+02
 8.0223E-04 6.0511E+02 9.6068E-04 5.5306E+02 1.1191E-03 5.1251E+02
 1.2776E-03 4.7977E+02 1.5945E-03 4.2961E+02 1.9113E-03 3.9252E+02
 2.2282E-03 3.6368E+02 2.5451E-03 3.4042E+02 3.1789E-03 3.0482E+02
 3.8127E-03 2.7854E+02 4.4465E-03 2.5811E+02 5.0803E-03 2.4166E+02
 6.3478E-03 2.1650E+02 7.6154E-03 1.9796E+02 8.8830E-03 1.8357E+02
 1.0151E-02 1.7198E+02 1.2686E-02 1.5429E+02 1.5221E-02 1.4128E+02
 1.7756E-02 1.3120E+02 2.0291E-02 1.2309E+02 2.5300E-02 1.1089E+02
 2.5361E-02 1.1077E+02 3.0432E-02 1.0173E+02 3.5502E-02 9.4768E+01
 4.0572E-02 8.9194E+01 5.0713E-02 8.0773E+01 6.0853E-02 7.4666E+01
 7.0994E-02 7.0010E+01 8.1134E-02 6.6336E+01 1.0141E-01 6.0905E+01
 1.2170E-01 5.7110E+01 1.4198E-01 5.4347E+01 1.6226E-01 5.2290E+01
 2.0282E-01 4.9591E+01 2.4338E-01 4.8149E+01 2.8394E-01 4.7571E+01
 3.2451E-01 4.7657E+01 3.6507E-01 4.8306E+01 4.0563E-01 4.9475E+01
 4.4619E-01 5.1160E+01 4.8676E-01 5.3386E+01 5.2732E-01 5.6209E+01
 5.6788E-01 5.9710E+01 6.0844E-01 6.4014E+01 6.4900E-01 6.9289E+01
 6.8957E-01 7.5767E+01 7.3013E-01 8.3769E+01 7.7069E-01 9.3749E+01
 8.1125E-01 1.0635E+02 8.3153E-01 1.1391E+02 8.5182E-01 1.2252E+02
 8.7210E-01 1.3236E+02 8.9238E-01 1.4369E+02 9.1266E-01 1.5681E+02
 9.3294E-01 1.7211E+02 9.5322E-01 1.9010E+02 9.7350E-01 2.1145E+02
 9.9378E-01 2.3703E+02 1.0141E+00 2.6806E+02 1.0344E+00 3.0616E+02
 1.0546E+00 3.5366E+02 1.0648E+00 3.8194E+02 1.0749E+00 4.1393E+02
 1.0851E+00 4.5029E+02 1.0952E+00 4.9189E+02 1.1053E+00 5.3974E+02
 1.1155E+00 5.9515E+02 1.1256E+00 6.5977E+02 1.1358E+00 7.3574E+02
 1.1459E+00 8.2578E+02 1.1560E+00 9.3352E+02 1.1662E+00 1.0638E+03
 1.1763E+00 1.2229E+03 1.1814E+00 1.3160E+03 1.1865E+00 1.4198E+03
 1.1915E+00 1.5361E+03 1.1966E+00 1.6667E+03 1.2017E+00 1.8139E+03
 1.2067E+00 1.9804E+03 1.2118E+00 2.1693E+03 1.2169E+00 2.3846E+03
 1.2219E+00 2.6306E+03 1.2270E+00 2.9126E+03 1.2296E+00 3.0690E+03
 1.2321E+00 3.2367E+03 1.2346E+00 3.4167E+03 1.2372E+00 3.6097E+03
 1.2397E+00 3.8168E+03 1.2422E+00 4.0391E+03 1.2448E+00 4.2774E+03
 1.2473E+00 4.5328E+03 1.2498E+00 4.8060E+03 1.2524E+00 5.0981E+03
 1.2549E+00 5.4093E+03 1.2574E+00 5.7400E+03 1.2625E+00 6.4594E+03
 1.2676E+00 7.2478E+03 1.2726E+00 8.0838E+03 1.2777E+00 8.9265E+03
 1.2828E+00 9.7130E+03 1.2879E+00 1.0362E+04 1.2929E+00 1.0788E+04
 1.2980E+00 1.0923E+04 1.3132E+00 9.6028E+03 1.3284E+00 7.0882E+03
 1.3435E+00 4.9316E+03 1.3587E+00 3.4530E+03 1.3739E+00 2.4881E+03
 1.3891E+00 1.8516E+03 1.4043E+00 1.4197E+03 1.4194E+00 1.1171E+03
 1.4498E+00 7.3680E+02 1.4650E+00 6.1386E+02 1.4802E+00 5.1857E+02
 1.5105E+00 3.8307E+02 1.5409E+00 2.9368E+02 1.6016E+00 1.8739E+02
 1.6320E+00 1.5444E+02 1.6623E+00 1.2939E+02 1.7230E+00 9.4472E+01
 1.7837E+00 7.1928E+01 1.8445E+00 5.6573E+01 1.9052E+00 4.5671E+01
 1.9659E+00 3.7666E+01 2.0266E+00 3.1626E+01 2.1481E+00 2.3290E+01
 2.2695E+00 1.7961E+01 2.5124E+00 1.1818E+01 2.6338E+00 9.9593E+00
 2.7553E+00 8.5623E+00 2.9981E+00 6.6414E+00 3.2410E+00 5.4187E+00
 3.7267E+00 4.0218E+00 4.2125E+00 3.3071E+00 4.6983E+00 2.9289E+00
 5.1840E+00 2.7582E+00 5.6697E+00 2.7538E+00 6.1555E+00 2.9308E+00
 6.6413E+00 3.3743E+00 7.1270E+00 4.3212E+00 7.3699E+00 5.1647E+00
 7.6128E+00 6.4848E+00 7.7342E+00 7.4364E+00 7.8556E+00 8.6900E+00
 7.9771E+00 1.0385E+01 8.0985E+00 1.2753E+01 8.2199E+00 1.6201E+01
 8.3414E+00 2.1494E+01 8.4021E+00 2.5274E+01 8.4628E+00 3.0228E+01
 8.5235E+00 3.6900E+01 8.5842E+00 4.6181E+01 8.6450E+00 5.9634E+01
 8.7057E+00 8.0176E+01 8.7360E+00 9.4764E+01 8.7664E+00 1.1378E+02
 8.7968E+00 1.3922E+02 8.8271E+00 1.7427E+02 8.8575E+00 2.2439E+02
 8.8878E+00 2.9935E+02 8.9030E+00 3.5146E+02 8.9182E+00 4.1804E+02
 8.9334E+00 5.0475E+02 8.9486E+00 6.2004E+02 8.9561E+00 6.9222E+02
 8.9637E+00 7.7691E+02 8.9713E+00 8.7688E+02 8.9789E+00 9.9559E+02
 8.9865E+00 1.1374E+03 8.9941E+00 1.3076E+03 9.0017E+00 1.5124E+03
 9.0093E+00 1.7591E+03 9.0169E+00 2.0552E+03 9.0245E+00 2.4065E+03
 9.0321E+00 2.8135E+03 9.0396E+00 3.2657E+03 9.0548E+00 4.1563E+03
 9.0700E+00 4.5699E+03 9.0851E+00 4.1541E+03 9.1002E+00 3.2669E+03
 9.1152E+00 2.4094E+03 9.1303E+00 1.7617E+03 9.1454E+00 1.3090E+03
 9.1605E+00 9.9595E+02 9.1755E+00 7.7640E+02 9.1906E+00 6.1888E+02
 9.2208E+00 4.1610E+02 9.2359E+00 3.4932E+02 9.2509E+00 2.9707E+02
 9.2811E+00 2.2198E+02 9.3112E+00 1.7185E+02 9.3716E+00 1.1145E+02
 9.4017E+00 9.2510E+01 9.4319E+00 7.8003E+01 9.4922E+00 5.7617E+01
 9.5525E+00 4.4307E+01 9.6731E+00 2.8586E+01 9.7334E+00 2.3723E+01
 9.7937E+00 2.0024E+01 9.9144E+00 1.4860E+01 1.0035E+01 1.1511E+01
 1.0276E+01 7.5776E+00 1.0397E+01 6.3663E+00 1.0517E+01 5.4462E+00
 1.0759E+01 4.1637E+00 1.1000E+01 3.3325E+00 1.1483E+01 2.3558E+00
 1.1724E+01 2.0543E+00 1.1965E+01 1.8249E+00 1.2447E+01 1.5043E+00
 1.2930E+01 1.2963E+00 1.3895E+01 1.0542E+00 1.4860E+01 9.3069E-01
 1.5825E+01 8.7038E-01 1.6790E+01 8.5330E-01 1.7755E+01 8.7508E-01
 1.8720E+01 9.4281E-01 1.9685E+01 1.0795E+00 2.0650E+01 1.3430E+00
 2.1133E+01 1.5638E+00 2.1615E+01 1.8939E+00 2.2097E+01 2.4172E+00
 2.2580E+01 3.3221E+00 2.2821E+01 4.0495E+00 2.3063E+01 5.1179E+00
 2.3304E+01 6.7929E+00 2.3545E+01 9.6787E+00 2.3666E+01 1.2005E+01
 2.3786E+01 1.5439E+01 2.3847E+01 1.7822E+01 2.3907E+01 2.0879E+01
 2.3967E+01 2.4910E+01 2.4028E+01 3.0399E+01 2.4088E+01 3.8184E+01
 2.4148E+01 4.9820E+01 2.4178E+01 5.7960E+01 2.4208E+01 6.8467E+01
 2.4239E+01 8.2380E+01 2.4269E+01 1.0137E+02 2.4299E+01 1.2826E+02
 2.4329E+01 1.6812E+02 2.4344E+01 1.9564E+02 2.4359E+01 2.3064E+02
 2.4374E+01 2.7597E+02 2.4389E+01 3.3589E+02 2.4404E+01 4.1687E+02
 2.4419E+01 5.2883E+02 2.4435E+01 6.8680E+02 2.4450E+01 9.1219E+02
 2.4480E+01 1.6380E+03 2.4510E+01 2.2380E+03 2.4543E+01 1.5551E+03
 2.4576E+01 8.2170E+02 2.4593E+01 6.1297E+02 2.4609E+01 4.7222E+02
 2.4626E+01 3.7569E+02 2.4643E+01 3.0806E+02 2.4676E+01 2.2476E+02
 2.4709E+01 1.8083E+02 2.4742E+01 1.5914E+02 2.4775E+01 1.5262E+02
 2.4808E+01 1.5930E+02 2.4841E+01 1.8110E+02 2.4858E+01 1.9956E+02
 2.4874E+01 2.2501E+02 2.4891E+01 2.5989E+02 2.4908E+01 3.0799E+02
 2.4924E+01 3.7523E+02 2.4941E+01 4.7109E+02 2.4949E+01 5.3420E+02
 2.4957E+01 6.1073E+02 2.4966E+01 7.0392E+02 2.4974E+01 8.1760E+02
 2.4982E+01 9.5594E+02 2.4990E+01 1.1227E+03 2.4999E+01 1.3196E+03
 2.5007E+01 1.5430E+03 2.5023E+01 1.9977E+03 2.5040E+01 2.2159E+03
 2.5055E+01 2.0307E+03 2.5070E+01 1.6261E+03 2.5085E+01 1.2227E+03
 2.5100E+01 9.0976E+02 2.5115E+01 6.8655E+02 2.5130E+01 5.2993E+02
 2.5145E+01 4.1889E+02 2.5160E+01 3.3862E+02 2.5190E+01 2.3446E+02
 2.5205E+01 1.9991E+02 2.5220E+01 1.7286E+02 2.5250E+01 1.3387E+02
 2.5280E+01 1.0789E+02 2.5340E+01 7.7002E+01 2.5370E+01 6.7661E+01
 2.5400E+01 6.0832E+01 2.5460E+01 5.2418E+01 2.5520E+01 4.9020E+01
 2.5580E+01 4.9808E+01 2.5640E+01 5.5282E+01 2.5670E+01 6.0379E+01
 2.5700E+01 6.7703E+01 2.5730E+01 7.8129E+01 2.5760E+01 9.3095E+01
 2.5790E+01 1.1507E+02 2.5820E+01 1.4850E+02 2.5835E+01 1.7192E+02
 2.5850E+01 2.0196E+02 2.5865E+01 2.4117E+02 2.5880E+01 2.9336E+02
 2.5895E+01 3.6436E+02 2.5910E+01 4.6321E+02 2.5925E+01 6.0375E+02
 2.5940E+01 8.0612E+02 2.5947E+01 9.3806E+02 2.5955E+01 1.0938E+03
 2.5962E+01 1.2732E+03 2.5970E+01 1.4710E+03 2.5985E+01 1.8568E+03
 2.6000E+01 2.0346E+03 2.6015E+01 1.8500E+03 2.6030E+01 1.4555E+03
 2.6046E+01 1.0748E+03 2.6061E+01 7.8746E+02 2.6076E+01 5.8677E+02
 2.6091E+01 4.4802E+02 2.6107E+01 3.5070E+02 2.6122E+01 2.8084E+02
 2.6152E+01 1.9080E+02 2.6168E+01 1.6109E+02 2.6183E+01 1.3782E+02
 2.6213E+01 1.0431E+02 2.6244E+01 8.1849E+01 2.6305E+01 5.4626E+01
 2.6335E+01 4.6016E+01 2.6366E+01 3.9384E+01 2.6427E+01 2.9978E+01
 2.6487E+01 2.3748E+01 2.6609E+01 1.6225E+01 2.6670E+01 1.3835E+01
 2.6731E+01 1.1984E+01 2.6853E+01 9.3308E+00 2.6975E+01 7.5463E+00
 2.7219E+01 5.3424E+00 2.7462E+01 4.0654E+00 2.7706E+01 3.2499E+00
 2.7950E+01 2.6937E+00 2.8438E+01 2.0005E+00 2.8925E+01 1.6006E+00
 2.9413E+01 1.3509E+00 2.9900E+01 1.1878E+00 3.0875E+01 1.0057E+00
 3.1850E+01 9.3165E-01 3.2825E+01 9.2295E-01 3.3800E+01 9.6571E-01
 3.4775E+01 1.0609E+00 3.5750E+01 1.2225E+00 3.6725E+01 1.4832E+00
 3.7700E+01 1.9126E+00 3.8188E+01 2.2343E+00 3.8675E+01 2.6727E+00
 3.9162E+01 3.2931E+00 3.9650E+01 4.2205E+00 3.9894E+01 4.8741E+00
 4.0138E+01 5.7320E+00 4.0381E+01 6.9106E+00 4.0625E+01 8.6509E+00
 4.0747E+01 9.8922E+00 4.0869E+01 1.1569E+01 4.0991E+01 1.4001E+01
 4.1112E+01 1.7918E+01 4.1173E+01 2.0962E+01 4.1234E+01 2.5383E+01
 4.1295E+01 3.2306E+01 4.1356E+01 4.4330E+01 4.1387E+01 5.4093E+01
 4.1417E+01 6.8533E+01 4.1425E+01 7.3229E+01 4.1432E+01 7.8503E+01
 4.1440E+01 8.4452E+01 4.1448E+01 9.1192E+01 4.1455E+01 9.8868E+01
 4.1463E+01 1.0766E+02 4.1470E+01 1.1777E+02 4.1478E+01 1.2947E+02
 4.1486E+01 1.4309E+02 4.1493E+01 1.5907E+02 4.1501E+01 1.7788E+02
 4.1509E+01 2.0020E+02 4.1516E+01 2.2681E+02 4.1524E+01 2.5869E+02
 4.1531E+01 2.9702E+02 4.1539E+01 3.4310E+02 4.1547E+01 3.9828E+02
 4.1554E+01 4.6359E+02 4.1562E+01 5.3909E+02 4.1570E+01 6.2273E+02
 4.1585E+01 7.8686E+02 4.1600E+01 8.6325E+02 4.1613E+01 8.0411E+02
 4.1627E+01 6.6761E+02 4.1640E+01 5.2173E+02 4.1653E+01 4.0121E+02
 4.1666E+01 3.1105E+02 4.1680E+01 2.4565E+02 4.1693E+01 1.9821E+02
 4.1706E+01 1.6338E+02 4.1733E+01 1.1764E+02 4.1759E+01 9.0426E+01
 4.1786E+01 7.3276E+01 4.1813E+01 6.1967E+01 4.1866E+01 4.8877E+01
 4.1919E+01 4.2396E+01 4.1972E+01 3.9271E+01 4.2025E+01 3.8098E+01
 4.2131E+01 3.9295E+01 4.2237E+01 4.3828E+01 4.2344E+01 5.1513E+01
 4.2450E+01 6.3172E+01 4.2503E+01 7.1036E+01 4.2556E+01 8.0739E+01
 4.2609E+01 9.2832E+01 4.2662E+01 1.0810E+02 4.2716E+01 1.2771E+02
 4.2769E+01 1.5340E+02 4.2822E+01 1.8791E+02 4.2875E+01 2.3573E+02
 4.2928E+01 3.0446E+02 4.2981E+01 4.0804E+02 4.3008E+01 4.8058E+02
 4.3034E+01 5.7388E+02 4.3061E+01 6.9639E+02 4.3088E+01 8.6107E+02
 4.3114E+01 1.0885E+03 4.3141E+01 1.4120E+03 4.3167E+01 1.8869E+03
 4.3194E+01 2.6042E+03 4.3247E+01 5.2856E+03 4.3300E+01 8.0468E+03
 4.3336E+01 6.4598E+03 4.3373E+01 4.0604E+03 4.3391E+01 3.1758E+03
 4.3409E+01 2.5079E+03 4.3427E+01 2.0086E+03 4.3445E+01 1.6333E+03
 4.3482E+01 1.1277E+03 4.3518E+01 8.1813E+02 4.3554E+01 6.1770E+02
 4.3591E+01 4.8159E+02 4.3663E+01 3.1501E+02 4.3700E+01 2.6214E+02
 4.3736E+01 2.2144E+02 4.3809E+01 1.6392E+02 4.3881E+01 1.2615E+02
 4.4027E+01 8.1273E+01 4.4099E+01 6.7329E+01 4.4172E+01 5.6692E+01
 4.4317E+01 4.1802E+01 4.4463E+01 3.2112E+01 4.4753E+01 2.0694E+01
 4.4898E+01 1.7168E+01 4.5044E+01 1.4484E+01 4.5334E+01 1.0743E+01
 4.5625E+01 8.3184E+00 4.6206E+01 5.4835E+00 4.6497E+01 4.6183E+00
 4.6787E+01 3.9678E+00 4.7369E+01 3.0836E+00 4.7950E+01 2.5470E+00
 4.8531E+01 2.2289E+00 4.9112E+01 2.0726E+00 4.9694E+01 2.0670E+00
 5.0275E+01 2.2545E+00 5.0566E+01 2.4613E+00 5.0856E+01 2.7954E+00
 5.1147E+01 3.3466E+00 5.1438E+01 4.3208E+00 5.1583E+01 5.1146E+00
 5.1728E+01 6.2951E+00 5.1873E+01 8.1806E+00 5.2019E+01 1.1520E+01
 5.2091E+01 1.4284E+01 5.2164E+01 1.8459E+01 5.2200E+01 2.1407E+01
 5.2237E+01 2.5238E+01 5.2273E+01 3.0353E+01 5.2309E+01 3.7401E+01
 5.2346E+01 4.7497E+01 5.2382E+01 6.2676E+01 5.2400E+01 7.3296E+01
 5.2418E+01 8.6956E+01 5.2437E+01 1.0490E+02 5.2455E+01 1.2906E+02
 5.2464E+01 1.4435E+02 5.2473E+01 1.6249E+02 5.2482E+01 1.8413E+02
 5.2491E+01 2.1020E+02 5.2500E+01 2.4186E+02 5.2509E+01 2.8066E+02
 5.2518E+01 3.2854E+02 5.2527E+01 3.8801E+02 5.2536E+01 4.6206E+02
 5.2545E+01 5.5400E+02 5.2555E+01 6.6656E+02 5.2564E+01 7.9981E+02
 5.2582E+01 1.0915E+03 5.2600E+01 1.2428E+03 5.2612E+01 1.1748E+03
 5.2623E+01 1.0095E+03 5.2635E+01 8.1808E+02 5.2647E+01 6.4683E+02
 5.2670E+01 4.0576E+02 5.2682E+01 3.2717E+02 5.2694E+01 2.6776E+02
 5.2717E+01 1.8726E+02 5.2741E+01 1.3776E+02 5.2764E+01 1.0566E+02
 5.2787E+01 8.3867E+01 5.2834E+01 5.7312E+01 5.2858E+01 4.8954E+01
 5.2881E+01 4.2578E+01 5.2928E+01 3.3730E+01 5.2975E+01 2.8141E+01
 5.3069E+01 2.2170E+01 5.3162E+01 1.9905E+01 5.3256E+01 1.9821E+01
 5.3350E+01 2.1507E+01 5.3444E+01 2.5167E+01 5.3537E+01 3.1667E+01
 5.3584E+01 3.6546E+01 5.3631E+01 4.3070E+01 5.3678E+01 5.1959E+01
 5.3725E+01 6.4402E+01 5.3772E+01 8.2452E+01 5.3819E+01 1.0990E+02
 5.3842E+01 1.2924E+02 5.3866E+01 1.5427E+02 5.3889E+01 1.8736E+02
 5.3912E+01 2.3224E+02 5.3936E+01 2.9495E+02 5.3959E+01 3.8563E+02
 5.3971E+01 4.4657E+02 5.3983E+01 5.2200E+02 5.3995E+01 6.1636E+02
 5.4006E+01 7.3550E+02 5.4018E+01 8.8697E+02 5.4030E+01 1.0799E+03
 5.4041E+01 1.3238E+03 5.4053E+01 1.6243E+03 5.4077E+01 2.3296E+03
 5.4100E+01 2.7237E+03 5.4130E+01 2.1405E+03 5.4145E+01 1.6889E+03
 5.4159E+01 1.3040E+03 5.4174E+01 1.0085E+03 5.4189E+01 7.8997E+02
 5.4204E+01 6.2899E+02 5.4219E+01 5.0935E+02 5.4248E+01 3.4988E+02
 5.4263E+01 2.9594E+02 5.4278E+01 2.5323E+02 5.4308E+01 1.9105E+02
 5.4338E+01 1.4899E+02 5.4397E+01 9.7681E+01 5.4427E+01 8.1430E+01
 5.4456E+01 6.8930E+01 5.4516E+01 5.1276E+01 5.4575E+01 3.9680E+01
 5.4694E+01 2.5893E+01 5.4753E+01 2.1601E+01 5.4813E+01 1.8324E+01
 5.4931E+01 1.3723E+01 5.5050E+01 1.0717E+01 5.5287E+01 7.1529E+00
 5.5406E+01 6.0439E+00 5.5525E+01 5.1959E+00 5.5763E+01 4.0041E+00
 5.6000E+01 3.2235E+00 5.6475E+01 2.2963E+00 5.6713E+01 2.0080E+00
 5.6950E+01 1.7885E+00 5.7425E+01 1.4835E+00 5.7900E+01 1.2899E+00
 5.8850E+01 1.0819E+00 5.9800E+01 1.0055E+00 6.0750E+01 1.0109E+00
 6.1700E+01 1.0869E+00 6.2650E+01 1.2446E+00 6.3600E+01 1.5223E+00
 6.4075E+01 1.7304E+00 6.4550E+01 2.0085E+00 6.5025E+01 2.3881E+00
 6.5500E+01 2.9214E+00 6.5975E+01 3.7005E+00 6.6450E+01 4.8997E+00
 6.6688E+01 5.7574E+00 6.6925E+01 6.8834E+00 6.7162E+01 8.4023E+00
 6.7400E+01 1.0521E+01 6.7637E+01 1.3604E+01 6.7875E+01 1.8340E+01
 6.7994E+01 2.1723E+01 6.8113E+01 2.6163E+01 6.8231E+01 3.2149E+01
 6.8350E+01 4.0490E+01 6.8409E+01 4.5950E+01 6.8469E+01 5.2605E+01
 6.8528E+01 6.0829E+01 6.8588E+01 7.1157E+01 6.8647E+01 8.4370E+01
 6.8706E+01 1.0164E+02 6.8766E+01 1.2481E+02 6.8825E+01 1.5689E+02
 6.8884E+01 2.0301E+02 6.8944E+01 2.7257E+02 6.8973E+01 3.2134E+02
 6.9003E+01 3.8413E+02 6.9033E+01 4.6676E+02 6.9063E+01 5.7806E+02
 6.9092E+01 7.3222E+02 6.9122E+01 9.5253E+02 6.9152E+01 1.2781E+03
 6.9181E+01 1.7746E+03 6.9241E+01 3.6841E+03 6.9300E+01 5.7438E+03
 6.9372E+01 3.1523E+03 6.9408E+01 2.0159E+03 6.9426E+01 1.6331E+03
 6.9444E+01 1.3397E+03 6.9480E+01 9.3607E+02 6.9516E+01 6.8416E+02
 6.9552E+01 5.1910E+02 6.9588E+01 4.0608E+02 6.9659E+01 2.6680E+02
 6.9695E+01 2.2235E+02 6.9731E+01 1.8806E+02 6.9803E+01 1.3951E+02
 6.9875E+01 1.0756E+02 7.0019E+01 6.9563E+01 7.0091E+01 5.7761E+01
 7.0162E+01 4.8769E+01 7.0306E+01 3.6225E+01 7.0450E+01 2.8141E+01
 7.0594E+01 2.2708E+01 7.0738E+01 1.9000E+01 7.0881E+01 1.6564E+01
 7.1025E+01 1.5309E+01 7.1097E+01 1.5235E+01 7.1169E+01 1.5723E+01
 7.1241E+01 1.7152E+01 7.1313E+01 2.0418E+01 7.1348E+01 2.3392E+01
 7.1384E+01 2.8047E+01 7.1420E+01 3.5704E+01 7.1456E+01 4.9222E+01
 7.1474E+01 6.0050E+01 7.1492E+01 7.5575E+01 7.1510E+01 9.8570E+01
 7.1528E+01 1.3368E+02 7.1546E+01 1.8809E+02 7.1564E+01 2.6873E+02
 7.1582E+01 3.6450E+02 7.1600E+01 4.1415E+02 7.1624E+01 3.3171E+02
 7.1648E+01 2.0902E+02 7.1673E+01 1.3086E+02 7.1685E+01 1.0591E+02
 7.1697E+01 8.7209E+01 7.1721E+01 6.2064E+01 7.1745E+01 4.6676E+01
 7.1769E+01 3.6697E+01 7.1794E+01 2.9895E+01 7.1842E+01 2.1505E+01
 7.1891E+01 1.6716E+01 7.1939E+01 1.3710E+01 7.1988E+01 1.1682E+01
 7.2084E+01 9.1602E+00 7.2181E+01 7.6676E+00 7.2278E+01 6.6802E+00
 7.2375E+01 5.9741E+00 7.2762E+01 4.3973E+00 7.3150E+01 3.6327E+00
 7.3537E+01 3.2106E+00 7.3925E+01 2.9971E+00 7.4313E+01 2.9481E+00
 7.4700E+01 3.0633E+00 7.5088E+01 3.3808E+00 7.5475E+01 3.9986E+00
 7.5669E+01 4.4811E+00 7.5863E+01 5.1393E+00 7.6056E+01 6.0516E+00
 7.6250E+01 7.3488E+00 7.6444E+01 9.2617E+00 7.6637E+01 1.2227E+01
 7.6734E+01 1.4357E+01 7.6831E+01 1.7158E+01 7.6928E+01 2.0942E+01
 7.7025E+01 2.6224E+01 7.7122E+01 3.3907E+01 7.7219E+01 4.5689E+01
 7.7267E+01 5.4087E+01 7.7316E+01 6.5072E+01 7.7364E+01 7.9821E+01
 7.7412E+01 1.0025E+02 7.7437E+01 1.1354E+02 7.7461E+01 1.2966E+02
 7.7485E+01 1.4945E+02 7.7509E+01 1.7409E+02 7.7534E+01 2.0529E+02
 7.7558E+01 2.4554E+02 7.7582E+01 2.9856E+02 7.7606E+01 3.7017E+02
 7.7631E+01 4.6968E+02 7.7655E+01 6.1256E+02 7.7667E+01 7.0788E+02
 7.7679E+01 8.2515E+02 7.7691E+01 9.7071E+02 7.7703E+01 1.1527E+03
 7.7715E+01 1.3813E+03 7.7727E+01 1.6681E+03 7.7740E+01 2.0237E+03
 7.7752E+01 2.4514E+03 7.7776E+01 3.4132E+03 7.7800E+01 3.9264E+03
 7.7847E+01 2.5092E+03 7.7894E+01 1.2052E+03 7.7917E+01 8.6721E+02
 7.7941E+01 6.4592E+02 7.7964E+01 4.9632E+02 7.7988E+01 3.9170E+02
 7.8034E+01 2.6020E+02 7.8058E+01 2.1763E+02 7.8081E+01 1.8459E+02
 7.8128E+01 1.3748E+02 7.8175E+01 1.0628E+02 7.8269E+01 6.8917E+01
 7.8316E+01 5.7248E+01 7.8363E+01 4.8327E+01 7.8456E+01 3.5815E+01
 7.8550E+01 2.7659E+01 7.8738E+01 1.8048E+01 7.8831E+01 1.5088E+01
 7.8925E+01 1.2845E+01 7.9113E+01 9.7491E+00 7.9300E+01 7.8044E+00
 7.9488E+01 6.5684E+00 7.9675E+01 5.8388E+00 7.9863E+01 5.5663E+00
 8.0050E+01 5.8811E+00 8.0144E+01 6.3997E+00 8.0238E+01 7.3511E+00
 8.0331E+01 9.0818E+00 8.0425E+01 1.2414E+01 8.0472E+01 1.5282E+01
 8.0519E+01 1.9690E+01 8.0542E+01 2.2823E+01 8.0566E+01 2.6903E+01
 8.0589E+01 3.2341E+01 8.0613E+01 3.9786E+01 8.0636E+01 5.0319E+01
 8.0659E+01 6.5817E+01 8.0683E+01 8.9721E+01 8.0706E+01 1.2864E+02
 8.0718E+01 1.5742E+02 8.0730E+01 1.9557E+02 8.0741E+01 2.4637E+02
 8.0753E+01 3.1320E+02 8.0765E+01 3.9736E+02 8.0777E+01 4.9202E+02
 8.0788E+01 5.7422E+02 8.0800E+01 6.0808E+02 8.0816E+01 5.4626E+02
 8.0832E+01 4.1879E+02 8.0849E+01 3.0176E+02 8.0865E+01 2.1716E+02
 8.0881E+01 1.5985E+02 8.0897E+01 1.2106E+02 8.0914E+01 9.4249E+01
 8.0930E+01 7.5203E+01 8.0962E+01 5.0908E+01 8.0978E+01 4.2954E+01
 8.0994E+01 3.6748E+01 8.1027E+01 2.7847E+01 8.1059E+01 2.1911E+01
 8.1124E+01 1.4754E+01 8.1157E+01 1.2501E+01 8.1189E+01 1.0771E+01
 8.1254E+01 8.3261E+00 8.1319E+01 6.7139E+00 8.1448E+01 4.7755E+00
 8.1578E+01 3.6860E+00 8.1708E+01 3.0032E+00 8.1838E+01 2.5407E+00
 8.2097E+01 1.9588E+00 8.2356E+01 1.6087E+00 8.2616E+01 1.3741E+00
 8.2875E+01 1.2056E+00 8.3394E+01 9.7867E-01 8.3912E+01 8.3416E-01
 8.4431E+01 7.3705E-01 8.4950E+01 6.7217E-01 8.5469E+01 6.3337E-01
 8.5988E+01 6.2085E-01 8.6506E+01 6.4285E-01 8.7025E+01 7.2493E-01
 8.7284E+01 8.0861E-01 8.7544E+01 9.4654E-01 8.7803E+01 1.1849E+00
 8.8063E+01 1.6338E+00 8.8192E+01 2.0191E+00 8.8322E+01 2.6145E+00
 8.8387E+01 3.0414E+00 8.8452E+01 3.6023E+00 8.8516E+01 4.3593E+00
 8.8581E+01 5.4150E+00 8.8646E+01 6.9484E+00 8.8711E+01 9.2955E+00
 8.8743E+01 1.0966E+01 8.8776E+01 1.3145E+01 8.8808E+01 1.6066E+01
 8.8841E+01 2.0096E+01 8.8873E+01 2.5871E+01 8.8905E+01 3.4532E+01
 8.8922E+01 4.0569E+01 8.8938E+01 4.8301E+01 8.8954E+01 5.8394E+01
 8.8970E+01 7.1867E+01 8.8986E+01 9.0281E+01 8.9003E+01 1.1611E+02
 8.9019E+01 1.5328E+02 8.9035E+01 2.0777E+02 8.9051E+01 2.8730E+02
 8.9068E+01 3.9552E+02 8.9084E+01 5.1108E+02 8.9100E+01 5.6621E+02
 8.9118E+01 4.9983E+02 8.9136E+01 3.6986E+02 8.9154E+01 2.5807E+02
 8.9172E+01 1.8138E+02 8.9190E+01 1.3128E+02 8.9208E+01 9.8174E+01
 8.9226E+01 7.5661E+01 8.9244E+01 5.9855E+01 8.9280E+01 3.9912E+01
 8.9298E+01 3.3437E+01 8.9316E+01 2.8406E+01 8.9352E+01 2.1223E+01
 8.9387E+01 1.6457E+01 8.9459E+01 1.0745E+01 8.9495E+01 8.9584E+00
 8.9531E+01 7.5919E+00 8.9603E+01 5.6730E+00 8.9675E+01 4.4203E+00
 8.9819E+01 2.9392E+00 8.9891E+01 2.4802E+00 8.9963E+01 2.1305E+00
 9.0106E+01 1.6410E+00 9.0250E+01 1.3223E+00 9.0537E+01 9.4588E-01
 9.0825E+01 7.4019E-01 9.1113E+01 6.1560E-01 9.1400E+01 5.3469E-01
 9.1975E+01 4.4082E-01 9.2550E+01 3.9370E-01 9.3125E+01 3.7205E-01
 9.3700E+01 3.6861E-01 9.4275E+01 3.8274E-01 9.4850E+01 4.1946E-01
 9.5425E+01 4.9295E-01 9.6000E+01 6.3957E-01 9.6287E+01 7.6772E-01
 9.6575E+01 9.6720E-01 9.6719E+01 1.1107E+00 9.6863E+01 1.2999E+00
 9.7006E+01 1.5557E+00 9.7150E+01 1.9136E+00 9.7294E+01 2.4353E+00
 9.7438E+01 3.2383E+00 9.7509E+01 3.8128E+00 9.7581E+01 4.5671E+00
 9.7653E+01 5.5844E+00 9.7725E+01 7.0028E+00 9.7797E+01 9.0636E+00
 9.7869E+01 1.2220E+01 9.7905E+01 1.4468E+01 9.7941E+01 1.7406E+01
 9.7977E+01 2.1348E+01 9.8012E+01 2.6800E+01 9.8048E+01 3.4634E+01
 9.8084E+01 4.6439E+01 9.8102E+01 5.4704E+01 9.8120E+01 6.5336E+01
 9.8138E+01 7.9299E+01 9.8156E+01 9.8070E+01 9.8174E+01 1.2399E+02
 9.8192E+01 1.6090E+02 9.8201E+01 1.8529E+02 9.8210E+01 2.1509E+02
 9.8219E+01 2.5172E+02 9.8228E+01 2.9700E+02 9.8237E+01 3.5304E+02
 9.8246E+01 4.2209E+02 9.8255E+01 5.0581E+02 9.8264E+01 6.0382E+02
 9.8282E+01 8.1421E+02 9.8300E+01 9.2116E+02 9.8311E+01 8.7536E+02
 9.8323E+01 7.6182E+02 9.8334E+01 6.2641E+02 9.8345E+01 5.0161E+02
 9.8368E+01 3.1968E+02 9.8379E+01 2.5870E+02 9.8391E+01 2.1205E+02
 9.8413E+01 1.4801E+02 9.8436E+01 1.0813E+02 9.8459E+01 8.2031E+01
 9.8481E+01 6.4177E+01 9.8527E+01 4.2185E+01 9.8549E+01 3.5170E+01
 9.8572E+01 2.9760E+01 9.8617E+01 2.2097E+01 9.8662E+01 1.7054E+01
 9.8753E+01 1.1050E+01 9.8798E+01 9.1828E+00 9.8844E+01 7.7571E+00
 9.8934E+01 5.7601E+00 9.9025E+01 4.4598E+00 9.9206E+01 2.9266E+00
 9.9297E+01 2.4529E+00 9.9387E+01 2.0924E+00 9.9569E+01 1.5894E+00
 9.9750E+01 1.2632E+00 1.0011E+02 8.8097E-01 1.0029E+02 7.6386E-01
 1.0047E+02 6.7542E-01 1.0084E+02 5.5378E-01 1.0120E+02 4.7737E-01
 1.0193E+02 3.9549E-01 1.0265E+02 3.6359E-01 1.0338E+02 3.6099E-01
 1.0410E+02 3.8219E-01 1.0482E+02 4.3001E-01 1.0555E+02 5.1614E-01
 1.0591E+02 5.8125E-01 1.0628E+02 6.6865E-01 1.0664E+02 7.8838E-01
 1.0700E+02 9.5709E-01 1.0736E+02 1.2043E+00 1.0772E+02 1.5857E+00
 1.0791E+02 1.8591E+00 1.0809E+02 2.2184E+00 1.0827E+02 2.7037E+00
 1.0845E+02 3.3815E+00 1.0863E+02 4.3689E+00 1.0881E+02 5.8876E+00
 1.0890E+02 6.9739E+00 1.0899E+02 8.4000E+00 1.0908E+02 1.0324E+01
 1.0918E+02 1.3007E+01 1.0927E+02 1.6907E+01 1.0936E+02 2.2887E+01
 1.0940E+02 2.7150E+01 1.0945E+02 3.2728E+01 1.0949E+02 4.0219E+01
 1.0954E+02 5.0601E+01 1.0956E+02 5.7361E+01 1.0958E+02 6.5561E+01
 1.0961E+02 7.5634E+01 1.0963E+02 8.8190E+01 1.0965E+02 1.0410E+02
 1.0967E+02 1.2464E+02 1.0970E+02 1.5176E+02 1.0972E+02 1.8846E+02
 1.0974E+02 2.3961E+02 1.0976E+02 3.1337E+02 1.0978E+02 3.6278E+02
 1.0979E+02 4.2380E+02 1.0980E+02 4.9987E+02 1.0981E+02 5.9555E+02
 1.0982E+02 7.1660E+02 1.0983E+02 8.6984E+02 1.0984E+02 1.0620E+03
 1.0986E+02 1.2965E+03 1.0988E+02 1.8371E+03 1.0990E+02 2.1335E+03
 1.0995E+02 1.2103E+03 1.0997E+02 7.8552E+02 1.0999E+02 6.3961E+02
 1.1000E+02 5.2672E+02 1.1002E+02 3.7000E+02 1.1005E+02 2.7133E+02
 1.1007E+02 2.0632E+02 1.1010E+02 1.6165E+02 1.1015E+02 1.0639E+02
 1.1017E+02 8.8709E+01 1.1020E+02 7.5055E+01 1.1024E+02 5.5691E+01
 1.1029E+02 4.2928E+01 1.1039E+02 2.7721E+01 1.1044E+02 2.2985E+01
 1.1049E+02 1.9370E+01 1.1059E+02 1.4303E+01 1.1069E+02 1.1005E+01
 1.1088E+02 7.1155E+00 1.1098E+02 5.9144E+00 1.1108E+02 5.0008E+00
 1.1128E+02 3.7276E+00 1.1147E+02 2.9039E+00 1.1187E+02 1.9453E+00
 1.1207E+02 1.6553E+00 1.1226E+02 1.4397E+00 1.1266E+02 1.1546E+00
 1.1305E+02 9.9624E-01 1.1344E+02 9.2625E-01 1.1384E+02 9.3621E-01
 1.1423E+02 1.0464E+00 1.1463E+02 1.3304E+00 1.1482E+02 1.5968E+00
 1.1502E+02 2.0221E+00 1.1512E+02 2.3318E+00 1.1522E+02 2.7421E+00
 1.1531E+02 3.2995E+00 1.1541E+02 4.0811E+00 1.1551E+02 5.2227E+00
 1.1561E+02 6.9796E+00 1.1566E+02 8.2353E+00 1.1571E+02 9.8815E+00
 1.1576E+02 1.2097E+01 1.1581E+02 1.5177E+01 1.1586E+02 1.9628E+01
 1.1591E+02 2.6397E+01 1.1593E+02 3.1178E+01 1.1595E+02 3.7382E+01
 1.1598E+02 4.5619E+01 1.1600E+02 5.6858E+01 1.1603E+02 7.2698E+01
 1.1605E+02 9.5902E+01 1.1608E+02 1.3147E+02 1.1610E+02 1.8888E+02
 1.1611E+02 2.3093E+02 1.1613E+02 2.8618E+02 1.1614E+02 3.5886E+02
 1.1615E+02 4.5303E+02 1.1618E+02 6.9701E+02 1.1620E+02 8.4951E+02
 1.1623E+02 6.4824E+02 1.1624E+02 5.0016E+02 1.1626E+02 3.7900E+02
 1.1627E+02 2.8901E+02 1.1629E+02 2.2402E+02 1.1630E+02 1.7699E+02
 1.1632E+02 1.4250E+02 1.1635E+02 9.7122E+01 1.1636E+02 8.1920E+01
 1.1638E+02 6.9940E+01 1.1641E+02 5.2581E+01 1.1643E+02 4.0894E+01
 1.1649E+02 2.6705E+01 1.1652E+02 2.2226E+01 1.1655E+02 1.8786E+01
 1.1661E+02 1.3937E+01 1.1667E+02 1.0759E+01 1.1679E+02 6.9890E+00
 1.1684E+02 5.8185E+00 1.1690E+02 4.9256E+00 1.1702E+02 3.6754E+00
 1.1714E+02 2.8611E+00 1.1737E+02 1.8990E+00 1.1749E+02 1.6009E+00
 1.1761E+02 1.3733E+00 1.1784E+02 1.0544E+00 1.1807E+02 8.4611E-01
 1.1854E+02 5.9902E-01 1.1878E+02 5.2222E-01 1.1901E+02 4.6371E-01
 1.1948E+02 3.8254E-01 1.1995E+02 3.3178E-01 1.2042E+02 3.0082E-01
 1.2089E+02 2.8542E-01 1.2136E+02 2.8622E-01 1.2182E+02 3.1092E-01
 1.2206E+02 3.3910E-01 1.2229E+02 3.8683E-01 1.2253E+02 4.7036E-01
 1.2276E+02 6.2854E-01 1.2288E+02 7.6443E-01 1.2300E+02 9.7441E-01
 1.2305E+02 1.1249E+00 1.2311E+02 1.3226E+00 1.2317E+02 1.5894E+00
 1.2323E+02 1.9612E+00 1.2329E+02 2.5009E+00 1.2335E+02 3.3262E+00
 1.2338E+02 3.9128E+00 1.2341E+02 4.6781E+00 1.2344E+02 5.7018E+00
 1.2347E+02 7.1127E+00 1.2349E+02 9.1297E+00 1.2352E+02 1.2145E+01
 1.2354E+02 1.4240E+01 1.2355E+02 1.6916E+01 1.2357E+02 2.0395E+01
 1.2358E+02 2.5013E+01 1.2360E+02 3.1282E+01 1.2361E+02 3.9993E+01
 1.2363E+02 5.2357E+01 1.2364E+02 7.0129E+01 1.2366E+02 9.5338E+01
 1.2367E+02 1.2833E+02 1.2368E+02 1.6198E+02 1.2370E+02 1.7749E+02
 1.2372E+02 1.6081E+02 1.2373E+02 1.2546E+02 1.2375E+02 9.1837E+01
 1.2376E+02 6.6802E+01 1.2378E+02 4.9485E+01 1.2379E+02 3.7595E+01
 1.2381E+02 2.9296E+01 1.2382E+02 2.3361E+01 1.2385E+02 1.5744E+01
 1.2387E+02 1.3239E+01 1.2388E+02 1.1282E+01 1.2391E+02 8.4706E+00
 1.2394E+02 6.5947E+00 1.2401E+02 4.3349E+00 1.2403E+02 3.6258E+00
 1.2407E+02 3.0826E+00 1.2413E+02 2.3187E+00 1.2419E+02 1.8199E+00
 1.2431E+02 1.2300E+00 1.2437E+02 1.0476E+00 1.2443E+02 9.0893E-01
 1.2455E+02 7.1579E-01 1.2468E+02 5.9136E-01 1.2492E+02 4.4852E-01
 1.2516E+02 3.7681E-01 1.2541E+02 3.4161E-01 1.2565E+02 3.3003E-01
 1.2589E+02 3.3871E-01 1.2614E+02 3.7110E-01 1.2638E+02 4.4020E-01
 1.2663E+02 5.8093E-01 1.2675E+02 7.0467E-01 1.2687E+02 8.9764E-01
 1.2693E+02 1.0365E+00 1.2699E+02 1.2194E+00 1.2705E+02 1.4667E+00
 1.2711E+02 1.8118E+00 1.2717E+02 2.3134E+00 1.2723E+02 3.0813E+00
 1.2726E+02 3.6275E+00 1.2730E+02 4.3406E+00 1.2733E+02 5.2951E+00
 1.2736E+02 6.6120E+00 1.2739E+02 8.4967E+00 1.2742E+02 1.1318E+01
 1.2743E+02 1.3284E+01 1.2745E+02 1.5796E+01 1.2746E+02 1.9070E+01
 1.2748E+02 2.3428E+01 1.2749E+02 2.9362E+01 1.2751E+02 3.7651E+01
 1.2752E+02 4.9497E+01 1.2754E+02 6.6693E+01 1.2755E+02 9.1433E+01
 1.2757E+02 1.2444E+02 1.2759E+02 1.5887E+02 1.2760E+02 1.7501E+02
 1.2762E+02 1.5828E+02 1.2763E+02 1.2302E+02 1.2765E+02 8.9735E+01
 1.2766E+02 6.5095E+01 1.2768E+02 4.8126E+01 1.2769E+02 3.6511E+01
 1.2771E+02 2.8420E+01 1.2772E+02 2.2643E+01 1.2776E+02 1.5238E+01
 1.2777E+02 1.2806E+01 1.2779E+02 1.0906E+01 1.2782E+02 8.1780E+00
 1.2785E+02 6.3586E+00 1.2791E+02 4.1673E+00 1.2794E+02 3.4796E+00
 1.2797E+02 2.9528E+00 1.2803E+02 2.2119E+00 1.2810E+02 1.7273E+00
 1.2822E+02 1.1538E+00 1.2828E+02 9.7583E-01 1.2835E+02 8.4015E-01
 1.2847E+02 6.5014E-01 1.2859E+02 5.2632E-01 1.2884E+02 3.7992E-01
 1.2909E+02 2.9977E-01 1.2934E+02 2.5108E-01 1.2959E+02 2.1926E-01
 1.3058E+02 1.6118E-01 1.3108E+02 1.4921E-01 1.3157E+02 1.4199E-01
 1.3356E+02 1.3588E-01 1.3555E+02 1.5107E-01 1.3654E+02 1.6739E-01
 1.3754E+02 1.9310E-01 1.3853E+02 2.3495E-01 1.3952E+02 3.0899E-01
 1.4002E+02 3.6988E-01 1.4052E+02 4.6144E-01 1.4077E+02 5.2594E-01
 1.4102E+02 6.0981E-01 1.4126E+02 7.2195E-01 1.4151E+02 8.7721E-01
 1.4176E+02 1.1017E+00 1.4201E+02 1.4446E+00 1.4213E+02 1.6890E+00
 1.4226E+02 2.0093E+00 1.4238E+02 2.4407E+00 1.4251E+02 3.0419E+00
 1.4263E+02 3.9160E+00 1.4276E+02 5.2575E+00 1.4282E+02 6.2157E+00
 1.4288E+02 7.4719E+00 1.4294E+02 9.1643E+00 1.4300E+02 1.1520E+01
 1.4306E+02 1.4936E+01 1.4313E+02 2.0152E+01 1.4316E+02 2.3856E+01
 1.4319E+02 2.8686E+01 1.4322E+02 3.5141E+01 1.4325E+02 4.4027E+01
 1.4328E+02 5.6712E+01 1.4331E+02 7.5637E+01 1.4333E+02 8.8757E+01
 1.4335E+02 1.0548E+02 1.4336E+02 1.2717E+02 1.4338E+02 1.5586E+02
 1.4339E+02 1.9464E+02 1.4341E+02 2.4819E+02 1.4341E+02 2.8260E+02
 1.4342E+02 3.2356E+02 1.4343E+02 3.7242E+02 1.4344E+02 4.3059E+02
 1.4345E+02 5.7981E+02 1.4347E+02 7.7061E+02 1.4348E+02 9.6022E+02
 1.4350E+02 1.0460E+03 1.4351E+02 9.8866E+02 1.4352E+02 8.4913E+02
 1.4354E+02 6.8746E+02 1.4355E+02 5.4278E+02 1.4357E+02 3.3902E+02
 1.4359E+02 2.7254E+02 1.4360E+02 2.2226E+02 1.4363E+02 1.5408E+02
 1.4365E+02 1.1209E+02 1.4368E+02 8.4810E+01 1.4370E+02 6.6235E+01
 1.4375E+02 4.3451E+01 1.4377E+02 3.6207E+01 1.4380E+02 3.0627E+01
 1.4385E+02 2.2736E+01 1.4390E+02 1.7550E+01 1.4400E+02 1.1387E+01
 1.4405E+02 9.4724E+00 1.4410E+02 8.0119E+00 1.4420E+02 5.9687E+00
 1.4430E+02 4.6410E+00 1.4450E+02 3.0818E+00 1.4460E+02 2.6031E+00
 1.4470E+02 2.2410E+00 1.4490E+02 1.7412E+00 1.4510E+02 1.4247E+00
 1.4550E+02 1.0754E+00 1.4590E+02 9.1907E-01 1.4630E+02 8.6618E-01
 1.4670E+02 8.8582E-01 1.4710E+02 9.7420E-01 1.4750E+02 1.1495E+00
 1.4790E+02 1.4630E+00 1.4830E+02 2.0446E+00 1.4850E+02 2.5317E+00
 1.4870E+02 3.2695E+00 1.4880E+02 3.7907E+00 1.4890E+02 4.4687E+00
 1.4900E+02 5.3749E+00 1.4910E+02 6.6276E+00 1.4920E+02 8.4336E+00
 1.4930E+02 1.1182E+01 1.4935E+02 1.3134E+01 1.4940E+02 1.5680E+01
 1.4945E+02 1.9094E+01 1.4950E+02 2.3822E+01 1.4955E+02 3.0637E+01
 1.4960E+02 4.0970E+01 1.4963E+02 4.8258E+01 1.4965E+02 5.7702E+01
 1.4968E+02 7.0229E+01 1.4970E+02 8.7304E+01 1.4971E+02 9.8248E+01
 1.4973E+02 1.1134E+02 1.4974E+02 1.2718E+02 1.4975E+02 1.4652E+02
 1.4976E+02 1.7043E+02 1.4977E+02 2.0036E+02 1.4979E+02 2.3831E+02
 1.4980E+02 2.8707E+02 1.4981E+02 3.5047E+02 1.4982E+02 4.3360E+02
 1.4984E+02 5.4268E+02 1.4985E+02 6.8357E+02 1.4988E+02 1.0463E+03
 1.4990E+02 1.2713E+03 1.4995E+02 6.8351E+02 1.4998E+02 4.3366E+02
 1.4999E+02 3.5060E+02 1.5000E+02 2.8728E+02 1.5002E+02 2.0069E+02
 1.5005E+02 1.4698E+02 1.5007E+02 1.1193E+02 1.5010E+02 8.8012E+01
 1.5015E+02 5.8657E+01 1.5018E+02 4.9339E+01 1.5020E+02 4.2179E+01
 1.5025E+02 3.2111E+01 1.5030E+02 2.5582E+01 1.5040E+02 1.8087E+01
 1.5045E+02 1.5917E+01 1.5050E+02 1.4390E+01 1.5060E+02 1.2677E+01
 1.5070E+02 1.2279E+01 1.5080E+02 1.3034E+01 1.5090E+02 1.5170E+01
 1.5095E+02 1.6964E+01 1.5100E+02 1.9462E+01 1.5105E+02 2.2958E+01
 1.5110E+02 2.7937E+01 1.5115E+02 3.5243E+01 1.5120E+02 4.6434E+01
 1.5123E+02 5.4353E+01 1.5125E+02 6.4620E+01 1.5127E+02 7.8216E+01
 1.5130E+02 9.6683E+01 1.5132E+02 1.2252E+02 1.5135E+02 1.5994E+02
 1.5136E+02 1.8511E+02 1.5138E+02 2.1629E+02 1.5139E+02 2.5537E+02
 1.5140E+02 3.0475E+02 1.5141E+02 3.6763E+02 1.5143E+02 4.4788E+02
 1.5144E+02 5.4960E+02 1.5145E+02 6.7524E+02 1.5148E+02 9.7192E+02
 1.5150E+02 1.1388E+03 1.5155E+02 7.1422E+02 1.5159E+02 3.3765E+02
 1.5162E+02 2.4220E+02 1.5164E+02 1.8014E+02 1.5166E+02 1.3838E+02
 1.5169E+02 1.0927E+02 1.5173E+02 7.2772E+01 1.5176E+02 6.0976E+01
 1.5178E+02 5.1823E+01 1.5182E+02 3.8772E+01 1.5187E+02 3.0123E+01
 1.5197E+02 1.9748E+01 1.5201E+02 1.6497E+01 1.5206E+02 1.4006E+01
 1.5215E+02 1.0495E+01 1.5224E+02 8.1912E+00 1.5243E+02 5.4426E+00
 1.5252E+02 4.5816E+00 1.5262E+02 3.9207E+00 1.5280E+02 2.9858E+00
 1.5299E+02 2.3678E+00 1.5336E+02 1.6236E+00 1.5355E+02 1.3882E+00
 1.5373E+02 1.2068E+00 1.5410E+02 9.4905E-01 1.5448E+02 7.7889E-01
 1.5522E+02 5.7755E-01 1.5596E+02 4.7280E-01 1.5671E+02 4.1954E-01
 1.5745E+02 4.0048E-01 1.5819E+02 4.1086E-01 1.5894E+02 4.5531E-01
 1.5968E+02 5.5174E-01 1.6043E+02 7.4855E-01 1.6080E+02 9.2155E-01
 1.6117E+02 1.1913E+00 1.6135E+02 1.3855E+00 1.6154E+02 1.6413E+00
 1.6173E+02 1.9878E+00 1.6191E+02 2.4723E+00 1.6210E+02 3.1791E+00
 1.6228E+02 4.2669E+00 1.6238E+02 5.0457E+00 1.6247E+02 6.0682E+00
 1.6256E+02 7.4479E+00 1.6266E+02 9.3729E+00 1.6275E+02 1.2171E+01
 1.6284E+02 1.6463E+01 1.6289E+02 1.9523E+01 1.6294E+02 2.3527E+01
 1.6298E+02 2.8906E+01 1.6303E+02 3.6360E+01 1.6307E+02 4.7103E+01
 1.6312E+02 6.3358E+01 1.6314E+02 7.4789E+01 1.6317E+02 8.9551E+01
 1.6319E+02 1.0904E+02 1.6321E+02 1.3542E+02 1.6324E+02 1.7222E+02
 1.6326E+02 2.2529E+02 1.6327E+02 2.6086E+02 1.6328E+02 3.0480E+02
 1.6330E+02 3.5964E+02 1.6331E+02 4.2865E+02 1.6332E+02 5.1603E+02
 1.6333E+02 6.2678E+02 1.6334E+02 7.6590E+02 1.6335E+02 9.3586E+02
 1.6338E+02 1.3291E+03 1.6340E+02 1.5456E+03 1.6344E+02 9.9901E+02
 1.6348E+02 4.8479E+02 1.6351E+02 3.4979E+02 1.6353E+02 2.6097E+02
 1.6355E+02 2.0075E+02 1.6357E+02 1.5854E+02 1.6361E+02 1.0539E+02
 1.6363E+02 8.8161E+01 1.6365E+02 7.4778E+01 1.6370E+02 5.5683E+01
 1.6374E+02 4.3023E+01 1.6383E+02 2.7858E+01 1.6387E+02 2.3117E+01
 1.6391E+02 1.9490E+01 1.6400E+02 1.4403E+01 1.6408E+02 1.1083E+01
 1.6425E+02 7.1610E+00 1.6434E+02 5.9471E+00 1.6442E+02 5.0229E+00
 1.6459E+02 3.7317E+00 1.6476E+02 2.8930E+00 1.6510E+02 1.9071E+00
 1.6527E+02 1.6034E+00 1.6544E+02 1.3729E+00 1.6578E+02 1.0524E+00
 1.6613E+02 8.4622E-01 1.6681E+02 6.0936E-01 1.6715E+02 5.3958E-01
 1.6749E+02 4.8909E-01 1.6817E+02 4.2708E-01 1.6885E+02 4.0056E-01
 1.6953E+02 4.0135E-01 1.7021E+02 4.3014E-01 1.7089E+02 4.9769E-01
 1.7157E+02 6.3555E-01 1.7192E+02 7.5520E-01 1.7226E+02 9.3960E-01
 1.7243E+02 1.0713E+00 1.7260E+02 1.2438E+00 1.7277E+02 1.4760E+00
 1.7294E+02 1.7992E+00 1.7311E+02 2.2683E+00 1.7328E+02 2.9878E+00
 1.7336E+02 3.5014E+00 1.7345E+02 4.1748E+00 1.7353E+02 5.0825E+00
 1.7362E+02 6.3469E+00 1.7370E+02 8.1837E+00 1.7379E+02 1.0999E+01
 1.7383E+02 1.3004E+01 1.7387E+02 1.5627E+01 1.7392E+02 1.9150E+01
 1.7396E+02 2.4032E+01 1.7400E+02 3.1064E+01 1.7405E+02 4.1702E+01
 1.7407E+02 4.9181E+01 1.7409E+02 5.8837E+01 1.7411E+02 7.1579E+01
 1.7413E+02 8.8825E+01 1.7414E+02 9.9803E+01 1.7415E+02 1.1286E+02
 1.7416E+02 1.2853E+02 1.7417E+02 1.4751E+02 1.7418E+02 1.7072E+02
 1.7419E+02 1.9937E+02 1.7420E+02 2.3510E+02 1.7422E+02 2.8000E+02
 1.7423E+02 3.3681E+02 1.7424E+02 4.0869E+02 1.7425E+02 4.9881E+02
 1.7426E+02 6.0864E+02 1.7428E+02 8.6171E+02 1.7430E+02 1.0003E+03
 1.7432E+02 8.9738E+02 1.7434E+02 6.8572E+02 1.7435E+02 4.9226E+02
 1.7437E+02 3.5293E+02 1.7439E+02 2.5880E+02 1.7441E+02 1.9522E+02
 1.7443E+02 1.5133E+02 1.7444E+02 1.2019E+02 1.7448E+02 8.0500E+01
 1.7450E+02 6.7525E+01 1.7452E+02 5.7410E+01 1.7455E+02 4.2920E+01
 1.7459E+02 3.3277E+01 1.7466E+02 2.1688E+01 1.7469E+02 1.8059E+01
 1.7473E+02 1.5280E+01 1.7480E+02 1.1378E+01 1.7488E+02 8.8344E+00
 1.7502E+02 5.8333E+00 1.7509E+02 4.9079E+00 1.7516E+02 4.2059E+00
 1.7531E+02 3.2326E+00 1.7545E+02 2.6105E+00 1.7574E+02 1.9091E+00
 1.7588E+02 1.7105E+00 1.7602E+02 1.5735E+00 1.7631E+02 1.4285E+00
 1.7660E+02 1.4109E+00 1.7689E+02 1.5077E+00 1.7718E+02 1.7444E+00
 1.7732E+02 1.9376E+00 1.7746E+02 2.2039E+00 1.7761E+02 2.5749E+00
 1.7775E+02 3.1030E+00 1.7789E+02 3.8815E+00 1.7804E+02 5.0867E+00
 1.7811E+02 5.9508E+00 1.7818E+02 7.0862E+00 1.7825E+02 8.6175E+00
 1.7832E+02 1.0752E+01 1.7840E+02 1.3848E+01 1.7847E+02 1.8579E+01
 1.7851E+02 2.1940E+01 1.7854E+02 2.6323E+01 1.7858E+02 3.2180E+01
 1.7861E+02 4.0246E+01 1.7865E+02 5.1760E+01 1.7868E+02 6.8943E+01
 1.7870E+02 8.0856E+01 1.7872E+02 9.6038E+01 1.7874E+02 1.1574E+02
 1.7876E+02 1.4181E+02 1.7877E+02 1.7705E+02 1.7879E+02 2.2573E+02
 1.7881E+02 2.9426E+02 1.7883E+02 3.9166E+02 1.7886E+02 7.0155E+02
 1.7890E+02 9.5307E+02 1.7895E+02 5.3423E+02 1.7898E+02 3.4493E+02
 1.7899E+02 2.8039E+02 1.7901E+02 2.3064E+02 1.7903E+02 1.6181E+02
 1.7906E+02 1.1863E+02 1.7909E+02 9.0231E+01 1.7911E+02 7.0746E+01
 1.7917E+02 4.6676E+01 1.7919E+02 3.8982E+01 1.7922E+02 3.3044E+01
 1.7927E+02 2.4626E+01 1.7932E+02 1.9081E+01 1.7943E+02 1.2477E+01
 1.7948E+02 1.0423E+01 1.7954E+02 8.8562E+00 1.7964E+02 6.6630E+00
 1.7975E+02 5.2379E+00 1.7996E+02 3.5671E+00 1.8007E+02 3.0561E+00
 1.8018E+02 2.6710E+00 1.8039E+02 2.1444E+00 1.8060E+02 1.8178E+00
 1.8102E+02 1.4806E+00 1.8145E+02 1.3695E+00 1.8188E+02 1.3961E+00
 1.8230E+02 1.5409E+00 1.8273E+02 1.8252E+00 1.8315E+02 2.3168E+00
 1.8336E+02 2.6840E+00 1.8357E+02 3.1750E+00 1.8379E+02 3.8460E+00
 1.8400E+02 4.7907E+00 1.8421E+02 6.1743E+00 1.8443E+02 8.3093E+00
 1.8453E+02 9.8386E+00 1.8464E+02 1.1848E+01 1.8474E+02 1.4558E+01
 1.8485E+02 1.8337E+01 1.8490E+02 2.0811E+01 1.8496E+02 2.3826E+01
 1.8501E+02 2.7552E+01 1.8506E+02 3.2229E+01 1.8512E+02 3.8210E+01
 1.8517E+02 4.6020E+01 1.8522E+02 5.6484E+01 1.8527E+02 7.0940E+01
 1.8530E+02 8.0320E+01 1.8533E+02 9.1666E+01 1.8535E+02 1.0556E+02
 1.8538E+02 1.2279E+02 1.8541E+02 1.4452E+02 1.8543E+02 1.7239E+02
 1.8546E+02 2.0882E+02 1.8549E+02 2.5756E+02 1.8551E+02 3.2438E+02
 1.8554E+02 4.1849E+02 1.8557E+02 5.5475E+02 1.8559E+02 7.5623E+02
 1.8565E+02 1.4667E+03 1.8570E+02 2.1353E+03 1.8576E+02 1.3212E+03
 1.8582E+02 6.1641E+02 1.8585E+02 4.4028E+02 1.8589E+02 3.2632E+02
 1.8592E+02 2.4989E+02 1.8595E+02 1.9673E+02 1.8601E+02 1.3026E+02
 1.8604E+02 1.0882E+02 1.8607E+02 9.2197E+01 1.8613E+02 6.8544E+01
 1.8619E+02 5.2897E+01 1.8632E+02 3.4191E+01 1.8638E+02 2.8352E+01
 1.8644E+02 2.3889E+01 1.8656E+02 1.7629E+01 1.8669E+02 1.3546E+01
 1.8693E+02 8.7237E+00 1.8706E+02 7.2311E+00 1.8718E+02 6.0944E+00
 1.8743E+02 4.5052E+00 1.8768E+02 3.4721E+00 1.8817E+02 2.2547E+00
 1.8842E+02 1.8783E+00 1.8866E+02 1.5917E+00 1.8916E+02 1.1911E+00
 1.8965E+02 9.3051E-01 1.9064E+02 6.2358E-01 1.9113E+02 5.2889E-01
 1.9163E+02 4.5704E-01 1.9261E+02 3.5761E-01 1.9360E+02 2.9481E-01
 1.9459E+02 2.5437E-01 1.9557E+02 2.2936E-01 1.9656E+02 2.1705E-01
 1.9755E+02 2.1854E-01 1.9804E+02 2.2659E-01 1.9854E+02 2.4261E-01
 1.9903E+02 2.7217E-01 1.9952E+02 3.2867E-01 1.9977E+02 3.7689E-01
 2.0002E+02 4.5088E-01 2.0027E+02 5.7266E-01 2.0051E+02 7.9479E-01
 2.0064E+02 9.8237E-01 2.0076E+02 1.2699E+00 2.0082E+02 1.4750E+00
 2.0088E+02 1.7437E+00 2.0094E+02 2.1057E+00 2.0101E+02 2.6094E+00
 2.0107E+02 3.3397E+00 2.0113E+02 4.4555E+00 2.0116E+02 5.2483E+00
 2.0119E+02 6.2823E+00 2.0122E+02 7.6656E+00 2.0125E+02 9.5724E+00
 2.0128E+02 1.2298E+01 2.0131E+02 1.6377E+01 2.0133E+02 1.9213E+01
 2.0135E+02 2.2834E+01 2.0136E+02 2.7549E+01 2.0138E+02 3.3814E+01
 2.0139E+02 4.2329E+01 2.0141E+02 5.4183E+01 2.0142E+02 7.1054E+01
 2.0144E+02 9.5398E+01 2.0145E+02 1.3012E+02 2.0147E+02 1.7589E+02
 2.0148E+02 2.2299E+02 2.0150E+02 2.4485E+02 2.0152E+02 2.1719E+02
 2.0153E+02 1.6226E+02 2.0155E+02 1.1417E+02 2.0157E+02 8.0719E+01
 2.0159E+02 5.8661E+01 2.0160E+02 4.3999E+01 2.0162E+02 3.3986E+01
 2.0164E+02 2.6935E+01 2.0168E+02 1.8017E+01 2.0169E+02 1.5116E+01
 2.0171E+02 1.2860E+01 2.0175E+02 9.6362E+00 2.0178E+02 7.4963E+00
 2.0185E+02 4.9307E+00 2.0189E+02 4.1287E+00 2.0192E+02 3.5155E+00
 2.0199E+02 2.6557E+00 2.0206E+02 2.0959E+00 2.0220E+02 1.4381E+00
 2.0227E+02 1.2366E+00 2.0234E+02 1.0845E+00 2.0248E+02 8.7569E-01
 2.0263E+02 7.4527E-01 2.0291E+02 6.0722E-01 2.0319E+02 5.5544E-01
 2.0347E+02 5.5389E-01 2.0375E+02 5.9297E-01 2.0403E+02 6.7746E-01
 2.0431E+02 8.2751E-01 2.0445E+02 9.4042E-01 2.0459E+02 1.0918E+00
 2.0473E+02 1.2988E+00 2.0488E+02 1.5905E+00 2.0502E+02 2.0178E+00
 2.0516E+02 2.6772E+00 2.0523E+02 3.1495E+00 2.0530E+02 3.7699E+00
 2.0537E+02 4.6069E+00 2.0544E+02 5.7741E+00 2.0551E+02 7.4694E+00
 2.0558E+02 1.0065E+01 2.0561E+02 1.1913E+01 2.0565E+02 1.4325E+01
 2.0568E+02 1.7559E+01 2.0572E+02 2.2028E+01 2.0575E+02 2.8437E+01
 2.0579E+02 3.8070E+01 2.0581E+02 4.4796E+01 2.0582E+02 5.3426E+01
 2.0584E+02 6.4722E+01 2.0586E+02 7.9842E+01 2.0588E+02 1.0060E+02
 2.0590E+02 1.2989E+02 2.0590E+02 1.4910E+02 2.0591E+02 1.7240E+02
 2.0592E+02 2.0078E+02 2.0593E+02 2.3547E+02 2.0594E+02 2.7787E+02
 2.0595E+02 3.2923E+02 2.0596E+02 3.9030E+02 2.0597E+02 4.6013E+02
 2.0598E+02 6.0435E+02 2.0600E+02 6.7484E+02 2.0601E+02 6.2547E+02
 2.0603E+02 5.1292E+02 2.0604E+02 3.9461E+02 2.0606E+02 2.9830E+02
 2.0607E+02 2.2706E+02 2.0609E+02 1.7578E+02 2.0610E+02 1.3876E+02
 2.0612E+02 1.1164E+02 2.0615E+02 7.6018E+01 2.0616E+02 6.4099E+01
 2.0617E+02 5.4711E+01 2.0620E+02 4.1116E+01 2.0623E+02 3.1969E+01
 2.0629E+02 2.0868E+01 2.0632E+02 1.7365E+01 2.0635E+02 1.4677E+01
 2.0640E+02 1.0887E+01 2.0646E+02 8.4037E+00 2.0658E+02 5.4606E+00
 2.0664E+02 4.5475E+00 2.0669E+02 3.8515E+00 2.0681E+02 2.8782E+00
 2.0693E+02 2.2455E+00 2.0716E+02 1.5015E+00 2.0727E+02 1.2723E+00
 2.0739E+02 1.0986E+00 2.0762E+02 8.5753E-01 2.0785E+02 7.0326E-01
 2.0831E+02 5.2856E-01 2.0877E+02 4.4391E-01 2.0924E+02 4.0588E-01
 2.0970E+02 3.9848E-01 2.1016E+02 4.1773E-01 2.1063E+02 4.6841E-01
 2.1109E+02 5.6761E-01 2.1155E+02 7.6075E-01 2.1178E+02 9.2695E-01
 2.1201E+02 1.1832E+00 2.1213E+02 1.3665E+00 2.1224E+02 1.6071E+00
 2.1236E+02 1.9315E+00 2.1248E+02 2.3836E+00 2.1259E+02 3.0410E+00
 2.1271E+02 4.0497E+00 2.1276E+02 4.7700E+00 2.1282E+02 5.7140E+00
 2.1288E+02 6.9850E+00 2.1294E+02 8.7530E+00 2.1299E+02 1.1314E+01
 2.1305E+02 1.5222E+01 2.1308E+02 1.7992E+01 2.1311E+02 2.1600E+01
 2.1314E+02 2.6415E+01 2.1317E+02 3.3030E+01 2.1320E+02 4.2442E+01
 2.1323E+02 5.6423E+01 2.1324E+02 6.6073E+01 2.1326E+02 7.8319E+01
 2.1327E+02 9.4120E+01 2.1328E+02 1.1488E+02 2.1330E+02 1.4268E+02
 2.1331E+02 1.8060E+02 2.1332E+02 2.0466E+02 2.1333E+02 2.3302E+02
 2.1334E+02 2.6644E+02 2.1334E+02 3.0567E+02 2.1336E+02 4.0358E+02
 2.1337E+02 5.2338E+02 2.1339E+02 6.3682E+02 2.1340E+02 6.8641E+02
 2.1341E+02 6.4165E+02 2.1343E+02 5.3671E+02 2.1344E+02 4.2177E+02
 2.1345E+02 3.2451E+02 2.1347E+02 2.5033E+02 2.1348E+02 1.9568E+02
 2.1350E+02 1.5557E+02 2.1351E+02 1.2584E+02 2.1354E+02 8.6304E+01
 2.1355E+02 7.2956E+01 2.1356E+02 6.2400E+01 2.1359E+02 4.7044E+01
 2.1362E+02 3.6668E+01 2.1367E+02 2.4029E+01 2.1370E+02 2.0030E+01
 2.1373E+02 1.6958E+01 2.1378E+02 1.2623E+01 2.1384E+02 9.7809E+00
 2.1395E+02 6.4140E+00 2.1400E+02 5.3713E+00 2.1406E+02 4.5778E+00
 2.1417E+02 3.4728E+00 2.1427E+02 2.7607E+00 2.1449E+02 1.9416E+00
 2.1460E+02 1.7002E+00 2.1471E+02 1.5257E+00 2.1493E+02 1.3124E+00
 2.1515E+02 1.2238E+00 2.1537E+02 1.2343E+00 2.1559E+02 1.3512E+00
 2.1581E+02 1.6237E+00 2.1602E+02 2.1900E+00 2.1613E+02 2.6898E+00
 2.1624E+02 3.4690E+00 2.1630E+02 4.0294E+00 2.1635E+02 4.7664E+00
 2.1641E+02 5.7610E+00 2.1646E+02 7.1468E+00 2.1652E+02 9.1555E+00
 2.1657E+02 1.2217E+01 2.1660E+02 1.4388E+01 2.1663E+02 1.7212E+01
 2.1665E+02 2.0970E+01 2.1668E+02 2.6124E+01 2.1671E+02 3.3430E+01
 2.1674E+02 4.4226E+01 2.1675E+02 5.1636E+01 2.1676E+02 6.0992E+01
 2.1678E+02 7.2990E+01 2.1679E+02 8.8620E+01 2.1680E+02 1.0932E+02
 2.1682E+02 1.3712E+02 2.1683E+02 1.7479E+02 2.1685E+02 2.2557E+02
 2.1687E+02 3.6845E+02 2.1690E+02 4.6718E+02 2.1694E+02 2.9773E+02
 2.1696E+02 2.0493E+02 2.1698E+02 1.4273E+02 2.1700E+02 1.0272E+02
 2.1702E+02 7.6564E+01 2.1704E+02 5.8891E+01 2.1706E+02 4.6540E+01
 2.1710E+02 3.1023E+01 2.1712E+02 2.6001E+01 2.1714E+02 2.2104E+01
 2.1718E+02 1.6549E+01 2.1722E+02 1.2869E+01 2.1730E+02 8.4642E+00
 2.1734E+02 7.0884E+00 2.1738E+02 6.0368E+00 2.1746E+02 4.5620E+00
 2.1754E+02 3.6011E+00 2.1770E+02 2.4701E+00 2.1778E+02 2.1222E+00
 2.1786E+02 1.8589E+00 2.1802E+02 1.4958E+00 2.1818E+02 1.2665E+00
 2.1849E+02 1.0167E+00 2.1881E+02 9.1128E-01 2.1913E+02 8.8510E-01
 2.1945E+02 9.1599E-01 2.1977E+02 1.0012E+00 2.2009E+02 1.1537E+00
 2.2041E+02 1.4078E+00 2.2073E+02 1.8473E+00 2.2088E+02 2.1966E+00
 2.2104E+02 2.7048E+00 2.2120E+02 3.4976E+00 2.2136E+02 4.8675E+00
 2.2144E+02 5.9818E+00 2.2152E+02 7.6467E+00 2.2156E+02 8.8133E+00
 2.2160E+02 1.0323E+01 2.2164E+02 1.2331E+01 2.2168E+02 1.5090E+01
 2.2172E+02 1.9031E+01 2.2176E+02 2.4950E+01 2.2178E+02 2.9092E+01
 2.2180E+02 3.4424E+01 2.2182E+02 4.1442E+01 2.2184E+02 5.0911E+01
 2.2186E+02 6.4068E+01 2.2188E+02 8.2970E+01 2.2189E+02 9.5593E+01
 2.2190E+02 1.1114E+02 2.2191E+02 1.3048E+02 2.2192E+02 1.5470E+02
 2.2193E+02 1.8521E+02 2.2194E+02 2.2364E+02 2.2195E+02 2.7151E+02
 2.2196E+02 3.2943E+02 2.2198E+02 4.6109E+02 2.2200E+02 5.3224E+02
 2.2204E+02 3.0586E+02 2.2207E+02 2.0045E+02 2.2208E+02 1.6408E+02
 2.2209E+02 1.3589E+02 2.2211E+02 9.6705E+01 2.2213E+02 7.2024E+01
 2.2215E+02 5.5782E+01 2.2218E+02 4.4654E+01 2.2222E+02 3.0994E+01
 2.2224E+02 2.6682E+01 2.2226E+02 2.3393E+01 2.2231E+02 1.8849E+01
 2.2235E+02 1.6014E+01 2.2244E+02 1.3113E+01 2.2252E+02 1.2236E+01
 2.2261E+02 1.2621E+01 2.2270E+02 1.4109E+01 2.2279E+02 1.6906E+01
 2.2288E+02 2.1656E+01 2.2292E+02 2.5167E+01 2.2296E+02 2.9826E+01
 2.2301E+02 3.6135E+01 2.2305E+02 4.4920E+01 2.2307E+02 5.0646E+01
 2.2309E+02 5.7589E+01 2.2312E+02 6.6109E+01 2.2314E+02 7.6705E+01
 2.2316E+02 9.0088E+01 2.2318E+02 1.0729E+02 2.2320E+02 1.2985E+02
 2.2323E+02 1.6010E+02 2.2325E+02 2.0174E+02 2.2327E+02 2.6070E+02
 2.2328E+02 2.9950E+02 2.2329E+02 3.4667E+02 2.2330E+02 4.0434E+02
 2.2331E+02 4.7514E+02 2.2332E+02 5.6204E+02 2.2333E+02 6.6799E+02
 2.2335E+02 7.9487E+02 2.2336E+02 9.4122E+02 2.2338E+02 1.2476E+03
 2.2340E+02 1.3995E+03 2.2344E+02 9.4090E+02 2.2347E+02 6.6763E+02
 2.2349E+02 4.7475E+02 2.2351E+02 3.4627E+02 2.2353E+02 2.6028E+02
 2.2355E+02 2.0130E+02 2.2357E+02 1.5963E+02 2.2362E+02 1.0675E+02
 2.2364E+02 8.9511E+01 2.2366E+02 7.6086E+01 2.2371E+02 5.6875E+01
 2.2375E+02 4.4103E+01 2.2384E+02 2.8757E+01 2.2388E+02 2.3947E+01
 2.2393E+02 2.0266E+01 2.2401E+02 1.5089E+01 2.2410E+02 1.1704E+01
 2.2427E+02 7.6965E+00 2.2436E+02 6.4544E+00 2.2445E+02 5.5082E+00
 2.2463E+02 4.1876E+00 2.2480E+02 3.3341E+00 2.2515E+02 2.3499E+00
 2.2532E+02 2.0603E+00 2.2550E+02 1.8523E+00 2.2585E+02 1.6049E+00
 2.2620E+02 1.5185E+00 2.2655E+02 1.5684E+00 2.2690E+02 1.7754E+00
 2.2707E+02 1.9600E+00 2.2725E+02 2.2229E+00 2.2743E+02 2.5971E+00
 2.2760E+02 3.1377E+00 2.2777E+02 3.9426E+00 2.2795E+02 5.1975E+00
 2.2804E+02 6.1007E+00 2.2813E+02 7.2898E+00 2.2821E+02 8.8963E+00
 2.2830E+02 1.1138E+01 2.2839E+02 1.4393E+01 2.2848E+02 1.9373E+01
 2.2852E+02 2.2911E+01 2.2856E+02 2.7524E+01 2.2861E+02 3.3694E+01
 2.2865E+02 4.2188E+01 2.2869E+02 5.4313E+01 2.2874E+02 7.2405E+01
 2.2876E+02 8.4947E+01 2.2878E+02 1.0092E+02 2.2880E+02 1.2165E+02
 2.2882E+02 1.4908E+02 2.2885E+02 1.8613E+02 2.2887E+02 2.3727E+02
 2.2889E+02 3.0921E+02 2.2891E+02 4.1129E+02 2.2896E+02 7.3500E+02
 2.2900E+02 9.9649E+02 2.2904E+02 7.9322E+02 2.2906E+02 6.3209E+02
 2.2907E+02 4.9216E+02 2.2909E+02 3.8314E+02 2.2911E+02 3.0152E+02
 2.2913E+02 2.4089E+02 2.2915E+02 1.9554E+02 2.2919E+02 1.3472E+02
 2.2922E+02 9.7636E+01 2.2926E+02 7.3693E+01 2.2930E+02 5.7458E+01
 2.2937E+02 3.7619E+01 2.2941E+02 3.1327E+01 2.2944E+02 2.6486E+01
 2.2952E+02 1.9646E+01 2.2959E+02 1.5155E+01 2.2974E+02 9.8162E+00
 2.2982E+02 8.1562E+00 2.2989E+02 6.8894E+00 2.3004E+02 5.1142E+00
 2.3019E+02 3.9568E+00 2.3048E+02 2.5884E+00 2.3063E+02 2.1640E+00
 2.3078E+02 1.8400E+00 2.3108E+02 1.3852E+00 2.3138E+02 1.0877E+00
 2.3197E+02 7.3337E-01 2.3227E+02 6.2237E-01 2.3256E+02 5.3707E-01
 2.3316E+02 4.1616E-01 2.3375E+02 3.3594E-01 2.3494E+02 2.3862E-01
 2.3613E+02 1.8352E-01 2.3731E+02 1.4907E-01 2.3850E+02 1.2609E-01
 2.4088E+02 9.8556E-02 2.4325E+02 8.4047E-02 2.4563E+02 7.6590E-02
 2.4800E+02 7.3762E-02 2.5038E+02 7.4655E-02 2.5275E+02 7.9258E-02
 2.5513E+02 8.8413E-02 2.5750E+02 1.0428E-01 2.5869E+02 1.1609E-01
 2.5988E+02 1.3191E-01 2.6106E+02 1.5372E-01 2.6225E+02 1.8533E-01
 2.6284E+02 2.0713E-01 2.6344E+02 2.3541E-01 2.6403E+02 2.7400E-01
 2.6463E+02 3.3124E-01 2.6492E+02 3.7263E-01 2.6522E+02 4.2955E-01
 2.6552E+02 5.1414E-01 2.6581E+02 6.5502E-01 2.6596E+02 7.6761E-01
 2.6611E+02 9.3468E-01 2.6626E+02 1.2030E+00 2.6641E+02 1.6835E+00
 2.6648E+02 2.0852E+00 2.6656E+02 2.6964E+00 2.6659E+02 3.1305E+00
 2.6663E+02 3.6968E+00 2.6667E+02 4.4555E+00 2.6670E+02 5.5044E+00
 2.6674E+02 7.0122E+00 2.6678E+02 9.2872E+00 2.6680E+02 1.0883E+01
 2.6681E+02 1.2940E+01 2.6683E+02 1.5648E+01 2.6685E+02 1.9304E+01
 2.6687E+02 2.4379E+01 2.6689E+02 3.1655E+01 2.6691E+02 4.2464E+01
 2.6693E+02 5.9074E+01 2.6693E+02 7.0637E+01 2.6694E+02 8.5107E+01
 2.6695E+02 1.0299E+02 2.6696E+02 1.2443E+02 2.6697E+02 1.4851E+02
 2.6698E+02 1.7235E+02 2.6699E+02 1.9071E+02 2.6700E+02 1.9775E+02
 2.6701E+02 1.8999E+02 2.6702E+02 1.6998E+02 2.6703E+02 1.4461E+02
 2.6704E+02 1.1965E+02 2.6706E+02 8.0190E+01 2.6707E+02 6.6074E+01
 2.6708E+02 5.4946E+01 2.6710E+02 3.9187E+01 2.6712E+02 2.9077E+01
 2.6714E+02 2.2335E+01 2.6716E+02 1.7663E+01 2.6719E+02 1.1843E+01
 2.6722E+02 9.9721E+00 2.6723E+02 8.5244E+00 2.6727E+02 6.4681E+00
 2.6731E+02 5.1120E+00 2.6739E+02 3.4988E+00 2.6743E+02 2.9986E+00
 2.6747E+02 2.6185E+00 2.6755E+02 2.0909E+00 2.6763E+02 1.7536E+00
 2.6778E+02 1.3726E+00 2.6794E+02 1.1865E+00 2.6809E+02 1.0957E+00
 2.6825E+02 1.0590E+00 2.6856E+02 1.0810E+00 2.6888E+02 1.1900E+00
 2.6919E+02 1.3785E+00 2.6950E+02 1.6657E+00 2.6981E+02 2.0990E+00
 2.7013E+02 2.7749E+00 2.7028E+02 3.2604E+00 2.7044E+02 3.8986E+00
 2.7059E+02 4.7601E+00 2.7075E+02 5.9614E+00 2.7091E+02 7.7073E+00
 2.7106E+02 1.0382E+01 2.7114E+02 1.2288E+01 2.7122E+02 1.4782E+01
 2.7130E+02 1.8129E+01 2.7138E+02 2.2764E+01 2.7145E+02 2.9438E+01
 2.7153E+02 3.9523E+01 2.7157E+02 4.6607E+01 2.7161E+02 5.5743E+01
 2.7165E+02 6.7785E+01 2.7169E+02 8.4057E+01 2.7173E+02 1.0669E+02
 2.7177E+02 1.3920E+02 2.7181E+02 1.8763E+02 2.7184E+02 2.6240E+02
 2.7186E+02 3.1467E+02 2.7188E+02 3.8037E+02 2.7190E+02 4.6201E+02
 2.7192E+02 5.6046E+02 2.7196E+02 7.8293E+02 2.7200E+02 9.0227E+02
 2.7206E+02 6.9443E+02 2.7211E+02 4.1077E+02 2.7214E+02 3.1447E+02
 2.7216E+02 2.4446E+02 2.7219E+02 1.9355E+02 2.7222E+02 1.5607E+02
 2.7227E+02 1.0659E+02 2.7230E+02 8.9971E+01 2.7233E+02 7.6860E+01
 2.7238E+02 5.7836E+01 2.7244E+02 4.5014E+01 2.7255E+02 2.9432E+01
 2.7260E+02 2.4511E+01 2.7266E+02 2.0731E+01 2.7277E+02 1.5404E+01
 2.7288E+02 1.1917E+01 2.7309E+02 7.7873E+00 2.7320E+02 6.5101E+00
 2.7331E+02 5.5391E+00 2.7353E+02 4.1888E+00 2.7375E+02 3.3213E+00
 2.7419E+02 2.3314E+00 2.7441E+02 2.0445E+00 2.7463E+02 1.8410E+00
 2.7506E+02 1.6063E+00 2.7550E+02 1.5361E+00 2.7594E+02 1.6061E+00
 2.7638E+02 1.8392E+00 2.7659E+02 2.0405E+00 2.7681E+02 2.3239E+00
 2.7703E+02 2.7241E+00 2.7725E+02 3.2994E+00 2.7747E+02 4.1529E+00
 2.7769E+02 5.4808E+00 2.7780E+02 6.4357E+00 2.7791E+02 7.6923E+00
 2.7802E+02 9.3905E+00 2.7813E+02 1.1761E+01 2.7823E+02 1.5208E+01
 2.7834E+02 2.0489E+01 2.7840E+02 2.4247E+01 2.7845E+02 2.9163E+01
 2.7851E+02 3.5750E+01 2.7856E+02 4.4856E+01 2.7862E+02 5.7927E+01
 2.7867E+02 7.7587E+01 2.7870E+02 9.1328E+01 2.7873E+02 1.0898E+02
 2.7875E+02 1.3208E+02 2.7878E+02 1.6307E+02 2.7881E+02 2.0568E+02
 2.7884E+02 2.6598E+02 2.7886E+02 3.5378E+02 2.7889E+02 4.8482E+02
 2.7894E+02 9.5844E+02 2.7900E+02 1.4214E+03 2.7907E+02 7.9003E+02
 2.7910E+02 5.0806E+02 2.7912E+02 4.1241E+02 2.7914E+02 3.3883E+02
 2.7918E+02 2.3727E+02 2.7921E+02 1.7369E+02 2.7925E+02 1.3194E+02
 2.7928E+02 1.0333E+02 2.7935E+02 6.7998E+01 2.7939E+02 5.6713E+01
 2.7942E+02 4.8002E+01 2.7949E+02 3.5658E+01 2.7956E+02 2.7527E+01
 2.7970E+02 1.7842E+01 2.7977E+02 1.4827E+01 2.7984E+02 1.2524E+01
 2.7998E+02 9.2995E+00 2.8013E+02 7.1990E+00 2.8041E+02 4.7228E+00
 2.8055E+02 3.9583E+00 2.8069E+02 3.3773E+00 2.8097E+02 2.5687E+00
 2.8125E+02 2.0479E+00 2.8181E+02 1.4499E+00 2.8209E+02 1.2749E+00
 2.8238E+02 1.1495E+00 2.8294E+02 1.0013E+00 2.8350E+02 9.5129E-01
 2.8406E+02 9.8445E-01 2.8463E+02 1.1140E+00 2.8491E+02 1.2288E+00
 2.8519E+02 1.3920E+00 2.8547E+02 1.6238E+00 2.8575E+02 1.9583E+00
 2.8603E+02 2.4567E+00 2.8631E+02 3.2338E+00 2.8645E+02 3.7940E+00
 2.8659E+02 4.5319E+00 2.8673E+02 5.5303E+00 2.8688E+02 6.9262E+00
 2.8702E+02 8.9597E+00 2.8716E+02 1.2084E+01 2.8723E+02 1.4314E+01
 2.8730E+02 1.7237E+01 2.8737E+02 2.1166E+01 2.8744E+02 2.6624E+01
 2.8747E+02 3.0181E+01 2.8751E+02 3.4505E+01 2.8754E+02 3.9825E+01
 2.8758E+02 4.6471E+01 2.8761E+02 5.4914E+01 2.8765E+02 6.5852E+01
 2.8768E+02 8.0353E+01 2.8772E+02 1.0009E+02 2.8775E+02 1.2784E+02
 2.8779E+02 1.6829E+02 2.8781E+02 1.9570E+02 2.8782E+02 2.2991E+02
 2.8784E+02 2.7310E+02 2.8786E+02 3.2832E+02 2.8788E+02 3.9962E+02
 2.8790E+02 4.9229E+02 2.8791E+02 6.1252E+02 2.8793E+02 7.6550E+02
 2.8797E+02 1.1477E+03 2.8800E+02 1.3769E+03 2.8804E+02 1.0603E+03
 2.8806E+02 8.2366E+02 2.8809E+02 6.2757E+02 2.8811E+02 4.8052E+02
 2.8813E+02 3.7354E+02 2.8815E+02 2.9576E+02 2.8817E+02 2.3846E+02
 2.8822E+02 1.6281E+02 2.8824E+02 1.3739E+02 2.8826E+02 1.1734E+02
 2.8830E+02 8.8236E+01 2.8834E+02 6.8618E+01 2.8843E+02 4.4767E+01
 2.8847E+02 3.7234E+01 2.8852E+02 3.1446E+01 2.8860E+02 2.3283E+01
 2.8869E+02 1.7931E+01 2.8886E+02 1.1583E+01 2.8894E+02 9.6124E+00
 2.8903E+02 8.1093E+00 2.8920E+02 6.0055E+00 2.8938E+02 4.6361E+00
 2.8972E+02 3.0210E+00 2.8989E+02 2.5216E+00 2.9006E+02 2.1413E+00
 2.9041E+02 1.6097E+00 2.9075E+02 1.2643E+00 2.9144E+02 8.5837E-01
 2.9178E+02 7.3380E-01 2.9213E+02 6.3984E-01 2.9281E+02 5.1183E-01
 2.9350E+02 4.3467E-01 2.9419E+02 3.9080E-01 2.9488E+02 3.7372E-01
 2.9556E+02 3.8552E-01 2.9625E+02 4.4160E-01 2.9659E+02 4.9952E-01
 2.9694E+02 5.9474E-01 2.9711E+02 6.6497E-01 2.9728E+02 7.5853E-01
 2.9745E+02 8.8618E-01 2.9763E+02 1.0658E+00 2.9780E+02 1.3287E+00
 2.9797E+02 1.7346E+00 2.9806E+02 2.0253E+00 2.9814E+02 2.4073E+00
 2.9823E+02 2.9230E+00 2.9831E+02 3.6424E+00 2.9840E+02 4.6882E+00
 2.9848E+02 6.2910E+00 2.9853E+02 7.4332E+00 2.9857E+02 8.9268E+00
 2.9861E+02 1.0932E+01 2.9866E+02 1.3706E+01 2.9870E+02 1.7697E+01
 2.9874E+02 2.3719E+01 2.9876E+02 2.7942E+01 2.9878E+02 3.3382E+01
 2.9881E+02 4.0538E+01 2.9883E+02 5.0181E+01 2.9885E+02 6.3542E+01
 2.9887E+02 8.2639E+01 2.9889E+02 1.1087E+02 2.9891E+02 1.5396E+02
 2.9892E+02 1.8374E+02 2.9894E+02 2.2074E+02 2.9895E+02 2.6611E+02
 2.9896E+02 3.1993E+02 2.9898E+02 4.3807E+02 2.9900E+02 4.9956E+02
 2.9904E+02 3.4116E+02 2.9906E+02 2.4435E+02 2.9908E+02 1.7490E+02
 2.9910E+02 1.2812E+02 2.9912E+02 9.6570E+01 2.9914E+02 7.4820E+01
 2.9916E+02 5.9401E+01 2.9919E+02 3.9771E+01 2.9922E+02 3.3359E+01
 2.9923E+02 2.8358E+01 2.9927E+02 2.1199E+01 2.9931E+02 1.6433E+01
 2.9939E+02 1.0708E+01 2.9943E+02 8.9143E+00 2.9947E+02 7.5411E+00
 2.9955E+02 5.6117E+00 2.9963E+02 4.3518E+00 2.9978E+02 2.8624E+00
 2.9986E+02 2.4013E+00 2.9994E+02 2.0504E+00 3.0009E+02 1.5602E+00
 3.0025E+02 1.2424E+00 3.0056E+02 8.7042E-01 3.0072E+02 7.5681E-01
 3.0088E+02 6.7129E-01 3.0119E+02 5.5462E-01 3.0150E+02 4.8269E-01
 3.0213E+02 4.1007E-01 3.0275E+02 3.8956E-01 3.0338E+02 4.0231E-01
 3.0400E+02 4.4534E-01 3.0463E+02 5.2565E-01 3.0525E+02 6.6282E-01
 3.0556E+02 7.6496E-01 3.0588E+02 9.0147E-01 3.0619E+02 1.0881E+00
 3.0650E+02 1.3508E+00 3.0681E+02 1.7359E+00 3.0713E+02 2.3309E+00
 3.0728E+02 2.7576E+00 3.0744E+02 3.3185E+00 3.0759E+02 4.0764E+00
 3.0775E+02 5.1348E+00 3.0791E+02 6.6761E+00 3.0806E+02 9.0438E+00
 3.0814E+02 1.0735E+01 3.0822E+02 1.2952E+01 3.0830E+02 1.5936E+01
 3.0838E+02 2.0083E+01 3.0841E+02 2.2791E+01 3.0845E+02 2.6084E+01
 3.0849E+02 3.0143E+01 3.0853E+02 3.5222E+01 3.0857E+02 4.1685E+01
 3.0861E+02 5.0082E+01 3.0865E+02 6.1254E+01 3.0869E+02 7.6535E+01
 3.0873E+02 9.8153E+01 3.0877E+02 1.2999E+02 3.0878E+02 1.5176E+02
 3.0881E+02 1.7916E+02 3.0882E+02 2.1416E+02 3.0884E+02 2.5952E+02
 3.0886E+02 3.1920E+02 3.0888E+02 3.9864E+02 3.0890E+02 5.0500E+02
 3.0892E+02 6.4605E+02 3.0896E+02 1.0294E+03 3.0900E+02 1.2832E+03
 3.0907E+02 7.0650E+02 3.0911E+02 4.5239E+02 3.0912E+02 3.6666E+02
 3.0914E+02 3.0088E+02 3.0918E+02 2.1033E+02 3.0921E+02 1.5376E+02
 3.0925E+02 1.1669E+02 3.0928E+02 9.1292E+01 3.0935E+02 5.9974E+01
 3.0939E+02 4.9976E+01 3.0943E+02 4.2263E+01 3.0950E+02 3.1333E+01
 3.0957E+02 2.4137E+01 3.0971E+02 1.5567E+01 3.0978E+02 1.2900E+01
 3.0985E+02 1.0863E+01 3.1000E+02 8.0098E+00 3.1014E+02 6.1511E+00
 3.1042E+02 3.9581E+00 3.1056E+02 3.2798E+00 3.1070E+02 2.7635E+00
 3.1099E+02 2.0418E+00 3.1127E+02 1.5726E+00 3.1184E+02 1.0199E+00
 3.1213E+02 8.4896E-01 3.1241E+02 7.1878E-01 3.1298E+02 5.3663E-01
 3.1355E+02 4.1794E-01 3.1468E+02 2.7743E-01 3.1525E+02 2.3370E-01
 3.1582E+02 2.0023E-01 3.1696E+02 1.5303E-01 3.1809E+02 1.2191E-01
 3.2037E+02 8.4382E-02 3.2150E+02 7.2443E-02 3.2264E+02 6.3173E-02
 3.2492E+02 4.9830E-02 3.2719E+02 4.0779E-02 3.3174E+02 2.9441E-02
 3.3628E+02 2.2718E-02 3.4083E+02 1.8315E-02 3.4538E+02 1.5226E-02
 3.5358E+02 1.1603E-02 3.5358E+02 1.9764E+01 4.6500E+02 1.5092E+01
 7.0000E+02 1.0720E+01 1.0000E+03 8.0593E+00 1.5000E+03 5.9462E+00
 2.1500E+03 4.6324E+00 3.0000E+03 3.7339E+00 4.6500E+03 2.8531E+00
 7.0000E+03 2.2263E+00 1.0000E+04 1.7827E+00 1.5000E+04 1.3700E+00
 2.1500E+04 1.0772E+00 2.4500E+04 9.8685E-01 3.0000E+04 8.6316E-01
 4.6500E+04 6.5693E-01 7.0000E+04 5.3042E-01 1.0000E+05 4.6455E-01
 1.5000E+05 3.2209E-01 2.1500E+05 2.4011E-01 3.0000E+05 1.8863E-01
 4.6500E+05 1.4550E-01 7.0000E+05 1.2272E-01 1.0000E+06 1.1101E-01
 1.5000E+06 9.6707E-02 2.1500E+06 7.0069E-02 3.0000E+06 3.4948E-02
 4.6500E+06 6.0087E-03 7.0000E+06 1.2937E-03 1.0000E+07 1.5697E-03
 1.2000E+07 1.3794E-03 1.3000E+07 1.2596E-03 1.4000E+07 1.1399E-03
 1.5000E+07 1.0204E-03 1.6000E+07 9.2086E-04 1.7000E+07 8.3127E-04
 1.8000E+07 7.6157E-04 1.9000E+07 6.9195E-04 2.0000E+07 6.2241E-04