 1.0000E-05 3.7727E+00 1.0749E-05 3.6390E+00 1.1544E-05 3.5115E+00
 1.2295E-05 3.4024E+00 1.3087E-05 3.2979E+00 1.3809E-05 3.2106E+00
 1.4563E-05 3.1264E+00 1.5351E-05 3.0450E+00 1.6174E-05 2.9665E+00
 1.7662E-05 2.8388E+00 1.9261E-05 2.7184E+00 2.0757E-05 2.6186E+00
 2.2349E-05 2.5237E+00 2.3851E-05 2.4429E+00 2.5436E-05 2.3656E+00
 2.6943E-05 2.2985E+00 2.8523E-05 2.2339E+00 3.1484E-05 2.1263E+00
 3.4697E-05 2.0255E+00 3.7679E-05 1.9437E+00 4.0872E-05 1.8662E+00
 4.3868E-05 1.8014E+00 4.7046E-05 1.7395E+00 5.0054E-05 1.6864E+00
 5.3220E-05 1.6355E+00 5.6237E-05 1.5910E+00 5.9395E-05 1.5482E+00
 6.5326E-05 1.4762E+00 7.1743E-05 1.4087E+00 7.7713E-05 1.3535E+00
 8.4092E-05 1.3011E+00 9.0090E-05 1.2571E+00 9.6440E-05 1.2150E+00
 1.0246E-04 1.1788E+00 1.0879E-04 1.1440E+00 1.2061E-04 1.0864E+00
 1.3349E-04 1.0327E+00 1.4540E-04 9.8949E-01 1.5818E-04 9.4865E-01
 1.7016E-04 9.1465E-01 1.8288E-04 8.8225E-01 1.9490E-04 8.5460E-01
 2.0758E-04 8.2808E-01 2.1911E-04 8.0597E-01 2.3118E-04 7.8465E-01
 2.4379E-04 7.6407E-01 2.5697E-04 7.4420E-01 2.8077E-04 7.1196E-01
 3.0637E-04 6.8154E-01 3.3030E-04 6.5638E-01 3.5576E-04 6.3245E-01
 3.7979E-04 6.1211E-01 4.0516E-04 5.9263E-01 4.2819E-04 5.7647E-01
 4.5231E-04 5.6089E-01 4.7755E-04 5.4587E-01 5.0395E-04 5.3138E-01
 5.5150E-04 5.0796E-01 6.0273E-04 4.8590E-01 6.5057E-04 4.6770E-01
 7.0152E-04 4.5041E-01 7.4956E-04 4.3575E-01 8.0031E-04 4.2171E-01
 8.4635E-04 4.1009E-01 8.9456E-04 3.9890E-01 9.4505E-04 3.8810E-01
 9.9789E-04 3.7770E-01 1.0930E-03 3.6091E-01 1.1955E-03 3.4510E-01
 1.2911E-03 3.3208E-01 1.3930E-03 3.1970E-01 1.4891E-03 3.0922E-01
 1.5906E-03 2.9919E-01 1.6827E-03 2.9089E-01 1.7791E-03 2.8290E-01
 1.8801E-03 2.7519E-01 1.9858E-03 2.6776E-01 2.1759E-03 2.5579E-01
 2.3809E-03 2.4452E-01 2.5722E-03 2.3525E-01 2.7761E-03 2.2644E-01
 2.9682E-03 2.1898E-01 3.1713E-03 2.1185E-01 3.3553E-03 2.0596E-01
 3.5481E-03 2.0028E-01 3.7501E-03 1.9481E-01 3.9616E-03 1.8955E-01
 4.3418E-03 1.8106E-01 4.7519E-03 1.7308E-01 5.1344E-03 1.6652E-01
 5.5422E-03 1.6028E-01 5.9264E-03 1.5501E-01 6.3325E-03 1.4996E-01
 6.7005E-03 1.4579E-01 7.0862E-03 1.4177E-01 7.4901E-03 1.3789E-01
 7.9131E-03 1.3416E-01 8.6735E-03 1.2814E-01 9.4938E-03 1.2248E-01
 1.0259E-02 1.1782E-01 1.1074E-02 1.1339E-01 1.1843E-02 1.0965E-01
 1.2655E-02 1.0607E-01 1.3391E-02 1.0311E-01 1.4162E-02 1.0027E-01
 1.4970E-02 9.7524E-02 1.5816E-02 9.4880E-02 1.7337E-02 9.0624E-02
 1.8978E-02 8.6619E-02 2.0507E-02 8.3326E-02 2.2139E-02 8.0197E-02
 2.3675E-02 7.7550E-02 2.5300E-02 7.5019E-02 2.7567E-02 7.1867E-02
 3.0000E-02 6.8889E-02 3.2125E-02 6.6570E-02 3.4375E-02 6.4353E-02
 3.6508E-02 6.2444E-02 3.8750E-02 6.0609E-02 4.2940E-02 5.7573E-02
 4.7500E-02 5.4735E-02 5.1721E-02 5.2451E-02 5.6250E-02 5.0291E-02
 6.0493E-02 4.8492E-02 6.5000E-02 4.6778E-02 6.9260E-02 4.5315E-02
 7.3750E-02 4.3912E-02 7.8023E-02 4.2691E-02 8.2500E-02 4.1515E-02
 9.0899E-02 3.9549E-02 1.0000E-01 3.7704E-02 1.0684E-01 3.6476E-02
 1.1406E-01 3.5300E-02 1.2092E-01 3.4284E-02 1.2812E-01 3.3306E-02
 1.4161E-01 3.1679E-02 1.5625E-01 3.0156E-02 1.6983E-01 2.8923E-02
 1.8438E-01 2.7756E-02 1.9802E-01 2.6780E-02 2.1250E-01 2.5849E-02
 2.2620E-01 2.5053E-02 2.4063E-01 2.4290E-02 2.5436E-01 2.3625E-02
 2.6875E-01 2.2984E-02 2.9576E-01 2.1909E-02 3.2500E-01 2.0899E-02
 3.5219E-01 2.0074E-02 3.8125E-01 1.9292E-02 4.0857E-01 1.8634E-02
 4.3750E-01 1.8006E-02 4.6492E-01 1.7466E-02 4.9375E-01 1.6948E-02
 5.2124E-01 1.6495E-02 5.5000E-01 1.6058E-02 6.0407E-01 1.5324E-02
 6.6250E-01 1.4631E-02 7.1691E-01 1.4063E-02 7.7500E-01 1.3524E-02
 8.2966E-01 1.3070E-02 8.8750E-01 1.2636E-02 9.4235E-01 1.2262E-02
 1.0000E+00 1.1903E-02 1.0684E+00 1.1516E-02 1.1406E+00 1.1145E-02
 1.2092E+00 1.0825E-02 1.2812E+00 1.0518E-02 1.4161E+00 1.0007E-02
 1.5625E+00 9.5260E-03 1.6983E+00 9.1367E-03 1.8438E+00 8.7685E-03
 1.9802E+00 8.4607E-03 2.1250E+00 8.1672E-03 2.2620E+00 7.9159E-03
 2.4062E+00 7.6749E-03 2.5436E+00 7.4648E-03 2.6875E+00 7.2635E-03
 2.9576E+00 6.9252E-03 3.2500E+00 6.6060E-03 3.5219E+00 6.3456E-03
 3.8125E+00 6.0988E-03 4.0857E+00 5.8912E-03 4.3750E+00 5.6930E-03
 4.6492E+00 5.5225E-03 4.9375E+00 5.3588E-03 5.2124E+00 5.2155E-03
 5.5000E+00 5.0781E-03 6.0407E+00 4.8463E-03 6.6250E+00 4.6275E-03
 7.1691E+00 4.4482E-03 7.7500E+00 4.2782E-03 8.2966E+00 4.1348E-03
 8.8750E+00 3.9977E-03 9.4235E+00 3.8796E-03 1.0000E+01 3.7661E-03
 1.0540E+01 3.6683E-03 1.1104E+01 3.5744E-03 1.2308E+01 3.3956E-03
 1.3575E+01 3.2333E-03 1.4948E+01 3.0812E-03 1.6388E+01 2.9427E-03
 1.7942E+01 2.8124E-03 1.9567E+01 2.6931E-03 2.1313E+01 2.5804E-03
 2.3137E+01 2.4767E-03 2.5088E+01 2.3784E-03 2.7120E+01 2.2876E-03
 2.9286E+01 2.2014E-03 3.1537E+01 2.1214E-03 3.3930E+01 2.0452E-03
 3.6411E+01 1.9743E-03 3.9041E+01 1.9067E-03 4.1781E+01 1.8431E-03
 4.4678E+01 1.7824E-03 4.7674E+01 1.7255E-03 5.0834E+01 1.6710E-03
 5.4098E+01 1.6198E-03 5.7534E+01 1.5707E-03 6.1076E+01 1.5245E-03
 6.4799E+01 1.4801E-03 6.8634E+01 1.4382E-03 7.2657E+01 1.3978E-03
 7.6795E+01 1.3596E-03 8.1127E+01 1.3228E-03 8.5541E+01 1.2883E-03
 9.0153E+01 1.2549E-03 9.4970E+01 1.2227E-03 1.0000E+02 1.1916E-03
 1.1086E+02 1.1318E-03 1.2270E+02 1.0758E-03 1.3517E+02 1.0250E-03
 1.4867E+02 9.7738E-04 1.6287E+02 9.3383E-04 1.7817E+02 8.9283E-04
 1.9421E+02 8.5519E-04 2.1143E+02 8.1964E-04 2.2945E+02 7.8680E-04
 2.4874E+02 7.5569E-04 2.6885E+02 7.2689E-04 2.9030E+02 6.9953E-04
 3.1263E+02 6.7410E-04 3.3637E+02 6.4989E-04 3.6103E+02 6.2731E-04
 3.8718E+02 6.0576E-04 4.1447E+02 5.8549E-04 4.4335E+02 5.6611E-04
 4.7326E+02 5.4793E-04 5.0483E+02 5.3053E-04 5.3749E+02 5.1417E-04
 5.7189E+02 4.9847E-04 6.0742E+02 4.8368E-04 6.4477E+02 4.6947E-04
 6.8333E+02 4.5604E-04 7.2378E+02 4.4311E-04 7.6548E+02 4.3088E-04
 8.0915E+02 4.1910E-04 8.5374E+02 4.0801E-04 9.0037E+02 3.9731E-04
 9.4909E+02 3.8698E-04 1.0000E+03 3.7702E-04 1.1073E+03 3.5833E-04
 1.2240E+03 3.4086E-04 1.3472E+03 3.2494E-04 1.4806E+03 3.0999E-04
 1.6209E+03 2.9630E-04 1.7722E+03 2.8340E-04 1.9309E+03 2.7153E-04
 2.1013E+03 2.6031E-04 2.2799E+03 2.4993E-04 2.4709E+03 2.4010E-04
 2.6705E+03 2.3097E-04 2.8833E+03 2.2231E-04 3.1052E+03 2.1423E-04
 3.3411E+03 2.0655E-04 3.5865E+03 1.9937E-04 3.8468E+03 1.9253E-04
 4.1189E+03 1.8607E-04 4.4069E+03 1.7991E-04 4.7057E+03 1.7411E-04
 5.0211E+03 1.6857E-04 5.3478E+03 1.6335E-04 5.6920E+03 1.5835E-04
 6.0481E+03 1.5363E-04 6.4226E+03 1.4909E-04 6.8097E+03 1.4480E-04
 7.2160E+03 1.4067E-04 7.6354E+03 1.3677E-04 8.0748E+03 1.3300E-04
 8.5244E+03 1.2945E-04 8.9946E+03 1.2603E-04 9.4862E+03 1.2273E-04
 1.0000E+04 1.1954E-04 1.0543E+04 1.1643E-04 1.1111E+04 1.1342E-04
 1.1704E+04 1.1052E-04 1.2323E+04 1.0772E-04 1.3607E+04 1.0252E-04
 1.5000E+04 9.7655E-05 1.6149E+04 9.4125E-05 1.7370E+04 9.0763E-05
 1.8647E+04 8.7609E-05 2.0000E+04 8.4600E-05 2.1090E+04 8.2390E-05
 2.2229E+04 8.0257E-05 2.4632E+04 7.6250E-05 2.7220E+04 7.2544E-05
 3.0000E+04 6.9109E-05 3.2293E+04 6.6615E-05 3.4731E+04 6.4241E-05
 4.0000E+04 5.9870E-05 4.4787E+04 5.6588E-05 4.7334E+04 5.5048E-05
 5.0000E+04 5.3564E-05 5.4519E+04 5.1301E-05 5.9349E+04 4.9174E-05
 6.4504E+04 4.7173E-05 7.0000E+04 4.5288E-05 7.6732E+04 4.3260E-05
 8.3959E+04 4.1361E-05 9.1706E+04 3.9579E-05 1.0000E+05 3.7906E-05
 1.1466E+05 3.5407E-05 1.3090E+05 3.3142E-05 1.4884E+05 3.1085E-05
 1.6863E+05 2.9209E-05 1.8668E+05 2.7764E-05 2.0623E+05 2.6419E-05
 2.2730E+05 2.5167E-05 2.5000E+05 2.4000E-05 2.6580E+05 2.4063E-05
 2.8238E+05 2.4130E-05 3.1801E+05 2.4272E-05 3.5713E+05 2.4429E-05
 4.0000E+05 2.4600E-05 4.1000E+05 2.4640E-05 4.1500E+05 2.4660E-05
 4.1600E+05 2.4664E-05 4.1700E+05 2.4668E-05 4.1800E+05 2.4672E-05
 4.1900E+05 2.4676E-05 4.2000E+05 2.4680E-05 4.2100E+05 2.4684E-05
 4.2200E+05 2.4688E-05 4.2300E+05 2.4692E-05 4.2400E+05 2.4696E-05
 4.2500E+05 2.4700E-05 4.2550E+05 2.4702E-05 4.2600E+05 2.4704E-05
 4.2650E+05 2.4706E-05 4.2700E+05 2.4708E-05 4.2750E+05 2.4710E-05
 4.2800E+05 2.4712E-05 4.2850E+05 2.4714E-05 4.2900E+05 2.4716E-05
 4.2950E+05 2.4718E-05 4.3000E+05 2.4720E-05 4.3050E+05 2.4722E-05
 4.3100E+05 2.4724E-05 4.3150E+05 2.4726E-05 4.3200E+05 2.4728E-05
 4.3250E+05 2.4730E-05 4.3300E+05 2.4732E-05 4.3350E+05 2.4734E-05
 4.3400E+05 2.4736E-05 4.3450E+05 2.4738E-05 4.3500E+05 2.4740E-05
 4.3550E+05 2.4742E-05 4.3600E+05 2.4744E-05 4.3650E+05 2.4746E-05
 4.3700E+05 2.4748E-05 4.3750E+05 2.4750E-05 4.3800E+05 2.4752E-05
 4.3850E+05 2.4754E-05 4.3900E+05 2.4756E-05 4.3950E+05 2.4758E-05
 4.4000E+05 2.4760E-05 4.4100E+05 2.4764E-05 4.4200E+05 2.4768E-05
 4.4400E+05 2.4776E-05 4.4600E+05 2.4784E-05 4.4800E+05 2.4792E-05
 4.5000E+05 2.4800E-05 4.5200E+05 2.4808E-05 4.5400E+05 2.4816E-05
 4.5600E+05 2.4824E-05 4.5800E+05 2.4832E-05 4.6000E+05 2.4840E-05
 4.6500E+05 2.4860E-05 4.7000E+05 2.4880E-05 4.7500E+05 2.4900E-05
 4.8000E+05 2.4920E-05 4.8200E+05 2.4928E-05 4.8400E+05 2.4936E-05
 4.8500E+05 2.4940E-05 4.8600E+05 2.4944E-05 4.8700E+05 2.4948E-05
 4.8800E+05 2.4952E-05 4.8900E+05 2.4956E-05 4.9000E+05 2.4960E-05
 4.9100E+05 2.4964E-05 4.9200E+05 2.4968E-05 4.9300E+05 2.4972E-05
 4.9400E+05 2.4976E-05 4.9500E+05 2.4980E-05 4.9600E+05 2.4984E-05
 4.9700E+05 2.4988E-05 4.9800E+05 2.4992E-05 4.9900E+05 2.4996E-05
 5.0000E+05 2.5000E-05 5.0500E+05 2.5020E-05 5.1000E+05 2.5040E-05
 5.2000E+05 2.5080E-05 5.3000E+05 2.5120E-05 5.4000E+05 2.5160E-05
 5.5000E+05 2.5200E-05 5.6000E+05 2.5240E-05 5.7000E+05 2.5280E-05
 5.8000E+05 2.5320E-05 5.9000E+05 2.5360E-05 6.0000E+05 2.5400E-05
 6.0500E+05 2.5420E-05 6.1000E+05 2.5440E-05 6.1500E+05 2.5460E-05
 6.2000E+05 2.5480E-05 6.2200E+05 2.5488E-05 6.2400E+05 2.5496E-05
 6.2600E+05 2.5504E-05 6.2800E+05 2.5512E-05 6.3000E+05 2.5520E-05
 6.3500E+05 2.5540E-05 6.4000E+05 2.5560E-05 6.4200E+05 2.5568E-05
 6.4400E+05 2.5576E-05 6.4600E+05 2.5584E-05 6.4800E+05 2.5592E-05
 6.5000E+05 2.5600E-05 6.5500E+05 2.5620E-05 6.6000E+05 2.5640E-05
 6.7000E+05 2.5680E-05 6.8000E+05 2.5720E-05 6.9000E+05 2.5760E-05
 7.0000E+05 2.5800E-05 7.1000E+05 2.5840E-05 7.2000E+05 2.5880E-05
 7.3000E+05 2.5920E-05 7.4000E+05 2.5960E-05 7.6000E+05 2.6040E-05
 7.8000E+05 2.6120E-05 8.0000E+05 2.6200E-05 8.2000E+05 2.6280E-05
 8.4000E+05 2.6360E-05 8.5000E+05 2.6400E-05 8.6000E+05 2.6440E-05
 8.7000E+05 2.6480E-05 8.8000E+05 2.6520E-05 9.0000E+05 2.6600E-05
 9.2000E+05 2.6680E-05 9.3000E+05 2.6720E-05 9.4000E+05 2.6760E-05
 9.5000E+05 2.6800E-05 9.5500E+05 2.6820E-05 9.6000E+05 2.6840E-05
 9.6200E+05 2.6848E-05 9.6400E+05 2.6856E-05 9.6600E+05 2.6864E-05
 9.6800E+05 2.6872E-05 9.7000E+05 2.6880E-05 9.7200E+05 2.6888E-05
 9.7400E+05 2.6896E-05 9.7600E+05 2.6904E-05 9.7800E+05 2.6912E-05
 9.8000E+05 2.6920E-05 9.8200E+05 2.6928E-05 9.8400E+05 2.6936E-05
 9.8600E+05 2.6944E-05 9.8800E+05 2.6952E-05 9.9000E+05 2.6960E-05
 9.9200E+05 2.6968E-05 9.9400E+05 2.6976E-05 9.9600E+05 2.6984E-05
 9.9800E+05 2.6992E-05 1.0000E+06 2.7000E-05 1.0020E+06 2.7040E-05
 1.0040E+06 2.7080E-05 1.0060E+06 2.7120E-05 1.0080E+06 2.7160E-05
 1.0100E+06 2.7200E-05 1.0120E+06 2.7240E-05 1.0140E+06 2.7280E-05
 1.0160E+06 2.7320E-05 1.0180E+06 2.7360E-05 1.0200E+06 2.7400E-05
 1.0250E+06 2.7500E-05 1.0300E+06 2.7600E-05 1.0350E+06 2.7700E-05
 1.0400E+06 2.7800E-05 1.0500E+06 2.8000E-05 1.0600E+06 2.8200E-05
 1.0700E+06 2.8400E-05 1.0750E+06 2.8500E-05 1.0800E+06 2.8600E-05
 1.0850E+06 2.8700E-05 1.0900E+06 2.8800E-05 1.0920E+06 2.8840E-05
 1.0940E+06 2.8880E-05 1.0960E+06 2.8920E-05 1.0980E+06 2.8960E-05
 1.1000E+06 2.9000E-05 1.1020E+06 2.9100E-05 1.1040E+06 2.9200E-05
 1.1060E+06 2.9300E-05 1.1080E+06 2.9400E-05 1.1100E+06 2.9500E-05
 1.1110E+06 2.9550E-05 1.1120E+06 2.9600E-05 1.1130E+06 2.9650E-05
 1.1140E+06 2.9700E-05 1.1150E+06 2.9750E-05 1.1160E+06 2.9800E-05
 1.1170E+06 2.9850E-05 1.1180E+06 2.9900E-05 1.1190E+06 2.9950E-05
 1.1200E+06 3.0000E-05 1.1220E+06 3.0100E-05 1.1240E+06 3.0200E-05
 1.1260E+06 3.0300E-05 1.1280E+06 3.0400E-05 1.1300E+06 3.0500E-05
 1.1320E+06 3.0600E-05 1.1340E+06 3.0700E-05 1.1360E+06 3.0800E-05
 1.1380E+06 3.0900E-05 1.1400E+06 3.1000E-05 1.1420E+06 3.1100E-05
 1.1440E+06 3.1200E-05 1.1460E+06 3.1300E-05 1.1480E+06 3.1400E-05
 1.1500E+06 3.1500E-05 1.1550E+06 3.1750E-05 1.1600E+06 3.2000E-05
 1.1650E+06 3.2250E-05 1.1700E+06 3.2500E-05 1.1720E+06 3.2600E-05
 1.1740E+06 3.2700E-05 1.1760E+06 3.2800E-05 1.1770E+06 3.2850E-05
 1.1780E+06 3.2900E-05 1.1790E+06 3.2950E-05 1.1800E+06 3.3000E-05
 1.1810E+06 3.3050E-05 1.1812E+06 3.3060E-05 1.1814E+06 3.3070E-05
 1.1816E+06 3.3080E-05 1.1818E+06 3.3090E-05 1.1820E+06 3.3100E-05
 1.1822E+06 3.3110E-05 1.1824E+06 3.3120E-05 1.1826E+06 3.3130E-05
 1.1828E+06 3.3140E-05 1.1830E+06 3.3150E-05 1.1832E+06 3.3160E-05
 1.1834E+06 3.3170E-05 1.1836E+06 3.3180E-05 1.1838E+06 3.3190E-05
 1.1839E+06 3.3195E-05 1.1840E+06 3.3200E-05 1.1841E+06 3.3205E-05
 1.1842E+06 3.3210E-05 1.1844E+06 3.3220E-05 1.1846E+06 3.3230E-05
 1.1848E+06 3.3240E-05 1.1850E+06 3.3250E-05 1.1852E+06 3.3260E-05
 1.1854E+06 3.3270E-05 1.1856E+06 3.3280E-05 1.1858E+06 3.3290E-05
 1.1860E+06 3.3300E-05 1.1862E+06 3.3310E-05 1.1864E+06 3.3320E-05
 1.1866E+06 3.3330E-05 1.1868E+06 3.3340E-05 1.1870E+06 3.3350E-05
 1.1875E+06 3.3375E-05 1.1880E+06 3.3400E-05 1.1885E+06 3.3425E-05
 1.1890E+06 3.3450E-05 1.1900E+06 3.3500E-05 1.1920E+06 3.3600E-05
 1.1940E+06 3.3700E-05 1.1960E+06 3.3800E-05 1.1980E+06 3.3900E-05
 1.2000E+06 3.4000E-05 1.2020E+06 3.4030E-05 1.2040E+06 3.4060E-05
 1.2060E+06 3.4090E-05 1.2070E+06 3.4105E-05 1.2080E+06 3.4120E-05
 1.2090E+06 3.4135E-05 1.2100E+06 3.4150E-05 1.2110E+06 3.4165E-05
 1.2120E+06 3.4180E-05 1.2130E+06 3.4195E-05 1.2140E+06 3.4210E-05
 1.2160E+06 3.4240E-05 1.2180E+06 3.4270E-05 1.2200E+06 3.4300E-05
 1.2220E+06 3.4330E-05 1.2240E+06 3.4360E-05 1.2260E+06 3.4390E-05
 1.2280E+06 3.4420E-05 1.2300E+06 3.4450E-05 1.2350E+06 3.4525E-05
 1.2400E+06 3.4600E-05 1.2450E+06 3.4675E-05 1.2500E+06 3.4750E-05
 1.2550E+06 3.4825E-05 1.2600E+06 3.4900E-05 1.2700E+06 3.5050E-05
 1.2800E+06 3.5200E-05 1.2850E+06 3.5275E-05 1.2900E+06 3.5350E-05
 1.2950E+06 3.5425E-05 1.3000E+06 3.5500E-05 1.3050E+06 3.5575E-05
 1.3100E+06 3.5650E-05 1.3150E+06 3.5725E-05 1.3200E+06 3.5800E-05
 1.3220E+06 3.5830E-05 1.3240E+06 3.5860E-05 1.3260E+06 3.5890E-05
 1.3280E+06 3.5920E-05 1.3300E+06 3.5950E-05 1.3320E+06 3.5980E-05
 1.3340E+06 3.6010E-05 1.3360E+06 3.6040E-05 1.3380E+06 3.6070E-05
 1.3400E+06 3.6100E-05 1.3420E+06 3.6130E-05 1.3440E+06 3.6160E-05
 1.3460E+06 3.6190E-05 1.3470E+06 3.6205E-05 1.3480E+06 3.6220E-05
 1.3490E+06 3.6235E-05 1.3500E+06 3.6250E-05 1.3510E+06 3.6265E-05
 1.3520E+06 3.6280E-05 1.3540E+06 3.6310E-05 1.3560E+06 3.6340E-05
 1.3580E+06 3.6370E-05 1.3600E+06 3.6400E-05 1.3620E+06 3.6430E-05
 1.3640E+06 3.6460E-05 1.3660E+06 3.6490E-05 1.3680E+06 3.6520E-05
 1.3700E+06 3.6550E-05 1.3720E+06 3.6580E-05 1.3740E+06 3.6610E-05
 1.3760E+06 3.6640E-05 1.3780E+06 3.6670E-05 1.3800E+06 3.6700E-05
 1.3850E+06 3.6775E-05 1.3900E+06 3.6850E-05 1.3950E+06 3.6925E-05
 1.4000E+06 3.7000E-05 1.4050E+06 3.6975E-05 1.4100E+06 3.6950E-05
 1.4150E+06 3.6925E-05 1.4200E+06 3.6900E-05 1.4250E+06 3.6875E-05
 1.4300E+06 3.6850E-05 1.4400E+06 3.6800E-05 1.4500E+06 3.6750E-05
 1.4600E+06 3.6700E-05 1.4700E+06 3.6650E-05 1.4800E+06 3.6600E-05
 1.5000E+06 3.6500E-05 1.5200E+06 3.6400E-05 1.5400E+06 3.6300E-05
 1.5500E+06 3.6250E-05 1.5600E+06 3.6200E-05 1.5650E+06 3.6175E-05
 1.5700E+06 3.6150E-05 1.5750E+06 3.6125E-05 1.5800E+06 3.6100E-05
 1.5820E+06 3.6090E-05 1.5840E+06 3.6080E-05 1.5860E+06 3.6070E-05
 1.5880E+06 3.6060E-05 1.5900E+06 3.6050E-05 1.5920E+06 3.6040E-05
 1.5940E+06 3.6030E-05 1.5960E+06 3.6020E-05 1.5970E+06 3.6015E-05
 1.5980E+06 3.6010E-05 1.5990E+06 3.6005E-05 1.6000E+06 3.6000E-05
 1.6020E+06 3.5962E-05 1.6040E+06 3.5923E-05 1.6060E+06 3.5885E-05
 1.6080E+06 3.5847E-05 1.6100E+06 3.5808E-05 1.6120E+06 3.5770E-05
 1.6140E+06 3.5732E-05 1.6160E+06 3.5693E-05 1.6180E+06 3.5655E-05
 1.6200E+06 3.5617E-05 1.6250E+06 3.5521E-05 1.6300E+06 3.5425E-05
 1.6400E+06 3.5233E-05 1.6500E+06 3.5042E-05 1.6600E+06 3.4850E-05
 1.6700E+06 3.4658E-05 1.6800E+06 3.4467E-05 1.7000E+06 3.4083E-05
 1.7200E+06 3.3700E-05 1.7300E+06 3.3508E-05 1.7400E+06 3.3317E-05
 1.7450E+06 3.3221E-05 1.7500E+06 3.3125E-05 1.7550E+06 3.3029E-05
 1.7600E+06 3.2933E-05 1.7650E+06 3.2837E-05 1.7700E+06 3.2742E-05
 1.7750E+06 3.2646E-05 1.7800E+06 3.2550E-05 1.7820E+06 3.2512E-05
 1.7840E+06 3.2473E-05 1.7860E+06 3.2435E-05 1.7880E+06 3.2397E-05
 1.7900E+06 3.2358E-05 1.7950E+06 3.2262E-05 1.8000E+06 3.2167E-05
 1.8050E+06 3.2071E-05 1.8100E+06 3.1975E-05 1.8150E+06 3.1879E-05
 1.8200E+06 3.1783E-05 1.8250E+06 3.1687E-05 1.8300E+06 3.1592E-05
 1.8400E+06 3.1400E-05 1.8500E+06 3.1208E-05 1.8600E+06 3.1017E-05
 1.8800E+06 3.0633E-05 1.9000E+06 3.0250E-05 1.9500E+06 2.9292E-05
 2.0000E+06 2.8333E-05 2.0500E+06 2.7375E-05 2.1000E+06 2.6417E-05
 2.1200E+06 2.6033E-05 2.1400E+06 2.5650E-05 2.1500E+06 2.5458E-05
 2.1600E+06 2.5267E-05 2.1700E+06 2.5075E-05 2.1800E+06 2.4883E-05
 2.1900E+06 2.4692E-05 2.2000E+06 2.4500E-05 2.2100E+06 2.4308E-05
 2.2200E+06 2.4117E-05 2.2300E+06 2.3925E-05 2.2400E+06 2.3733E-05
 2.2500E+06 2.3542E-05 2.2600E+06 2.3350E-05 2.2800E+06 2.2967E-05
 2.3000E+06 2.2583E-05 2.3200E+06 2.2200E-05 2.3400E+06 2.1817E-05
 2.3600E+06 2.1433E-05 2.3800E+06 2.1050E-05 2.4000E+06 2.0667E-05
 2.4200E+06 2.0283E-05 2.4400E+06 1.9900E-05 2.4460E+06 1.9785E-05
 2.4464E+06 1.9778E-05 2.4600E+06 1.9517E-05 2.4790E+06 1.9153E-05
 2.4796E+06 1.9141E-05 2.4800E+06 1.9133E-05 2.4850E+06 1.9037E-05
 2.4900E+06 1.8942E-05 2.4950E+06 1.8846E-05 2.5000E+06 1.8750E-05
 2.5050E+06 1.8654E-05 2.5060E+06 1.8635E-05 2.5065E+06 1.8625E-05
 2.5070E+06 1.8616E-05 2.5075E+06 1.8606E-05 2.5080E+06 1.8597E-05
 2.5085E+06 1.8587E-05 2.5090E+06 1.8577E-05 2.5095E+06 1.8568E-05
 2.5100E+06 1.8558E-05 2.5105E+06 1.8549E-05 2.5110E+06 1.8539E-05
 2.5115E+06 1.8530E-05 2.5120E+06 1.8520E-05 2.5125E+06 1.8510E-05
 2.5130E+06 1.8501E-05 2.5135E+06 1.8491E-05 2.5140E+06 1.8482E-05
 2.5145E+06 1.8472E-05 2.5150E+06 1.8463E-05 2.5200E+06 1.8367E-05
 2.5250E+06 1.8271E-05 2.5300E+06 1.8175E-05 2.5400E+06 1.7983E-05
 2.5600E+06 1.7600E-05 2.5800E+06 1.7217E-05 2.6000E+06 1.6833E-05
 2.6200E+06 1.6450E-05 2.6300E+06 1.6258E-05 2.6400E+06 1.6067E-05
 2.6500E+06 1.5875E-05 2.6600E+06 1.5683E-05 2.6700E+06 1.5492E-05
 2.6800E+06 1.5300E-05 2.6900E+06 1.5108E-05 2.6950E+06 1.5013E-05
 2.7000E+06 1.4917E-05 2.7020E+06 1.4878E-05 2.7040E+06 1.4840E-05
 2.7060E+06 1.4802E-05 2.7080E+06 1.4763E-05 2.7100E+06 1.4725E-05
 2.7120E+06 1.4687E-05 2.7140E+06 1.4648E-05 2.7160E+06 1.4610E-05
 2.7180E+06 1.4572E-05 2.7200E+06 1.4533E-05 2.7250E+06 1.4438E-05
 2.7300E+06 1.4342E-05 2.7350E+06 1.4246E-05 2.7400E+06 1.4150E-05
 2.7450E+06 1.4054E-05 2.7500E+06 1.3958E-05 2.7550E+06 1.3862E-05
 2.7600E+06 1.3767E-05 2.7700E+06 1.3575E-05 2.7800E+06 1.3383E-05
 2.8000E+06 1.3000E-05 2.8200E+06 1.3200E-05 2.8400E+06 1.3400E-05
 2.8600E+06 1.3600E-05 2.8800E+06 1.3800E-05 2.8850E+06 1.3850E-05
 2.8900E+06 1.3900E-05 2.8920E+06 1.3920E-05 2.8940E+06 1.3940E-05
 2.8960E+06 1.3960E-05 2.8980E+06 1.3980E-05 2.9000E+06 1.4000E-05
 2.9020E+06 1.4067E-05 2.9040E+06 1.4133E-05 2.9060E+06 1.4200E-05
 2.9080E+06 1.4267E-05 2.9100E+06 1.4333E-05 2.9120E+06 1.4400E-05
 2.9140E+06 1.4467E-05 2.9160E+06 1.4533E-05 2.9180E+06 1.4600E-05
 2.9200E+06 1.4667E-05 2.9250E+06 1.4833E-05 2.9300E+06 1.5000E-05
 2.9350E+06 1.5167E-05 2.9400E+06 1.5333E-05 2.9420E+06 1.5400E-05
 2.9440E+06 1.5467E-05 2.9450E+06 1.5500E-05 2.9460E+06 1.5533E-05
 2.9480E+06 1.5600E-05 2.9500E+06 1.5667E-05 2.9520E+06 1.5733E-05
 2.9540E+06 1.5800E-05 2.9550E+06 1.5833E-05 2.9560E+06 1.5867E-05
 2.9570E+06 1.5900E-05 2.9580E+06 1.5933E-05 2.9590E+06 1.5967E-05
 2.9600E+06 1.6000E-05 2.9610E+06 1.6033E-05 2.9620E+06 1.6067E-05
 2.9640E+06 1.6133E-05 2.9660E+06 1.6200E-05 2.9680E+06 1.6267E-05
 2.9700E+06 1.6333E-05 2.9750E+06 1.6500E-05 2.9800E+06 1.6667E-05
 2.9850E+06 1.6833E-05 2.9900E+06 1.7000E-05 3.0000E+06 1.7333E-05
 3.0200E+06 1.8000E-05 3.0400E+06 1.8667E-05 3.0500E+06 1.9000E-05
 3.0600E+06 1.9333E-05 3.0700E+06 1.9667E-05 3.0750E+06 1.9833E-05
 3.0800E+06 2.0000E-05 3.0850E+06 2.0167E-05 3.0900E+06 2.0333E-05
 3.0950E+06 2.0500E-05 3.1000E+06 2.0667E-05 3.1050E+06 2.0833E-05
 3.1100E+06 2.1000E-05 3.1200E+06 2.1333E-05 3.1300E+06 2.1667E-05
 3.1400E+06 2.2000E-05 3.1500E+06 2.2333E-05 3.1600E+06 2.2667E-05
 3.1700E+06 2.3000E-05 3.1800E+06 2.3333E-05 3.1900E+06 2.3667E-05
 3.1950E+06 2.3833E-05 3.2000E+06 2.4000E-05 3.2100E+06 2.4100E-05
 3.2200E+06 2.4200E-05 3.2300E+06 2.4300E-05 3.2400E+06 2.4400E-05
 3.2500E+06 2.4500E-05 3.2600E+06 2.4600E-05 3.2800E+06 2.4800E-05
 3.3000E+06 2.5000E-05 3.3200E+06 2.5200E-05 3.3400E+06 2.5400E-05
 3.3600E+06 2.5600E-05 3.3800E+06 2.5800E-05 3.4000E+06 2.6000E-05
 3.4200E+06 2.5900E-05 3.4400E+06 2.5800E-05 3.4600E+06 2.5700E-05
 3.4800E+06 2.5600E-05 3.4850E+06 2.5575E-05 3.4900E+06 2.5550E-05
 3.4950E+06 2.5525E-05 3.5000E+06 2.5500E-05 3.5020E+06 2.5490E-05
 3.5040E+06 2.5480E-05 3.5060E+06 2.5470E-05 3.5080E+06 2.5460E-05
 3.5100E+06 2.5450E-05 3.5120E+06 2.5440E-05 3.5140E+06 2.5430E-05
 3.5160E+06 2.5420E-05 3.5180E+06 2.5410E-05 3.5200E+06 2.5400E-05
 3.5210E+06 2.5395E-05 3.5220E+06 2.5390E-05 3.5230E+06 2.5385E-05
 3.5240E+06 2.5380E-05 3.5260E+06 2.5370E-05 3.5280E+06 2.5360E-05
 3.5300E+06 2.5350E-05 3.5400E+06 2.5300E-05 3.5500E+06 2.5250E-05
 3.5520E+06 2.5240E-05 3.5540E+06 2.5230E-05 3.5560E+06 2.5220E-05
 3.5580E+06 2.5210E-05 3.5600E+06 2.5200E-05 3.5620E+06 2.5190E-05
 3.5640E+06 2.5180E-05 3.5660E+06 2.5170E-05 3.5680E+06 2.5160E-05
 3.5700E+06 2.5150E-05 3.5720E+06 2.5140E-05 3.5740E+06 2.5130E-05
 3.5760E+06 2.5120E-05 3.5780E+06 2.5110E-05 3.5790E+06 2.5105E-05
 3.5800E+06 2.5100E-05 3.5850E+06 2.5075E-05 3.5900E+06 2.5050E-05
 3.5950E+06 2.5025E-05 3.6000E+06 2.5000E-05 3.6100E+06 2.4950E-05
 3.6200E+06 2.4900E-05 3.6400E+06 2.4800E-05 3.6600E+06 2.4700E-05
 3.6800E+06 2.4600E-05 3.7000E+06 2.4500E-05 3.7500E+06 2.4250E-05
 3.8000E+06 2.4000E-05 3.8250E+06 2.3750E-05 3.8500E+06 2.3500E-05
 3.8750E+06 2.3250E-05 3.9000E+06 2.3000E-05 3.9200E+06 2.2800E-05
 3.9400E+06 2.2600E-05 3.9600E+06 2.2400E-05 3.9800E+06 2.2200E-05
 4.0000E+06 2.2000E-05 4.0200E+06 2.1800E-05 4.0400E+06 2.1600E-05
 4.0500E+06 2.1500E-05 4.0600E+06 2.1400E-05 4.0700E+06 2.1300E-05
 4.0800E+06 2.1200E-05 4.0900E+06 2.1100E-05 4.1000E+06 2.1000E-05
 4.1100E+06 2.0900E-05 4.1200E+06 2.0800E-05 4.1300E+06 2.0700E-05
 4.1400E+06 2.0600E-05 4.1500E+06 2.0500E-05 4.1600E+06 2.0400E-05
 4.1800E+06 2.0200E-05 4.2000E+06 2.0000E-05 4.2200E+06 1.9600E-05
 4.2290E+06 1.9420E-05 4.2292E+06 1.9416E-05 4.2400E+06 1.9200E-05
 4.2600E+06 1.8800E-05 4.2800E+06 1.8400E-05 4.3000E+06 1.8000E-05
 4.3040E+06 1.7920E-05 4.3042E+06 1.7916E-05 4.3500E+06 1.7000E-05
 4.4000E+06 1.6000E-05 4.4200E+06 1.5720E-05 4.4400E+06 1.5440E-05
 4.4600E+06 1.5160E-05 4.4800E+06 1.4880E-05 4.5000E+06 1.4600E-05
 4.5100E+06 1.4460E-05 4.5200E+06 1.4320E-05 4.5250E+06 1.4250E-05
 4.5300E+06 1.4180E-05 4.5350E+06 1.4110E-05 4.5400E+06 1.4040E-05
 4.5450E+06 1.3970E-05 4.5500E+06 1.3900E-05 4.5600E+06 1.3760E-05
 4.5700E+06 1.3620E-05 4.5800E+06 1.3480E-05 4.5900E+06 1.3340E-05
 4.6000E+06 1.3200E-05 4.6100E+06 1.3060E-05 4.6200E+06 1.2920E-05
 4.6300E+06 1.2780E-05 4.6400E+06 1.2640E-05 4.6600E+06 1.2360E-05
 4.6800E+06 1.2080E-05 4.7000E+06 1.1800E-05 4.7200E+06 1.1520E-05
 4.7400E+06 1.1240E-05 4.7600E+06 1.0960E-05 4.7800E+06 1.0680E-05
 4.8000E+06 1.0400E-05 4.8200E+06 1.0120E-05 4.8400E+06 9.8400E-06
 4.8600E+06 9.5600E-06 4.8800E+06 9.2800E-06 4.9000E+06 9.0000E-06
 4.9200E+06 9.2000E-06 4.9330E+06 9.3300E-06 4.9335E+06 9.3348E-06
 4.9400E+06 9.4000E-06 4.9600E+06 9.6000E-06 4.9800E+06 9.8000E-06
 5.0000E+06 1.0000E-05 5.0200E+06 1.0200E-05 5.0400E+06 1.0400E-05
 5.0600E+06 1.0600E-05 5.0800E+06 1.0800E-05 5.1000E+06 1.1000E-05
 5.1200E+06 1.1800E-05 5.1400E+06 1.2600E-05 5.1500E+06 1.3000E-05
 5.1600E+06 1.3400E-05 5.1800E+06 1.4200E-05 5.2000E+06 1.5000E-05
 5.2500E+06 1.7000E-05 5.2670E+06 1.7680E-05 5.3000E+06 1.9000E-05
 5.3200E+06 1.9400E-05 5.3400E+06 1.9800E-05 5.3600E+06 2.0200E-05
 5.3800E+06 2.0600E-05 5.4000E+06 2.1000E-05 5.4200E+06 2.1200E-05
 5.4400E+06 2.1400E-05 5.4600E+06 2.1600E-05 5.4740E+06 2.1740E-05
 5.4800E+06 2.1800E-05 5.5000E+06 2.2000E-05 5.5100E+06 2.2100E-05
 5.5200E+06 2.2200E-05 5.5300E+06 2.2300E-05 5.5400E+06 2.2400E-05
 5.5490E+06 2.2490E-05 5.5500E+06 2.2500E-05 5.5600E+06 2.2600E-05
 5.5700E+06 2.2700E-05 5.5800E+06 2.2800E-05 5.5900E+06 2.2900E-05
 5.6000E+06 2.3000E-05 5.6200E+06 2.3000E-05 5.6400E+06 2.3000E-05
 5.6600E+06 2.3000E-05 5.6800E+06 2.3000E-05 5.7000E+06 2.3000E-05
 5.7090E+06 2.3000E-05 5.7500E+06 2.3000E-05 5.8000E+06 2.3000E-05
 5.8500E+06 2.2625E-05 5.8620E+06 2.2535E-05 5.9000E+06 2.2250E-05
 5.9200E+06 2.2100E-05 5.9400E+06 2.1950E-05 5.9600E+06 2.1800E-05
 5.9800E+06 2.1650E-05 6.0000E+06 2.1500E-05 6.0200E+06 2.1350E-05
 6.0400E+06 2.1200E-05 6.0600E+06 2.1050E-05 6.0800E+06 2.0900E-05
 6.1000E+06 2.0750E-05 6.1010E+06 2.0743E-05 6.1200E+06 2.0600E-05
 6.1400E+06 2.0450E-05 6.1600E+06 2.0300E-05 6.1800E+06 2.0150E-05
 6.2000E+06 2.0000E-05 6.2200E+06 1.9467E-05 6.2400E+06 1.8933E-05
 6.2540E+06 1.8560E-05 6.2600E+06 1.8400E-05 6.2800E+06 1.7867E-05
 6.3000E+06 1.7333E-05 6.3200E+06 1.6800E-05 6.3400E+06 1.6267E-05
 6.3600E+06 1.5733E-05 6.3800E+06 1.5200E-05 6.4000E+06 1.4667E-05
 6.4500E+06 1.3333E-05 6.5000E+06 1.2000E-05 6.5200E+06 1.2000E-05
 6.5400E+06 1.2000E-05 6.5410E+06 1.2000E-05 6.5415E+06 1.2000E-05
 6.5600E+06 1.2000E-05 6.5800E+06 1.2000E-05 6.6000E+06 1.2000E-05
 6.6440E+06 1.2000E-05 6.6444E+06 1.2000E-05 6.6500E+06 1.2000E-05
 6.7000E+06 1.2000E-05 6.7500E+06 1.2000E-05 6.8000E+06 1.2000E-05
 6.8449E+06 1.2000E-05 6.8450E+06 1.2000E-05 6.8500E+06 1.2000E-05
 6.9000E+06 1.2000E-05 6.9080E+06 1.2080E-05 6.9082E+06 1.2082E-05
 6.9500E+06 1.2500E-05 7.0000E+06 1.3000E-05 7.0200E+06 1.3200E-05
 7.0400E+06 1.3400E-05 7.0600E+06 1.3600E-05 7.0800E+06 1.3800E-05
 7.1000E+06 1.4000E-05 7.1200E+06 1.4200E-05 7.1400E+06 1.4400E-05
 7.1600E+06 1.4600E-05 7.1800E+06 1.4800E-05 7.1940E+06 1.4940E-05
 7.1944E+06 1.4944E-05 7.2000E+06 1.5000E-05 7.2200E+06 1.5400E-05
 7.2400E+06 1.5800E-05 7.2600E+06 1.6200E-05 7.2800E+06 1.6600E-05
 7.2900E+06 1.6800E-05 7.3000E+06 1.7000E-05 7.3100E+06 1.7067E-05
 7.3200E+06 1.7133E-05 7.3400E+06 1.7267E-05 7.3500E+06 1.7333E-05
 7.3600E+06 1.7400E-05 7.3800E+06 1.7533E-05 7.3900E+06 1.7600E-05
 7.3970E+06 1.7647E-05 7.3970E+06 1.7647E-05 7.4000E+06 1.7667E-05
 7.4100E+06 1.7733E-05 7.4200E+06 1.7800E-05 7.4400E+06 1.7933E-05
 7.4510E+06 1.8007E-05 7.4600E+06 1.8067E-05 7.4800E+06 1.8200E-05
 7.5000E+06 1.8333E-05 7.5340E+06 1.8560E-05 7.5342E+06 1.8562E-05
 7.5500E+06 1.8667E-05 7.6000E+06 1.9000E-05 7.6500E+06 1.9000E-05
 7.7000E+06 1.9000E-05 7.7200E+06 1.9000E-05 7.7400E+06 1.9000E-05
 7.7600E+06 1.9000E-05 7.7800E+06 1.9000E-05 7.8000E+06 1.9000E-05
 7.8200E+06 1.8900E-05 7.8400E+06 1.8800E-05 7.8600E+06 1.8700E-05
 7.8800E+06 1.8600E-05 7.9000E+06 1.8500E-05 7.9200E+06 1.8400E-05
 7.9400E+06 1.8300E-05 7.9600E+06 1.8200E-05 7.9800E+06 1.8100E-05
 7.9900E+06 1.8050E-05 8.0000E+06 1.8000E-05 8.0500E+06 1.7500E-05
 8.1000E+06 1.7000E-05 8.1500E+06 1.6500E-05 8.2000E+06 1.6000E-05
 8.2500E+06 1.5750E-05 8.3000E+06 1.5500E-05 8.3500E+06 1.5250E-05
 8.4000E+06 1.5000E-05 8.5000E+06 1.5167E-05 8.5400E+06 1.5233E-05
 8.5500E+06 1.5250E-05 8.6000E+06 1.5333E-05 8.6420E+06 1.5403E-05
 8.6500E+06 1.5417E-05 8.7000E+06 1.5500E-05 8.7410E+06 1.5692E-05
 8.7500E+06 1.5734E-05 8.8000E+06 1.5969E-05 8.9000E+06 1.6437E-05
 9.0000E+06 1.6906E-05 9.0170E+06 1.6986E-05 9.0630E+06 1.7202E-05
 9.1000E+06 1.7375E-05 9.1005E+06 1.7377E-05 9.1500E+06 1.7609E-05
 9.2000E+06 1.7844E-05 9.3000E+06 1.8313E-05 9.3520E+06 1.8556E-05
 9.3800E+06 1.8688E-05 9.3803E+06 1.8689E-05 9.3810E+06 1.8692E-05
 9.4000E+06 1.8781E-05 9.4570E+06 1.9048E-05 9.4575E+06 1.9051E-05
 9.5000E+06 1.9250E-05 9.6000E+06 1.9719E-05 9.6500E+06 1.9953E-05
 9.6580E+06 1.9991E-05 9.7000E+06 2.0187E-05 9.7360E+06 2.0356E-05
 9.7362E+06 2.0357E-05 9.8000E+06 2.0656E-05 9.8402E+06 2.0845E-05
 9.8410E+06 2.0848E-05 9.9000E+06 2.1125E-05 9.9160E+06 2.1200E-05
 9.9163E+06 2.1201E-05 9.9170E+06 2.1205E-05 1.0000E+07 2.1594E-05
 1.0015E+07 2.1664E-05 1.0100E+07 2.2063E-05 1.0200E+07 2.2531E-05
 1.0300E+07 2.3000E-05 1.0400E+07 2.2000E-05 1.0452E+07 2.1811E-05
 1.0452E+07 2.1810E-05 1.0453E+07 2.1807E-05 1.0500E+07 2.1636E-05
 1.0550E+07 2.1455E-05 1.0600E+07 2.1273E-05 1.0650E+07 2.1091E-05
 1.0700E+07 2.0909E-05 1.0800E+07 2.0545E-05 1.0900E+07 2.0182E-05
 1.0988E+07 1.9862E-05 1.0988E+07 1.9861E-05 1.0989E+07 1.9858E-05
 1.1000E+07 1.9818E-05 1.1100E+07 1.9455E-05 1.1200E+07 1.9091E-05
 1.1300E+07 1.8727E-05 1.1313E+07 1.8680E-05 1.1313E+07 1.8679E-05
 1.1400E+07 1.8364E-05 1.1500E+07 1.8000E-05 1.1524E+07 1.8160E-05
 1.1524E+07 1.8162E-05 1.1525E+07 1.8167E-05 1.1600E+07 1.8667E-05
 1.1800E+07 2.0000E-05 1.2000E+07 2.0000E-05 1.2060E+07 2.0000E-05
 1.2060E+07 2.0000E-05 1.2061E+07 2.0000E-05 1.2100E+07 2.0000E-05
 1.2200E+07 2.0000E-05 1.2400E+07 2.0000E-05 1.2596E+07 1.9020E-05
 1.2596E+07 1.9018E-05 1.2597E+07 1.9015E-05 1.2600E+07 1.9000E-05
 1.2700E+07 1.8500E-05 1.2800E+07 1.8000E-05 1.3000E+07 1.8000E-05
 1.3132E+07 1.8000E-05 1.3132E+07 1.8000E-05 1.3133E+07 1.8000E-05
 1.3200E+07 1.8000E-05 1.3400E+07 1.8000E-05 1.3600E+07 1.8000E-05
 1.3668E+07 1.7745E-05 1.3668E+07 1.7744E-05 1.3669E+07 1.7741E-05
 1.3700E+07 1.7625E-05 1.3800E+07 1.7250E-05 1.4000E+07 1.6500E-05
 1.4204E+07 1.5735E-05 1.4204E+07 1.5733E-05 1.4205E+07 1.5731E-05
 1.4300E+07 1.5375E-05 1.4500E+07 1.4625E-05 1.4740E+07 1.3725E-05
 1.4740E+07 1.3723E-05 1.4741E+07 1.3721E-05 1.4800E+07 1.3500E-05
 1.5000E+07 1.2750E-05 1.5276E+07 1.1715E-05 1.5276E+07 1.1713E-05
 1.5277E+07 1.1711E-05 1.5300E+07 1.1625E-05 1.5400E+07 1.1250E-05
 1.5500E+07 1.0875E-05 1.5600E+07 1.0500E-05 1.5812E+07 9.7050E-06
 1.5812E+07 9.7033E-06 1.5813E+07 9.7012E-06 1.5900E+07 9.3750E-06
 1.6000E+07 9.0000E-06 1.6200E+07 8.7000E-06 1.6348E+07 8.4780E-06
 1.6348E+07 8.4773E-06 1.6349E+07 8.4765E-06 1.6400E+07 8.4000E-06
 1.6500E+07 8.2500E-06 1.6600E+07 8.1000E-06 1.6884E+07 7.6740E-06
 1.6884E+07 7.6733E-06 1.6885E+07 7.6725E-06 1.6900E+07 7.6500E-06
 1.7000E+07 7.5000E-06 1.7200E+07 7.2000E-06 1.7421E+07 6.8685E-06
 1.7422E+07 6.8670E-06 1.7500E+07 6.7500E-06 1.7700E+07 6.4500E-06
 1.7957E+07 6.0645E-06 1.7958E+07 6.0630E-06 1.8000E+07 6.0000E-06
 1.8200E+07 5.7000E-06 1.8493E+07 5.2605E-06 1.8494E+07 5.2590E-06
 1.8500E+07 5.2500E-06 1.8600E+07 5.1000E-06 1.8800E+07 4.8000E-06
 1.9000E+07 4.5000E-06 1.9029E+07 4.4565E-06 1.9030E+07 4.4550E-06
 1.9100E+07 4.3500E-06 1.9300E+07 4.0500E-06 1.9500E+07 3.7500E-06
 1.9565E+07 3.6525E-06 1.9566E+07 3.6510E-06 1.9600E+07 3.6000E-06
 1.9800E+07 3.3000E-06 2.0000E+07 3.0000E-06 