 1.0000E-05 2.4691E-02 1.1544E-05 2.2982E-02 1.3087E-05 2.1586E-02
 1.4631E-05 2.0416E-02 1.6174E-05 1.9418E-02 1.9261E-05 1.7796E-02
 2.2349E-05 1.6523E-02 2.5436E-05 1.5489E-02 2.8523E-05 1.4628E-02
 3.4697E-05 1.3265E-02 4.0872E-05 1.2224E-02 4.7046E-05 1.1396E-02
 5.3220E-05 1.0716E-02 5.9395E-05 1.0145E-02 7.1743E-05 9.2330E-03
 8.4092E-05 8.5302E-03 9.6440E-05 7.9671E-03 1.0879E-04 7.5027E-03
 1.3349E-04 6.7755E-03 1.5818E-04 6.2258E-03 1.8288E-04 5.7915E-03
 2.0758E-04 5.4371E-03 2.5697E-04 4.8880E-03 3.0637E-04 4.4775E-03
 3.5576E-04 4.1557E-03 4.0516E-04 3.8945E-03 5.0395E-04 3.4924E-03
 6.0273E-04 3.1936E-03 7.0152E-04 2.9603E-03 8.0031E-04 2.7716E-03
 9.9789E-04 2.4822E-03 1.1955E-03 2.2679E-03 1.3655E-03 2.1222E-03
 1.3655E-03 2.1221E-03 1.5906E-03 1.9662E-03 1.9858E-03 1.7598E-03
 2.3809E-03 1.6072E-03 2.7761E-03 1.4885E-03 3.1713E-03 1.3927E-03
 3.9616E-03 1.2460E-03 4.7519E-03 1.1375E-03 5.5422E-03 1.0533E-03
 6.3325E-03 9.8557E-04 7.9131E-03 8.8177E-04 9.4938E-03 8.0468E-04
 1.1074E-02 7.4494E-04 1.2655E-02 6.9719E-04 1.5816E-02 6.2380E-04
 1.8978E-02 5.6908E-04 2.2139E-02 5.2670E-04 2.5300E-02 4.9291E-04
 3.0934E-02 4.4589E-04 3.6568E-02 4.0986E-04 4.7835E-02 3.5846E-04
 5.9103E-02 3.2261E-04 8.1638E-02 2.7422E-04 1.1544E-01 2.3077E-04
 1.3798E-01 2.1098E-04 1.8305E-01 1.8307E-04 2.5065E-01 1.5653E-04
 2.9572E-01 1.4406E-04 3.8586E-01 1.2611E-04 5.6615E-01 1.0410E-04
 9.2671E-01 8.1374E-05 1.2873E+00 6.9020E-05 2.1887E+00 5.2936E-05
 2.9098E+00 4.5912E-05 5.0732E+00 3.4774E-05 7.2366E+00 2.9124E-05
 1.1563E+01 2.3048E-05 1.7332E+01 1.8837E-05 2.8870E+01 1.4614E-05
 6.9254E+01 9.4769E-06 1.6156E+02 6.2675E-06 3.6924E+02 4.2400E-06
 9.2307E+02 2.8430E-06 2.2153E+03 2.0864E-06 2.9538E+03 1.9360E-06
 5.9075E+03 1.7609E-06 1.4769E+04 2.0678E-06 3.2491E+04 3.9874E-06
 4.1352E+04 6.1705E-06 4.6521E+04 8.7457E-06 4.6891E+04 1.0125E-05
 4.7075E+04 1.4929E-05 4.7121E+04 1.9904E-05 4.7168E+04 3.4080E-05
 4.7191E+04 5.3643E-05 4.7202E+04 7.3627E-05 4.7214E+04 1.1180E-04
 4.7225E+04 1.9271E-04 4.7231E+04 2.7633E-04 4.7237E+04 4.4108E-04
 4.7242E+04 8.2120E-04 4.7245E+04 1.3116E-03 4.7247E+04 1.8993E-03
 4.7248E+04 3.3478E-03 4.7249E+04 4.8672E-03 4.7250E+04 7.3566E-03
 4.7250E+04 1.1412E-02 4.7251E+04 1.7835E-02 4.7253E+04 4.1998E-02
 4.7254E+04 8.8795E-02 4.7257E+04 2.5371E-01 4.7258E+04 3.3521E-01
 4.7260E+04 3.7441E-01 4.7261E+04 3.6584E-01 4.7262E+04 2.9608E-01
 4.7265E+04 1.5901E-01 4.7266E+04 8.5481E-02 4.7268E+04 3.9692E-02
 4.7269E+04 1.6565E-02 4.7270E+04 1.0535E-02 4.7270E+04 6.7741E-03
 4.7271E+04 4.4908E-03 4.7272E+04 3.1381E-03 4.7273E+04 1.8092E-03
 4.7275E+04 1.2650E-03 4.7278E+04 7.9948E-04 4.7284E+04 4.3107E-04
 4.7289E+04 2.7035E-04 4.7295E+04 1.8882E-04 4.7307E+04 1.0976E-04
 4.7319E+04 7.2415E-05 4.7330E+04 5.2876E-05 4.7354E+04 3.3745E-05
 4.7400E+04 1.9900E-05 4.7447E+04 1.5067E-05 4.7634E+04 1.0548E-05
 4.8007E+04 9.6045E-06 5.3235E+04 1.3526E-05 5.9210E+04 2.3508E-05
 6.2944E+04 3.6704E-05 6.5185E+04 5.0914E-05 6.7425E+04 7.6127E-05
 6.9292E+04 1.2188E-04 6.9852E+04 1.5327E-04 7.0226E+04 1.9518E-04
 7.0553E+04 2.8589E-04 7.0693E+04 3.7848E-04 7.0786E+04 4.9257E-04
 7.0833E+04 5.8195E-04 7.0903E+04 7.9472E-04 7.0926E+04 9.0056E-04
 7.0973E+04 1.2047E-03 7.1008E+04 1.5690E-03 7.1031E+04 1.9257E-03
 7.1043E+04 2.1553E-03 7.1066E+04 2.7652E-03 7.1078E+04 3.1753E-03
 7.1089E+04 3.6843E-03 7.1101E+04 4.3185E-03 7.1107E+04 4.6957E-03
 7.1119E+04 5.6161E-03 7.1130E+04 6.8113E-03 7.1136E+04 7.5403E-03
 7.1148E+04 9.3361E-03 7.1154E+04 1.0434E-02 7.1159E+04 1.1687E-02
 7.1166E+04 1.3234E-02 7.1204E+04 2.4386E-02 7.1210E+04 2.5347E-02
 7.1216E+04 2.5588E-02 7.1223E+04 2.5069E-02 7.1229E+04 2.3874E-02
 7.1235E+04 2.2183E-02 7.1254E+04 1.6176E-02 7.1261E+04 1.4322E-02
 7.1267E+04 1.2646E-02 7.1273E+04 1.1170E-02 7.1280E+04 9.8857E-03
 7.1286E+04 8.7756E-03 7.1292E+04 7.8190E-03 7.1299E+04 6.9950E-03
 7.1305E+04 6.2841E-03 7.1311E+04 5.6702E-03 7.1318E+04 5.1369E-03
 7.1330E+04 4.2667E-03 7.1337E+04 3.9112E-03 7.1350E+04 3.3232E-03
 7.1362E+04 2.8604E-03 7.1375E+04 2.4873E-03 7.1388E+04 2.1856E-03
 7.1413E+04 1.7336E-03 7.1426E+04 1.5622E-03 7.1451E+04 1.2946E-03
 7.1489E+04 1.0192E-03 7.1515E+04 8.8955E-04 7.1566E+04 7.0730E-04
 7.1667E+04 5.0964E-04 7.1769E+04 4.1231E-04 7.1922E+04 3.4168E-04
 7.2278E+04 2.9540E-04 7.3295E+04 3.5920E-04 7.4516E+04 6.0730E-04
 7.4923E+04 7.5875E-04 7.5533E+04 1.1221E-03 7.5736E+04 1.3031E-03
 7.6041E+04 1.6678E-03 7.6347E+04 2.2072E-03 7.6550E+04 2.7222E-03
 7.6652E+04 3.0480E-03 7.6855E+04 3.8946E-03 7.6957E+04 4.4501E-03
 7.7059E+04 5.1266E-03 7.7160E+04 5.9590E-03 7.7262E+04 6.9932E-03
 7.7364E+04 8.2937E-03 7.7466E+04 9.9470E-03 7.7516E+04 1.0939E-02
 7.7618E+04 1.3338E-02 7.7669E+04 1.4781E-02 7.7771E+04 1.8244E-02
 7.7831E+04 2.0673E-02 7.7891E+04 2.3385E-02 7.8070E+04 3.2331E-02
 7.8130E+04 3.4913E-02 7.8190E+04 3.6788E-02 7.8250E+04 3.7665E-02
 7.8310E+04 3.7394E-02 7.8370E+04 3.6024E-02 7.8430E+04 3.3777E-02
 7.8669E+04 2.2110E-02 7.8729E+04 1.9529E-02 7.8790E+04 1.7206E-02
 7.8851E+04 1.5177E-02 7.8912E+04 1.3421E-02 7.8973E+04 1.1908E-02
 7.9034E+04 1.0605E-02 7.9095E+04 9.4817E-03 7.9216E+04 7.6717E-03
 7.9277E+04 6.9413E-03 7.9399E+04 5.7460E-03 7.9582E+04 4.4385E-03
 7.9703E+04 3.7925E-03 7.9825E+04 3.2737E-03 7.9947E+04 2.8522E-03
 8.0190E+04 2.2174E-03 8.0556E+04 1.5959E-03 8.0921E+04 1.2016E-03
 8.1408E+04 8.6773E-04 8.1895E+04 6.5569E-04 8.2626E+04 4.5860E-04
 8.4087E+04 2.6213E-04 8.5670E+04 1.8024E-04 8.6096E+04 2.1117E-04
 8.6279E+04 3.1533E-04 8.6355E+04 4.6200E-04 8.6401E+04 6.6089E-04
 8.6423E+04 8.3539E-04 8.6439E+04 1.0044E-03 8.6446E+04 1.1120E-03
 8.6461E+04 1.3939E-03 8.6469E+04 1.5803E-03 8.6477E+04 1.8083E-03
 8.6484E+04 2.0901E-03 8.6492E+04 2.4413E-03 8.6503E+04 3.1403E-03
 8.6511E+04 3.7665E-03 8.6515E+04 4.1393E-03 8.6522E+04 5.0241E-03
 8.6527E+04 5.6708E-03 8.6532E+04 6.3865E-03 8.6546E+04 8.6902E-03
 8.6551E+04 9.3384E-03 8.6555E+04 9.8061E-03 8.6560E+04 1.0028E-02
 8.6565E+04 9.9685E-03 8.6569E+04 9.6366E-03 8.6574E+04 9.0772E-03
 8.6593E+04 6.0849E-03 8.6598E+04 5.3988E-03 8.6605E+04 4.4616E-03
 8.6609E+04 4.0592E-03 8.6616E+04 3.3828E-03 8.6620E+04 3.1010E-03
 8.6627E+04 2.6259E-03 8.6635E+04 2.2439E-03 8.6642E+04 1.9369E-03
 8.6650E+04 1.6884E-03 8.6657E+04 1.4856E-03 8.6672E+04 1.1785E-03
 8.6694E+04 8.7756E-04 8.6717E+04 6.8776E-04 8.6746E+04 5.2727E-04
 8.6791E+04 3.8806E-04 8.6836E+04 3.0918E-04 8.6925E+04 2.2698E-04
 8.7133E+04 1.5790E-04 8.7431E+04 1.2609E-04 8.8026E+04 1.0155E-04
 9.0406E+04 6.3354E-05 9.3262E+04 4.2249E-05 9.6118E+04 3.0734E-05
 1.0088E+05 2.0858E-05 1.0659E+05 1.6965E-05 1.1040E+05 2.0578E-05
 1.1230E+05 2.9204E-05 1.1325E+05 3.9474E-05 1.1444E+05 7.0696E-05
 1.1528E+05 1.3456E-04 1.1587E+05 2.6795E-04 1.1623E+05 4.8159E-04
 1.1635E+05 6.1415E-04 1.1653E+05 9.4498E-04 1.1662E+05 1.2196E-03
 1.1670E+05 1.6306E-03 1.1676E+05 2.0278E-03 1.1679E+05 2.2813E-03
 1.1685E+05 2.9436E-03 1.1688E+05 3.3798E-03 1.1691E+05 3.9138E-03
 1.1694E+05 4.5687E-03 1.1697E+05 5.3833E-03 1.1700E+05 6.3946E-03
 1.1703E+05 7.6550E-03 1.1706E+05 9.2110E-03 1.1708E+05 1.0438E-02
 1.1710E+05 1.1812E-02 1.1718E+05 1.7755E-02 1.1720E+05 1.8776E-02
 1.1722E+05 1.9308E-02 1.1724E+05 1.9260E-02 1.1726E+05 1.8641E-02
 1.1728E+05 1.7554E-02 1.1730E+05 1.6161E-02 1.1736E+05 1.1585E-02
 1.1738E+05 1.0234E-02 1.1740E+05 8.7454E-03 1.1743E+05 7.4867E-03
 1.1745E+05 6.4365E-03 1.1748E+05 5.5673E-03 1.1750E+05 4.8419E-03
 1.1753E+05 4.2374E-03 1.1758E+05 3.3065E-03 1.1760E+05 2.9453E-03
 1.1765E+05 2.3735E-03 1.1773E+05 1.7770E-03 1.1783E+05 1.2726E-03
 1.1793E+05 9.5324E-04 1.1808E+05 6.5917E-04 1.1823E+05 4.8270E-04
 1.1838E+05 3.6907E-04 1.1858E+05 2.7123E-04 1.1888E+05 1.8475E-04
 1.1948E+05 1.0303E-04 1.2038E+05 5.6033E-05 1.2157E+05 3.2532E-05
 1.2337E+05 1.9469E-05 1.2577E+05 1.3408E-05 1.2697E+05 1.2549E-05
 1.2777E+05 1.3104E-05 1.2857E+05 1.6423E-05 1.2897E+05 2.1750E-05
 1.2937E+05 3.7496E-05 1.2957E+05 5.9634E-05 1.2967E+05 8.1934E-05
 1.2977E+05 1.2313E-04 1.2987E+05 2.1094E-04 1.2992E+05 2.9884E-04
 1.2997E+05 4.6090E-04 1.3002E+05 8.0164E-04 1.3004E+05 1.1398E-03
 1.3007E+05 1.7405E-03 1.3009E+05 3.0141E-03 1.3010E+05 4.2410E-03
 1.3012E+05 6.4151E-03 1.3012E+05 8.2596E-03 1.3013E+05 1.0977E-02
 1.3013E+05 1.5382E-02 1.3014E+05 1.8632E-02 1.3014E+05 2.3094E-02
 1.3014E+05 2.9720E-02 1.3015E+05 3.9448E-02 1.3015E+05 4.6515E-02
 1.3015E+05 5.5011E-02 1.3015E+05 6.6769E-02 1.3015E+05 8.1144E-02
 1.3015E+05 1.0112E-01 1.3016E+05 1.2522E-01 1.3016E+05 1.5765E-01
 1.3016E+05 1.9480E-01 1.3016E+05 2.6649E-01 1.3017E+05 3.9017E-01
 1.3017E+05 4.2562E-01 1.3017E+05 4.6022E-01 1.3017E+05 4.7262E-01
 1.3017E+05 4.6629E-01 1.3017E+05 4.5915E-01 1.3017E+05 4.2372E-01
 1.3017E+05 4.0801E-01 1.3018E+05 3.4346E-01 1.3018E+05 2.7372E-01
 1.3018E+05 2.2968E-01 1.3018E+05 2.0923E-01 1.3018E+05 1.7228E-01
 1.3018E+05 1.4098E-01 1.3018E+05 1.1527E-01 1.3019E+05 9.4592E-02
 1.3019E+05 7.8206E-02 1.3019E+05 6.5309E-02 1.3019E+05 5.5164E-02
 1.3019E+05 4.7142E-02 1.3019E+05 3.5577E-02 1.3020E+05 2.7868E-02
 1.3020E+05 2.2318E-02 1.3020E+05 1.8437E-02 1.3021E+05 1.3241E-02
 1.3021E+05 9.9780E-03 1.3023E+05 5.1381E-03 1.3024E+05 3.6660E-03
 1.3026E+05 2.1253E-03 1.3029E+05 1.3933E-03 1.3033E+05 7.2473E-04
 1.3040E+05 3.6653E-04 1.3044E+05 2.5848E-04 1.3053E+05 1.5027E-04
 1.3062E+05 9.9230E-05 1.3071E+05 7.1557E-05 1.3089E+05 4.3910E-05
 1.3125E+05 2.3842E-05 1.3161E+05 1.6678E-05 1.3233E+05 1.1395E-05
 1.3377E+05 8.3930E-06 1.3881E+05 6.5942E-06 1.4528E+05 8.5011E-06
 1.4672E+05 1.0370E-05 1.4888E+05 1.7651E-05 1.4924E+05 2.0146E-05
 1.4996E+05 2.7826E-05 1.5068E+05 4.2843E-05 1.5140E+05 7.8610E-05
 1.5176E+05 1.1874E-04 1.5212E+05 2.0261E-04 1.5239E+05 3.4462E-04
 1.5261E+05 6.2327E-04 1.5275E+05 9.9365E-04 1.5286E+05 1.6266E-03
 1.5291E+05 2.0632E-03 1.5297E+05 3.1359E-03 1.5303E+05 4.7990E-03
 1.5306E+05 6.5124E-03 1.5309E+05 8.2051E-03 1.5310E+05 9.2954E-03
 1.5312E+05 1.2222E-02 1.5313E+05 1.4189E-02 1.5314E+05 1.6656E-02
 1.5315E+05 1.9707E-02 1.5316E+05 2.1555E-02 1.5317E+05 2.5960E-02
 1.5318E+05 3.1622E-02 1.5319E+05 3.5030E-02 1.5320E+05 4.3227E-02
 1.5320E+05 4.9002E-02 1.5321E+05 5.5477E-02 1.5324E+05 8.3431E-02
 1.5324E+05 8.8601E-02 1.5325E+05 9.1551E-02 1.5326E+05 9.1954E-02
 1.5326E+05 8.9701E-02 1.5327E+05 8.5149E-02 1.5328E+05 7.9050E-02
 1.5330E+05 5.0897E-02 1.5331E+05 4.2107E-02 1.5332E+05 3.4883E-02
 1.5333E+05 3.1841E-02 1.5334E+05 2.4582E-02 1.5335E+05 2.0868E-02
 1.5336E+05 1.7898E-02 1.5337E+05 1.5460E-02 1.5339E+05 1.1827E-02
 1.5340E+05 1.0461E-02 1.5342E+05 8.3264E-03 1.5345E+05 6.1452E-03
 1.5347E+05 5.1295E-03 1.5352E+05 3.4646E-03 1.5358E+05 2.3428E-03
 1.5364E+05 1.6867E-03 1.5378E+05 9.2171E-04 1.5390E+05 6.1543E-04
 1.5402E+05 4.4033E-04 1.5418E+05 3.0352E-04 1.5442E+05 1.9347E-04
 1.5474E+05 1.2114E-04 1.5521E+05 7.1291E-05 1.5617E+05 3.4939E-05
 1.5713E+05 2.2158E-05 1.5840E+05 1.5307E-05 1.5967E+05 1.2895E-05
 1.6158E+05 1.5604E-05 1.6222E+05 2.2285E-05 1.6254E+05 3.1474E-05
 1.6286E+05 5.7275E-05 1.6302E+05 9.2780E-05 1.6310E+05 1.2823E-04
 1.6318E+05 1.9363E-04 1.6326E+05 3.3235E-04 1.6330E+05 4.7069E-04
 1.6334E+05 7.2700E-04 1.6338E+05 1.2604E-03 1.6340E+05 1.7887E-03
 1.6342E+05 2.7706E-03 1.6344E+05 4.7634E-03 1.6345E+05 6.7294E-03
 1.6346E+05 1.0324E-02 1.6347E+05 1.7844E-02 1.6347E+05 2.5446E-02
 1.6348E+05 3.9570E-02 1.6348E+05 5.2129E-02 1.6348E+05 7.1451E-02
 1.6348E+05 1.0142E-01 1.6349E+05 1.4677E-01 1.6349E+05 1.7781E-01
 1.6349E+05 2.1129E-01 1.6349E+05 2.5257E-01 1.6349E+05 3.4300E-01
 1.6349E+05 4.3271E-01 1.6350E+05 4.7310E-01 1.6350E+05 5.2733E-01
 1.6350E+05 5.5140E-01 1.6350E+05 5.5181E-01 1.6350E+05 5.4593E-01
 1.6350E+05 5.4000E-01 1.6350E+05 4.9562E-01 1.6351E+05 4.6217E-01
 1.6351E+05 2.2473E-01 1.6351E+05 1.9220E-01 1.6352E+05 1.3883E-01
 1.6352E+05 1.0017E-01 1.6352E+05 7.3403E-02 1.6352E+05 5.5255E-02
 1.6352E+05 4.2911E-02 1.6353E+05 3.4330E-02 1.6353E+05 2.3604E-02
 1.6354E+05 1.7368E-02 1.6354E+05 1.3467E-02 1.6355E+05 8.7621E-03
 1.6356E+05 6.1446E-03 1.6357E+05 3.5397E-03 1.6359E+05 2.3115E-03
 1.6361E+05 1.6282E-03 1.6364E+05 9.3727E-04 1.6368E+05 6.0509E-04
 1.6371E+05 4.2649E-04 1.6378E+05 2.4798E-04 1.6386E+05 1.6388E-04
 1.6393E+05 1.1858E-04 1.6407E+05 7.3730E-05 1.6435E+05 4.2325E-05
 1.6463E+05 3.2569E-05 1.6491E+05 2.9430E-05 1.6519E+05 2.9424E-05
 1.6575E+05 3.5767E-05 1.6631E+05 5.3632E-05 1.6659E+05 7.1808E-05
 1.6687E+05 1.0454E-04 1.6715E+05 1.7218E-04 1.6729E+05 2.3775E-04
 1.6743E+05 3.5517E-04 1.6757E+05 5.9874E-04 1.6764E+05 8.3762E-04
 1.6772E+05 1.2722E-03 1.6779E+05 2.1811E-03 1.6782E+05 3.0817E-03
 1.6786E+05 4.7464E-03 1.6789E+05 8.1895E-03 1.6791E+05 1.1604E-02
 1.6793E+05 1.7933E-02 1.6794E+05 3.0867E-02 1.6795E+05 4.3516E-02
 1.6796E+05 6.6253E-02 1.6797E+05 1.1618E-01 1.6797E+05 1.6828E-01
 1.6798E+05 2.0970E-01 1.6798E+05 2.6574E-01 1.6798E+05 3.5071E-01
 1.6798E+05 4.7515E-01 1.6798E+05 6.5406E-01 1.6799E+05 9.0070E-01
 1.6799E+05 1.2191E+00 1.6799E+05 1.7930E+00 1.6800E+05 2.3266E+00
 1.6800E+05 2.4676E+00 1.6800E+05 2.6384E+00 1.6800E+05 2.6581E+00
 1.6800E+05 2.6356E+00 1.6800E+05 2.6042E+00 1.6800E+05 2.4598E+00
 1.6800E+05 2.3310E+00 1.6801E+05 1.8349E+00 1.6801E+05 1.3060E+00
 1.6801E+05 9.9925E-01 1.6801E+05 7.5012E-01 1.6802E+05 5.5984E-01
 1.6802E+05 4.2074E-01 1.6802E+05 3.2167E-01 1.6802E+05 2.5169E-01
 1.6802E+05 2.0188E-01 1.6803E+05 1.3886E-01 1.6803E+05 1.0225E-01
 1.6804E+05 7.8958E-02 1.6804E+05 5.1675E-02 1.6805E+05 3.6759E-02
 1.6807E+05 2.1484E-02 1.6808E+05 1.3975E-02 1.6810E+05 9.9585E-03
 1.6813E+05 5.9354E-03 1.6816E+05 4.0259E-03 1.6820E+05 3.0575E-03
 1.6826E+05 2.2907E-03 1.6832E+05 2.3973E-03 1.6839E+05 3.7205E-03
 1.6840E+05 4.4804E-03 1.6844E+05 7.4101E-03 1.6846E+05 1.2641E-02
 1.6847E+05 1.5824E-02 1.6848E+05 2.3469E-02 1.6849E+05 3.2224E-02
 1.6849E+05 3.8536E-02 1.6850E+05 4.6803E-02 1.6850E+05 5.7819E-02
 1.6850E+05 6.4697E-02 1.6851E+05 8.2060E-02 1.6851E+05 9.2928E-02
 1.6851E+05 1.0549E-01 1.6851E+05 1.1988E-01 1.6852E+05 1.5311E-01
 1.6852E+05 1.8831E-01 1.6852E+05 2.2355E-01 1.6853E+05 2.5215E-01
 1.6853E+05 2.6166E-01 1.6853E+05 2.6681E-01 1.6853E+05 2.6782E-01
 1.6853E+05 2.6417E-01 1.6854E+05 2.5616E-01 1.6854E+05 2.4436E-01
 1.6854E+05 2.1286E-01 1.6854E+05 1.7797E-01 1.6855E+05 1.3242E-01
 1.6855E+05 9.7511E-02 1.6856E+05 7.9889E-02 1.6856E+05 6.5658E-02
 1.6856E+05 5.4880E-02 1.6857E+05 4.6386E-02 1.6857E+05 3.9634E-02
 1.6857E+05 3.4061E-02 1.6858E+05 2.6104E-02 1.6858E+05 2.3131E-02
 1.6859E+05 1.8465E-02 1.6860E+05 1.5113E-02 1.6861E+05 1.0635E-02
 1.6863E+05 6.1514E-03 1.6867E+05 3.3623E-03 1.6872E+05 1.9050E-03
 1.6878E+05 1.2513E-03 1.6885E+05 7.9535E-04 1.6896E+05 5.3780E-04
 1.6906E+05 4.5736E-04 1.6916E+05 5.4451E-04 1.6924E+05 9.5065E-04
 1.6927E+05 1.3170E-03 1.6929E+05 2.0689E-03 1.6930E+05 2.7629E-03
 1.6932E+05 3.9246E-03 1.6933E+05 6.1368E-03 1.6934E+05 8.0564E-03
 1.6934E+05 1.1010E-02 1.6935E+05 1.3215E-02 1.6935E+05 1.6033E-02
 1.6935E+05 1.9791E-02 1.6936E+05 2.4860E-02 1.6936E+05 3.1702E-02
 1.6936E+05 4.0762E-02 1.6936E+05 4.6198E-02 1.6937E+05 5.8705E-02
 1.6937E+05 7.7517E-02 1.6937E+05 8.5668E-02 1.6938E+05 9.1926E-02
 1.6938E+05 9.6977E-02 1.6938E+05 9.7554E-02 1.6938E+05 9.6850E-02
 1.6938E+05 9.4814E-02 1.6938E+05 9.1564E-02 1.6939E+05 8.4822E-02
 1.6939E+05 7.6954E-02 1.6939E+05 5.2463E-02 1.6940E+05 4.6432E-02
 1.6940E+05 3.6408E-02 1.6940E+05 3.2369E-02 1.6940E+05 2.5738E-02
 1.6941E+05 2.0579E-02 1.6941E+05 1.6720E-02 1.6941E+05 1.3807E-02
 1.6942E+05 1.1642E-02 1.6942E+05 8.5165E-03 1.6943E+05 6.5322E-03
 1.6943E+05 5.1507E-03 1.6944E+05 4.1811E-03 1.6945E+05 2.9253E-03
 1.6946E+05 2.1753E-03 1.6949E+05 1.3477E-03 1.6954E+05 6.9497E-04
 1.6956E+05 5.4214E-04 1.6964E+05 3.1551E-04 1.6978E+05 1.6439E-04
 1.6998E+05 9.9292E-05 1.7037E+05 5.4527E-05 1.7096E+05 3.1440E-05
 1.7175E+05 1.9427E-05 1.7254E+05 1.3867E-05 1.7411E+05 8.8694E-06
 1.7647E+05 6.0357E-06 1.8040E+05 4.3649E-06 1.8512E+05 3.6201E-06
 2.0713E+05 2.9468E-06 2.3859E+05 3.4486E-06 2.6060E+05 5.1811E-06
 2.6375E+05 6.2796E-06 2.6532E+05 7.5320E-06 2.6689E+05 1.0668E-05
 2.6768E+05 1.4726E-05 2.6847E+05 2.5669E-05 2.6866E+05 3.1480E-05
 2.6906E+05 5.4348E-05 2.6935E+05 9.9688E-05 2.6955E+05 1.7720E-04
 2.6965E+05 2.5829E-04 2.6977E+05 4.7313E-04 2.6984E+05 7.6525E-04
 2.6987E+05 9.2500E-04 2.6990E+05 1.2696E-03 2.6993E+05 1.6186E-03
 2.6994E+05 1.8453E-03 2.6997E+05 2.4638E-03 2.6998E+05 2.8859E-03
 2.7000E+05 3.7195E-03 2.7000E+05 4.0677E-03 2.7002E+05 4.9111E-03
 2.7003E+05 5.9812E-03 2.7003E+05 6.6103E-03 2.7005E+05 8.2649E-03
 2.7008E+05 1.2595E-02 2.7008E+05 1.3474E-02 2.7009E+05 1.4068E-02
 2.7010E+05 1.4296E-02 2.7011E+05 1.4123E-02 2.7012E+05 1.3574E-02
 2.7012E+05 1.2725E-02 2.7015E+05 8.4059E-03 2.7016E+05 7.4388E-03
 2.7018E+05 5.8170E-03 2.7018E+05 5.1571E-03 2.7020E+05 4.0921E-03
 2.7021E+05 3.2956E-03 2.7024E+05 2.4539E-03 2.7025E+05 2.0530E-03
 2.7028E+05 1.4877E-03 2.7029E+05 1.2861E-03 2.7032E+05 9.8699E-04
 2.7035E+05 7.8030E-04 2.7043E+05 4.7907E-04 2.7052E+05 3.0156E-04
 2.7064E+05 1.8687E-04 2.7076E+05 1.2789E-04 2.7100E+05 7.2610E-05
 2.7136E+05 4.1072E-05 2.7160E+05 3.1529E-05 2.7208E+05 2.2050E-05
 2.7304E+05 1.6232E-05 2.7448E+05 1.7831E-05 2.7543E+05 2.5648E-05
 2.7591E+05 3.4760E-05 2.7639E+05 5.3322E-05 2.7687E+05 9.9772E-05
 2.7711E+05 1.5434E-04 2.7729E+05 2.3379E-04 2.7747E+05 3.9725E-04
 2.7756E+05 5.5117E-04 2.7762E+05 7.0744E-04 2.7765E+05 8.1057E-04
 2.7771E+05 1.0908E-03 2.7774E+05 1.2831E-03 2.7779E+05 1.6615E-03
 2.7783E+05 2.1972E-03 2.7785E+05 2.4939E-03 2.7789E+05 3.2073E-03
 2.7797E+05 4.7799E-03 2.7799E+05 5.0207E-03 2.7801E+05 5.1193E-03
 2.7803E+05 5.0586E-03 2.7805E+05 4.8493E-03 2.7807E+05 4.5237E-03
 2.7811E+05 3.7147E-03 2.7817E+05 2.5264E-03 2.7819E+05 2.1869E-03
 2.7824E+05 1.6545E-03 2.7830E+05 1.1280E-03 2.7835E+05 8.9744E-04
 2.7842E+05 6.5979E-04 2.7851E+05 4.6378E-04 2.7864E+05 2.9847E-04
 2.7887E+05 1.6925E-04 2.7914E+05 1.0171E-04 2.7941E+05 6.8760E-05
 2.8012E+05 3.3697E-05 2.8066E+05 2.3749E-05 2.8138E+05 1.7169E-05
 2.8318E+05 1.1106E-05 2.8821E+05 8.2927E-06 2.8965E+05 8.2416E-06
 3.0691E+05 1.2301E-05 3.1985E+05 2.2823E-05 3.2237E+05 3.2112E-05
 3.2290E+05 4.0047E-05 3.2308E+05 4.5230E-05 3.2344E+05 6.7115E-05
 3.2362E+05 9.4056E-05 3.2380E+05 1.5907E-04 3.2394E+05 2.9517E-04
 3.2401E+05 4.5648E-04 3.2403E+05 5.4342E-04 3.2405E+05 6.5858E-04
 3.2407E+05 8.1196E-04 3.2410E+05 1.0264E-03 3.2411E+05 1.1661E-03
 3.2412E+05 1.3345E-03 3.2413E+05 1.5408E-03 3.2414E+05 1.7904E-03
 3.2415E+05 2.0959E-03 3.2416E+05 2.4687E-03 3.2417E+05 2.8046E-03
 3.2418E+05 3.1864E-03 3.2419E+05 3.6228E-03 3.2420E+05 4.0961E-03
 3.2422E+05 5.5631E-03 3.2423E+05 5.9292E-03 3.2424E+05 6.1487E-03
 3.2425E+05 6.1834E-03 3.2426E+05 6.0295E-03 3.2426E+05 5.7160E-03
 3.2427E+05 5.2834E-03 3.2432E+05 2.7996E-03 3.2434E+05 2.0805E-03
 3.2434E+05 1.8927E-03 3.2436E+05 1.4511E-03 3.2438E+05 1.2312E-03
 3.2439E+05 1.0553E-03 3.2440E+05 9.1350E-04 3.2443E+05 7.0214E-04
 3.2447E+05 5.0023E-04 3.2454E+05 3.1919E-04 3.2459E+05 2.3899E-04
 3.2467E+05 1.6916E-04 3.2483E+05 1.0389E-04 3.2499E+05 7.5568E-05
 3.2547E+05 4.7268E-05 3.2686E+05 3.6714E-05 3.3283E+05 5.3117E-05
 3.3710E+05 8.1468E-05 3.4222E+05 1.6248E-04 3.4392E+05 2.1836E-04
 3.4520E+05 2.8120E-04 3.4648E+05 3.7461E-04 3.4776E+05 5.2068E-04
 3.4862E+05 6.6743E-04 3.4904E+05 7.6323E-04 3.4947E+05 8.7907E-04
 3.4990E+05 1.0200E-03 3.5032E+05 1.1927E-03 3.5075E+05 1.4047E-03
 3.5118E+05 1.6649E-03 3.5160E+05 1.9822E-03 3.5220E+05 2.5324E-03
 3.5339E+05 4.2373E-03 3.5362E+05 5.3948E-03 3.5369E+05 6.3575E-03
 3.5380E+05 1.0188E-02 3.5384E+05 1.3594E-02 3.5388E+05 2.0348E-02
 3.5389E+05 2.6691E-02 3.5392E+05 4.6152E-02 3.5393E+05 5.8802E-02
 3.5395E+05 1.0987E-01 3.5396E+05 1.6630E-01 3.5396E+05 2.1286E-01
 3.5397E+05 2.7824E-01 3.5397E+05 3.7394E-01 3.5398E+05 5.0373E-01
 3.5399E+05 7.6820E-01 3.5400E+05 1.1373E+00 3.5400E+05 1.1909E+00
 3.5400E+05 1.1654E+00 3.5401E+05 1.0951E+00 3.5401E+05 8.6676E-01
 3.5402E+05 5.3888E-01 3.5402E+05 4.5280E-01 3.5403E+05 3.1773E-01
 3.5403E+05 2.2946E-01 3.5404E+05 1.7059E-01 3.5405E+05 1.3145E-01
 3.5406E+05 8.5697E-02 3.5407E+05 6.0772E-02 3.5410E+05 2.9571E-02
 3.5412E+05 2.1628E-02 3.5418E+05 1.1910E-02 3.5426E+05 7.6992E-03
 3.5433E+05 6.0346E-03 3.5457E+05 4.4344E-03 3.5488E+05 3.7595E-03
 3.5566E+05 2.7893E-03 3.5628E+05 2.1732E-03 3.5660E+05 1.9150E-03
 3.5699E+05 1.6352E-03 3.5738E+05 1.4021E-03 3.5778E+05 1.2088E-03
 3.5856E+05 9.1561E-04 3.5896E+05 8.0453E-04 3.5974E+05 6.3260E-04
 3.6053E+05 5.0855E-04 3.6171E+05 3.7984E-04 3.6289E+05 2.9398E-04
 3.6526E+05 1.9103E-04 3.6683E+05 1.5008E-04 3.6919E+05 1.1001E-04
 3.7549E+05 5.9062E-05 3.8337E+05 3.5321E-05 3.9439E+05 2.3863E-05
 3.9754E+05 2.3187E-05 4.0226E+05 2.7935E-05 4.0384E+05 3.7311E-05
 4.0502E+05 6.2227E-05 4.0541E+05 8.3797E-05 4.0581E+05 1.2705E-04
 4.0620E+05 2.3527E-04 4.0640E+05 3.6394E-04 4.0660E+05 6.5155E-04
 4.0674E+05 1.1893E-03 4.0679E+05 1.5215E-03 4.0684E+05 2.0126E-03
 4.0689E+05 2.7784E-03 4.0692E+05 3.3248E-03 4.0695E+05 4.4527E-03
 4.0696E+05 4.9474E-03 4.0699E+05 6.1776E-03 4.0700E+05 7.0437E-03
 4.0702E+05 8.0548E-03 4.0703E+05 9.2253E-03 4.0704E+05 1.0558E-02
 4.0706E+05 1.2032E-02 4.0709E+05 1.5134E-02 4.0710E+05 1.6489E-02
 4.0711E+05 1.7491E-02 4.0713E+05 1.7961E-02 4.0714E+05 1.7811E-02
 4.0716E+05 1.7070E-02 4.0717E+05 1.5871E-02 4.0718E+05 1.4405E-02
 4.0723E+05 9.2099E-03 4.0726E+05 6.7474E-03 4.0730E+05 5.0460E-03
 4.0732E+05 4.2138E-03 4.0734E+05 3.5521E-03 4.0736E+05 3.0260E-03
 4.0740E+05 2.2604E-03 4.0747E+05 1.5508E-03 4.0755E+05 1.0258E-03
 4.0764E+05 7.2656E-04 4.0777E+05 4.7666E-04 4.0798E+05 2.7944E-04
 4.0823E+05 1.7466E-04 4.0840E+05 1.3686E-04 4.0892E+05 8.1163E-05
 4.0960E+05 5.4214E-05 4.1062E+05 4.0799E-05 4.1198E+05 3.7709E-05
 4.1335E+05 4.2913E-05 4.1471E+05 6.0001E-05 4.1573E+05 9.3813E-05
 4.1642E+05 1.4716E-04 4.1710E+05 2.8433E-04 4.1735E+05 3.9653E-04
 4.1761E+05 5.9341E-04 4.1778E+05 8.1673E-04 4.1791E+05 1.0730E-03
 4.1795E+05 1.1837E-03 4.1803E+05 1.4564E-03 4.1808E+05 1.6245E-03
 4.1812E+05 1.8183E-03 4.1817E+05 2.0696E-03 4.1822E+05 2.3615E-03
 4.1826E+05 2.6979E-03 4.1831E+05 3.0787E-03 4.1836E+05 3.4966E-03
 4.1850E+05 4.7298E-03 4.1855E+05 4.9857E-03 4.1860E+05 5.0829E-03
 4.1864E+05 5.0029E-03 4.1869E+05 4.7616E-03 4.1874E+05 4.4025E-03
 4.1879E+05 3.9803E-03 4.1892E+05 2.8067E-03 4.1903E+05 2.0432E-03
 4.1915E+05 1.5101E-03 4.1922E+05 1.2514E-03 4.1934E+05 9.6573E-04
 4.1941E+05 8.2401E-04 4.1956E+05 6.1730E-04 4.1979E+05 4.2622E-04
 4.1994E+05 3.4435E-04 4.2017E+05 2.6024E-04 4.2055E+05 1.7710E-04
 4.2100E+05 1.2285E-04 4.2176E+05 7.8030E-05 4.2343E+05 4.2373E-05
 4.2555E+05 2.8465E-05 4.3101E+05 2.0746E-05 4.3465E+05 2.4551E-05
 4.3587E+05 3.2941E-05 4.3647E+05 4.4930E-05 4.3708E+05 7.9214E-05
 4.3738E+05 1.2694E-04 4.3754E+05 1.7495E-04 4.3769E+05 2.6371E-04
 4.3784E+05 4.5293E-04 4.3791E+05 6.4238E-04 4.3799E+05 9.9404E-04
 4.3807E+05 1.7336E-03 4.3810E+05 2.4700E-03 4.3814E+05 3.8446E-03
 4.3818E+05 6.6649E-03 4.3820E+05 9.4638E-03 4.3822E+05 1.4709E-02
 4.3824E+05 2.6266E-02 4.3825E+05 3.7720E-02 4.3826E+05 5.8875E-02
 4.3827E+05 1.0970E-01 4.3827E+05 1.6404E-01 4.3827E+05 2.5411E-01
 4.3828E+05 4.0034E-01 4.3828E+05 6.0171E-01 4.3829E+05 8.3760E-01
 4.3829E+05 9.5376E-01 4.3829E+05 1.0503E+00 4.3830E+05 1.1420E+00
 4.3830E+05 1.1750E+00 4.3830E+05 1.1432E+00 4.3831E+05 1.0525E+00
 4.3831E+05 8.2552E-01 4.3831E+05 6.9850E-01 4.3832E+05 5.7608E-01
 4.3832E+05 3.7028E-01 4.3833E+05 2.3016E-01 4.3833E+05 1.4580E-01
 4.3834E+05 9.7645E-02 4.3835E+05 5.2824E-02 4.3836E+05 3.3935E-02
 4.3837E+05 2.3683E-02 4.3839E+05 1.3310E-02 4.3841E+05 8.5535E-03
 4.3843E+05 6.0259E-03 4.3847E+05 3.4773E-03 4.3851E+05 2.2337E-03
 4.3855E+05 1.5687E-03 4.3863E+05 9.0077E-04 4.3871E+05 5.8299E-04
 4.3879E+05 4.1169E-04 4.3895E+05 2.4075E-04 4.3911E+05 1.6044E-04
 4.3926E+05 1.1701E-04 4.3958E+05 7.3780E-05 4.4022E+05 4.2658E-05
 4.4086E+05 3.1743E-05 4.4214E+05 2.4047E-05 4.4342E+05 2.1475E-05
 4.4853E+05 1.9980E-05 4.5364E+05 2.1348E-05 4.6131E+05 2.5603E-05
 4.6898E+05 3.3540E-05 4.7409E+05 4.3411E-05 4.7665E+05 5.1643E-05
 4.8024E+05 7.3040E-05 4.8232E+05 9.9150E-05 4.8387E+05 1.3742E-04
 4.8491E+05 1.8410E-04 4.8569E+05 2.4273E-04 4.8621E+05 3.0234E-04
 4.8647E+05 3.4164E-04 4.8673E+05 3.8958E-04 4.8698E+05 4.4847E-04
 4.8724E+05 5.2127E-04 4.8750E+05 6.1148E-04 4.8769E+05 6.8957E-04
 4.8788E+05 7.8008E-04 4.8806E+05 8.8384E-04 4.8825E+05 1.0003E-03
 4.8844E+05 1.1270E-03 4.8881E+05 1.3826E-03 4.8900E+05 1.4869E-03
 4.8919E+05 1.5550E-03 4.8937E+05 1.5745E-03 4.8956E+05 1.5417E-03
 4.8975E+05 1.4631E-03 4.8994E+05 1.3523E-03 4.9012E+05 1.2253E-03
 4.9097E+05 7.1277E-04 4.9120E+05 6.1390E-04 4.9168E+05 4.6595E-04
 4.9191E+05 4.1122E-04 4.9238E+05 3.2865E-04 4.9286E+05 2.7122E-04
 4.9357E+05 2.1418E-04 4.9380E+05 2.0038E-04 4.9427E+05 1.7813E-04
 4.9475E+05 1.6125E-04 4.9522E+05 1.4829E-04 4.9616E+05 1.3037E-04
 4.9711E+05 1.1939E-04 4.9805E+05 1.1279E-04 4.9899E+05 1.0918E-04
 4.9994E+05 1.0787E-04 5.0088E+05 1.0865E-04 5.0183E+05 1.1189E-04
 5.0324E+05 1.2642E-04 5.0419E+05 1.6218E-04 5.0442E+05 1.8426E-04
 5.0466E+05 2.2199E-04 5.0489E+05 2.9546E-04 5.0513E+05 4.6776E-04
 5.0525E+05 6.5709E-04 5.0531E+05 8.1372E-04 5.0537E+05 1.0498E-03
 5.0543E+05 1.4178E-03 5.0546E+05 1.6848E-03 5.0548E+05 2.0447E-03
 5.0551E+05 2.5358E-03 5.0554E+05 3.2138E-03 5.0556E+05 3.6544E-03
 5.0557E+05 4.1892E-03 5.0559E+05 4.8435E-03 5.0560E+05 5.6335E-03
 5.0562E+05 6.4183E-03 5.0563E+05 7.3328E-03 5.0564E+05 8.4060E-03
 5.0565E+05 9.6253E-03 5.0566E+05 1.0995E-02 5.0568E+05 1.2441E-02
 5.0570E+05 1.5228E-02 5.0571E+05 1.6263E-02 5.0572E+05 1.6808E-02
 5.0574E+05 1.6776E-02 5.0575E+05 1.6176E-02 5.0576E+05 1.5109E-02
 5.0577E+05 1.3764E-02 5.0582E+05 8.1814E-03 5.0584E+05 7.0996E-03
 5.0585E+05 6.1786E-03 5.0586E+05 5.4002E-03 5.0587E+05 4.7441E-03
 5.0589E+05 4.1917E-03 5.0590E+05 3.7321E-03 5.0592E+05 2.9981E-03
 5.0595E+05 2.4529E-03 5.0597E+05 2.0419E-03 5.0600E+05 1.7303E-03
 5.0604E+05 1.3943E-03 5.0607E+05 1.1497E-03 5.0611E+05 9.6831E-04
 5.0615E+05 8.3027E-04 5.0618E+05 7.2297E-04 5.0622E+05 6.3876E-04
 5.0629E+05 5.1506E-04 5.0637E+05 4.3001E-04 5.0644E+05 3.6965E-04
 5.0651E+05 3.2532E-04 5.0666E+05 2.6607E-04 5.0673E+05 2.4582E-04
 5.0688E+05 2.1641E-04 5.0703E+05 1.9655E-04 5.0747E+05 1.6541E-04
 5.0776E+05 1.5588E-04 5.0835E+05 1.4754E-04 5.0894E+05 1.4586E-04
 5.0952E+05 1.4740E-04 5.1070E+05 1.5580E-04 5.1187E+05 1.6930E-04
 5.1304E+05 1.8780E-04 5.1422E+05 2.1240E-04 5.1598E+05 2.6561E-04
 5.1657E+05 2.8950E-04 5.1774E+05 3.5086E-04 5.1892E+05 4.3839E-04
 5.1950E+05 4.9658E-04 5.2009E+05 5.6813E-04 5.2068E+05 6.5724E-04
 5.2126E+05 7.6962E-04 5.2185E+05 9.1352E-04 5.2214E+05 1.0008E-03
 5.2273E+05 1.2154E-03 5.2303E+05 1.3477E-03 5.2332E+05 1.5008E-03
 5.2361E+05 1.6783E-03 5.2391E+05 1.8846E-03 5.2420E+05 2.1242E-03
 5.2449E+05 2.4019E-03 5.2479E+05 2.7219E-03 5.2508E+05 3.0811E-03
 5.2536E+05 3.4827E-03 5.2652E+05 5.2039E-03 5.2681E+05 5.4891E-03
 5.2710E+05 5.6270E-03 5.2739E+05 5.5940E-03 5.2768E+05 5.3959E-03
 5.2797E+05 5.0661E-03 5.2826E+05 4.6526E-03 5.2912E+05 3.3295E-03
 5.2941E+05 2.9442E-03 5.2984E+05 2.4586E-03 5.3026E+05 2.0612E-03
 5.3068E+05 1.7397E-03 5.3110E+05 1.4804E-03 5.3153E+05 1.2704E-03
 5.3195E+05 1.0995E-03 5.3237E+05 9.5930E-04 5.3280E+05 8.4336E-04
 5.3328E+05 7.3446E-04 5.3424E+05 5.7081E-04 5.3569E+05 4.1157E-04
 5.3713E+05 3.1140E-04 5.3858E+05 2.4461E-04 5.4050E+05 1.8545E-04
 5.4436E+05 1.1919E-04 5.4821E+05 8.4998E-05 5.5689E+05 5.2889E-05
 5.5785E+05 5.2034E-05 5.6074E+05 5.9501E-05 5.6171E+05 7.5337E-05
 5.6243E+05 1.1209E-04 5.6291E+05 1.8586E-04 5.6315E+05 2.7477E-04
 5.6333E+05 4.0516E-04 5.6339E+05 4.7268E-04 5.6351E+05 6.7229E-04
 5.6357E+05 8.1982E-04 5.6363E+05 1.0158E-03 5.6367E+05 1.1506E-03
 5.6370E+05 1.3070E-03 5.6373E+05 1.4867E-03 5.6377E+05 1.6890E-03
 5.6380E+05 1.9093E-03 5.6387E+05 2.3588E-03 5.6390E+05 2.5461E-03
 5.6393E+05 2.6717E-03 5.6397E+05 2.7143E-03 5.6400E+05 2.6655E-03
 5.6403E+05 2.5349E-03 5.6407E+05 2.3452E-03 5.6410E+05 2.1246E-03
 5.6417E+05 1.6773E-03 5.6433E+05 9.1520E-04 5.6438E+05 7.6158E-04
 5.6449E+05 5.4824E-04 5.6465E+05 3.6689E-04 5.6475E+05 2.9552E-04
 5.6502E+05 1.9767E-04 5.6534E+05 1.4780E-04 5.6566E+05 1.2948E-04
 5.6588E+05 1.2795E-04 5.6652E+05 1.8447E-04 5.6673E+05 2.5105E-04
 5.6695E+05 3.9811E-04 5.6706E+05 5.4704E-04 5.6716E+05 8.2336E-04
 5.6727E+05 1.4063E-03 5.6732E+05 1.9858E-03 5.6738E+05 3.0597E-03
 5.6743E+05 5.2603E-03 5.6746E+05 7.4227E-03 5.6748E+05 1.1415E-02
 5.6751E+05 2.0020E-02 5.6754E+05 4.2046E-02 5.6755E+05 7.1818E-02
 5.6756E+05 1.0214E-01 5.6756E+05 1.5581E-01 5.6757E+05 2.5152E-01
 5.6758E+05 4.0969E-01 5.6758E+05 6.2962E-01 5.6759E+05 7.4708E-01
 5.6759E+05 9.2075E-01 5.6760E+05 9.7059E-01 5.6760E+05 1.0138E+00
 5.6760E+05 9.7545E-01 5.6761E+05 9.2762E-01 5.6761E+05 7.6371E-01
 5.6762E+05 4.4452E-01 5.6763E+05 2.8462E-01 5.6763E+05 1.8118E-01
 5.6764E+05 1.1919E-01 5.6765E+05 8.3831E-02 5.6766E+05 4.8803E-02
 5.6767E+05 3.2511E-02 5.6768E+05 2.3083E-02 5.6771E+05 1.3165E-02
 5.6773E+05 8.5488E-03 5.6776E+05 6.0613E-03 5.6781E+05 3.5275E-03
 5.6786E+05 2.2851E-03 5.6791E+05 1.6149E-03 5.6801E+05 9.4074E-04
 5.6811E+05 6.1904E-04 5.6821E+05 4.4516E-04 5.6841E+05 2.7151E-04
 5.6880E+05 1.4588E-04 5.6920E+05 1.0342E-04 5.6960E+05 8.9124E-05
 5.7000E+05 9.7935E-05 5.7020E+05 1.2328E-04 5.7040E+05 2.0327E-04
 5.7050E+05 3.1595E-04 5.7055E+05 4.3026E-04 5.7060E+05 6.4460E-04
 5.7065E+05 1.0910E-03 5.7067E+05 1.5372E-03 5.7070E+05 2.3780E-03
 5.7072E+05 4.1429E-03 5.7073E+05 5.9740E-03 5.7074E+05 9.5870E-03
 5.7076E+05 1.8792E-02 5.7076E+05 2.9745E-02 5.7077E+05 5.1395E-02
 5.7078E+05 9.1843E-02 5.7078E+05 1.5650E-01 5.7079E+05 1.9617E-01
 5.7079E+05 2.7550E-01 5.7079E+05 3.0624E-01 5.7080E+05 3.2977E-01
 5.7080E+05 3.2817E-01 5.7081E+05 3.0613E-01 5.7081E+05 2.7416E-01
 5.7081E+05 1.9448E-01 5.7082E+05 1.5484E-01 5.7082E+05 8.9707E-02
 5.7083E+05 5.0087E-02 5.7084E+05 2.8795E-02 5.7084E+05 1.8288E-02
 5.7086E+05 9.4119E-03 5.7087E+05 5.8716E-03 5.7088E+05 4.0843E-03
 5.7091E+05 2.3519E-03 5.7093E+05 1.5180E-03 5.7096E+05 1.0781E-03
 5.7101E+05 6.3565E-04 5.7106E+05 4.2199E-04 5.7110E+05 3.0766E-04
 5.7120E+05 1.9368E-04 5.7140E+05 1.0945E-04 5.7160E+05 7.8887E-05
 5.7200E+05 5.6064E-05 5.7240E+05 4.7161E-05 5.7400E+05 3.6374E-05
 5.7719E+05 3.3558E-05 5.7879E+05 3.6478E-05 5.8039E+05 4.7614E-05
 5.8119E+05 6.4060E-05 5.8198E+05 1.1124E-04 5.8238E+05 1.7663E-04
 5.8258E+05 2.4200E-04 5.8278E+05 3.6198E-04 5.8298E+05 6.1529E-04
 5.8308E+05 8.6584E-04 5.8318E+05 1.3235E-03 5.8328E+05 2.2661E-03
 5.8333E+05 3.1818E-03 5.8338E+05 4.8355E-03 5.8343E+05 8.0909E-03
 5.8346E+05 1.1144E-02 5.8348E+05 1.6472E-02 5.8351E+05 2.6436E-02
 5.8352E+05 3.5249E-02 5.8353E+05 4.9395E-02 5.8354E+05 7.4128E-02
 5.8355E+05 9.4003E-02 5.8356E+05 1.2166E-01 5.8356E+05 1.6151E-01
 5.8357E+05 2.1583E-01 5.8358E+05 2.8650E-01 5.8359E+05 4.2993E-01
 5.8359E+05 4.8283E-01 5.8360E+05 5.1978E-01 5.8360E+05 5.3429E-01
 5.8360E+05 5.2363E-01 5.8361E+05 4.8980E-01 5.8361E+05 4.3884E-01
 5.8362E+05 3.3096E-01 5.8362E+05 2.8649E-01 5.8363E+05 2.0994E-01
 5.8364E+05 1.5300E-01 5.8365E+05 1.1327E-01 5.8365E+05 8.6084E-02
 5.8366E+05 6.7315E-02 5.8367E+05 4.4250E-02 5.8369E+05 3.1122E-02
 5.8370E+05 2.3208E-02 5.8373E+05 1.4357E-02 5.8375E+05 9.6350E-03
 5.8378E+05 6.9714E-03 5.8384E+05 4.1463E-03 5.8389E+05 2.7205E-03
 5.8394E+05 1.9338E-03 5.8405E+05 1.1283E-03 5.8416E+05 7.3859E-04
 5.8427E+05 5.2576E-04 5.8449E+05 3.1098E-04 5.8471E+05 2.0933E-04
 5.8493E+05 1.5398E-04 5.8536E+05 9.8689E-05 5.8623E+05 5.8940E-05
 5.8710E+05 4.5319E-05 5.8885E+05 3.7046E-05 5.9233E+05 4.3458E-05
 5.9408E+05 6.4489E-05 5.9495E+05 9.4057E-05 5.9582E+05 1.7676E-04
 5.9625E+05 2.8945E-04 5.9647E+05 4.0079E-04 5.9669E+05 6.0245E-04
 5.9691E+05 1.0206E-03 5.9702E+05 1.4261E-03 5.9713E+05 2.1364E-03
 5.9724E+05 3.5756E-03 5.9729E+05 4.9304E-03 5.9737E+05 8.9210E-03
 5.9740E+05 1.1433E-02 5.9743E+05 1.5167E-02 5.9745E+05 2.0903E-02
 5.9747E+05 2.5072E-02 5.9748E+05 3.0637E-02 5.9749E+05 3.8227E-02
 5.9751E+05 4.8845E-02 5.9752E+05 6.4068E-02 5.9753E+05 8.6381E-02
 5.9754E+05 1.0139E-01 5.9755E+05 1.1975E-01 5.9756E+05 1.4193E-01
 5.9756E+05 1.6804E-01 5.9759E+05 2.7196E-01 5.9759E+05 2.8717E-01
 5.9760E+05 2.9765E-01 5.9760E+05 3.0196E-01 5.9760E+05 2.9982E-01
 5.9761E+05 2.9154E-01 5.9761E+05 2.7762E-01 5.9764E+05 1.7532E-01
 5.9764E+05 1.5285E-01 5.9765E+05 1.3297E-01 5.9766E+05 1.0123E-01
 5.9767E+05 7.7961E-02 5.9768E+05 6.1321E-02 5.9769E+05 4.9133E-02
 5.9770E+05 4.0266E-02 5.9773E+05 2.8313E-02 5.9775E+05 2.0772E-02
 5.9777E+05 1.5853E-02 5.9779E+05 1.2485E-02 5.9782E+05 1.0132E-02
 5.9791E+05 5.1610E-03 5.9799E+05 3.1216E-03 5.9808E+05 2.0799E-03
 5.9817E+05 1.4922E-03 5.9835E+05 8.8224E-04 5.9853E+05 5.8570E-04
 5.9871E+05 4.2193E-04 5.9906E+05 2.5613E-04 5.9978E+05 1.3538E-04
 6.0049E+05 9.3782E-05 6.0191E+05 6.8618E-05 6.0334E+05 6.8604E-05
 6.0476E+05 8.5556E-05 6.0548E+05 1.0468E-04 6.0619E+05 1.3951E-04
 6.0690E+05 2.1138E-04 6.0726E+05 2.8068E-04 6.0761E+05 4.0394E-04
 6.0797E+05 6.5640E-04 6.0815E+05 8.9911E-04 6.0842E+05 1.6677E-03
 6.0859E+05 2.9805E-03 6.0868E+05 4.3179E-03 6.0877E+05 6.8520E-03
 6.0882E+05 9.0697E-03 6.0886E+05 1.2483E-02 6.0888E+05 1.4945E-02
 6.0891E+05 1.8262E-02 6.0893E+05 2.2778E-02 6.0895E+05 2.9064E-02
 6.0897E+05 3.8037E-02 6.0898E+05 4.3979E-02 6.0900E+05 5.1332E-02
 6.0901E+05 6.0528E-02 6.0902E+05 7.1808E-02 6.0903E+05 8.5670E-02
 6.0904E+05 1.0245E-01 6.0905E+05 1.1564E-01 6.0908E+05 1.8549E-01
 6.0909E+05 1.9348E-01 6.0910E+05 1.9678E-01 6.0911E+05 1.9502E-01
 6.0912E+05 1.8839E-01 6.0912E+05 1.7775E-01 6.0916E+05 1.0661E-01
 6.0917E+05 9.4627E-02 6.0918E+05 8.4028E-02 6.0919E+05 6.6728E-02
 6.0920E+05 5.3549E-02 6.0922E+05 4.3558E-02 6.0923E+05 3.5894E-02
 6.0925E+05 3.0024E-02 6.0926E+05 2.5439E-02 6.0928E+05 2.1845E-02
 6.0931E+05 1.6543E-02 6.0934E+05 1.2899E-02 6.0937E+05 1.0324E-02
 6.0946E+05 6.0087E-03 6.0951E+05 4.4691E-03 6.0963E+05 2.7785E-03
 6.0987E+05 1.4220E-03 6.0998E+05 1.1141E-03 6.1034E+05 6.8236E-04
 6.1081E+05 5.2724E-04 6.1128E+05 5.7934E-04 6.1152E+05 6.8490E-04
 6.1199E+05 1.2485E-03 6.1210E+05 1.5555E-03 6.1234E+05 2.7428E-03
 6.1252E+05 4.9696E-03 6.1263E+05 8.4706E-03 6.1266E+05 9.9150E-03
 6.1272E+05 1.4259E-02 6.1275E+05 1.7562E-02 6.1280E+05 2.4967E-02
 6.1281E+05 2.8488E-02 6.1284E+05 3.8094E-02 6.1286E+05 4.4651E-02
 6.1287E+05 5.2874E-02 6.1288E+05 6.3273E-02 6.1290E+05 7.6490E-02
 6.1291E+05 9.3242E-02 6.1299E+05 2.2031E-01 6.1300E+05 2.2475E-01
 6.1301E+05 2.2320E-01 6.1302E+05 2.1580E-01 6.1303E+05 2.0356E-01
 6.1306E+05 1.3683E-01 6.1307E+05 1.2135E-01 6.1308E+05 1.0420E-01
 6.1309E+05 8.9563E-02 6.1310E+05 7.7242E-02 6.1312E+05 6.6937E-02
 6.1313E+05 5.8332E-02 6.1314E+05 5.1137E-02 6.1316E+05 4.0059E-02
 6.1318E+05 3.2082E-02 6.1320E+05 2.6134E-02 6.1322E+05 2.1653E-02
 6.1325E+05 1.8223E-02 6.1329E+05 1.3407E-02 6.1333E+05 1.0277E-02
 6.1342E+05 6.5425E-03 6.1351E+05 4.5384E-03 6.1360E+05 3.3417E-03
 6.1377E+05 2.0364E-03 6.1395E+05 1.3855E-03 6.1413E+05 1.0143E-03
 6.1430E+05 7.8668E-04 6.1483E+05 4.9071E-04 6.1518E+05 4.9281E-04
 6.1536E+05 6.0732E-04 6.1553E+05 9.9365E-04 6.1562E+05 1.5526E-03
 6.1571E+05 3.0546E-03 6.1575E+05 5.0715E-03 6.1580E+05 1.0070E-02
 6.1582E+05 1.6271E-02 6.1583E+05 2.1839E-02 6.1584E+05 3.0727E-02
 6.1585E+05 4.6598E-02 6.1586E+05 5.9389E-02 6.1586E+05 7.7358E-02
 6.1587E+05 1.0230E-01 6.1587E+05 1.3555E-01 6.1588E+05 1.7673E-01
 6.1589E+05 2.7898E-01 6.1590E+05 2.9716E-01 6.1590E+05 3.0450E-01
 6.1590E+05 3.0382E-01 6.1591E+05 2.8476E-01 6.1591E+05 2.6022E-01
 6.1592E+05 2.3076E-01 6.1592E+05 1.5574E-01 6.1593E+05 1.2372E-01
 6.1593E+05 9.8115E-02 6.1594E+05 6.2358E-02 6.1595E+05 4.1783E-02
 6.1596E+05 2.9610E-02 6.1597E+05 2.2181E-02 6.1599E+05 1.3855E-02
 6.1601E+05 9.4323E-03 6.1602E+05 6.9085E-03 6.1606E+05 4.2059E-03
 6.1610E+05 2.8169E-03 6.1613E+05 2.0494E-03 6.1621E+05 1.2553E-03
 6.1628E+05 8.6326E-04 6.1635E+05 6.4750E-04 6.1650E+05 4.2515E-04
 6.1664E+05 3.1555E-04 6.1679E+05 2.5326E-04 6.1737E+05 1.5061E-04
 6.1883E+05 8.8883E-05 6.1942E+05 7.9956E-05 6.2175E+05 6.7598E-05
 6.2408E+05 7.3693E-05 6.2759E+05 1.2085E-04 6.2934E+05 1.8819E-04
 6.3079E+05 3.1872E-04 6.3138E+05 4.1842E-04 6.3225E+05 6.9803E-04
 6.3284E+05 1.0905E-03 6.3327E+05 1.6690E-03 6.3357E+05 2.3661E-03
 6.3379E+05 3.2317E-03 6.3400E+05 4.6856E-03 6.3408E+05 5.3948E-03
 6.3415E+05 6.2736E-03 6.3422E+05 7.3738E-03 6.3430E+05 8.7733E-03
 6.3433E+05 9.6213E-03 6.3441E+05 1.1691E-02 6.3444E+05 1.2951E-02
 6.3451E+05 1.6046E-02 6.3455E+05 1.7934E-02 6.3463E+05 2.2653E-02
 6.3478E+05 3.4763E-02 6.3482E+05 3.7345E-02 6.3486E+05 3.9162E-02
 6.3490E+05 3.9944E-02 6.3494E+05 3.9579E-02 6.3498E+05 3.8149E-02
 6.3502E+05 3.5889E-02 6.3517E+05 2.4754E-02 6.3521E+05 2.2414E-02
 6.3526E+05 2.0058E-02 6.3530E+05 1.8153E-02 6.3535E+05 1.6669E-02
 6.3540E+05 1.5577E-02 6.3544E+05 1.4847E-02 6.3554E+05 1.4444E-02
 6.3558E+05 1.4802E-02 6.3563E+05 1.5604E-02 6.3568E+05 1.6929E-02
 6.3574E+05 2.0328E-02 6.3577E+05 2.1980E-02 6.3581E+05 2.6399E-02
 6.3584E+05 2.9321E-02 6.3586E+05 3.2861E-02 6.3588E+05 3.7173E-02
 6.3591E+05 4.2377E-02 6.3593E+05 4.8653E-02 6.3595E+05 5.6128E-02
 6.3597E+05 6.3041E-02 6.3604E+05 9.5607E-02 6.3606E+05 1.0257E-01
 6.3608E+05 1.0747E-01 6.3610E+05 1.0960E-01 6.3612E+05 1.0859E-01
 6.3614E+05 1.0459E-01 6.3616E+05 9.8138E-02 6.3623E+05 6.5170E-02
 6.3625E+05 5.7771E-02 6.3627E+05 4.9175E-02 6.3630E+05 4.2000E-02
 6.3632E+05 3.6047E-02 6.3635E+05 3.1164E-02 6.3637E+05 2.7122E-02
 6.3640E+05 2.3788E-02 6.3644E+05 1.8680E-02 6.3647E+05 1.6705E-02
 6.3652E+05 1.3594E-02 6.3654E+05 1.2373E-02 6.3659E+05 1.0374E-02
 6.3664E+05 8.8265E-03 6.3669E+05 7.6097E-03 6.3679E+05 5.8487E-03
 6.3694E+05 4.2092E-03 6.3723E+05 2.5226E-03 6.3763E+05 1.5296E-03
 6.3822E+05 8.8418E-04 6.3861E+05 6.6439E-04 6.3980E+05 3.4754E-04
 6.4098E+05 2.1823E-04 6.4334E+05 1.1412E-04 6.4571E+05 7.3666E-05
 6.4886E+05 4.9425E-05 6.5517E+05 3.1648E-05 6.6463E+05 2.5827E-05
 6.7409E+05 3.1170E-05 6.7724E+05 3.7971E-05 6.8040E+05 5.5090E-05
 6.8276E+05 9.7603E-05 6.8355E+05 1.3454E-04 6.8434E+05 2.1090E-04
 6.8473E+05 2.8499E-04 6.8532E+05 5.2425E-04 6.8552E+05 6.8580E-04
 6.8592E+05 1.3846E-03 6.8601E+05 1.7370E-03 6.8621E+05 3.0279E-03
 6.8631E+05 4.2961E-03 6.8636E+05 5.2579E-03 6.8641E+05 6.5796E-03
 6.8646E+05 8.4600E-03 6.8651E+05 1.1196E-02 6.8656E+05 1.5460E-02
 6.8658E+05 1.8529E-02 6.8660E+05 2.2529E-02 6.8663E+05 2.7841E-02
 6.8665E+05 3.4849E-02 6.8667E+05 3.9201E-02 6.8668E+05 4.4281E-02
 6.8670E+05 5.6899E-02 6.8672E+05 6.4371E-02 6.8676E+05 9.8463E-02
 6.8678E+05 1.0544E-01 6.8679E+05 1.1028E-01 6.8680E+05 1.1224E-01
 6.8681E+05 1.1105E-01 6.8682E+05 1.0687E-01 6.8684E+05 1.0031E-01
 6.8688E+05 6.6460E-02 6.8690E+05 5.8786E-02 6.8691E+05 5.1806E-02
 6.8693E+05 4.0481E-02 6.8695E+05 3.5991E-02 6.8697E+05 2.8722E-02
 6.8699E+05 2.3253E-02 6.8702E+05 1.9100E-02 6.8704E+05 1.5916E-02
 6.8707E+05 1.3438E-02 6.8712E+05 9.9171E-03 6.8714E+05 8.6583E-03
 6.8719E+05 6.7535E-03 6.8724E+05 5.3935E-03 6.8739E+05 3.1050E-03
 6.8758E+05 1.7842E-03 6.8768E+05 1.4247E-03 6.8807E+05 7.1452E-04
 6.8827E+05 5.5181E-04 6.8885E+05 3.1546E-04 6.8925E+05 2.4639E-04
 6.9003E+05 1.8717E-04 6.9081E+05 1.8513E-04 6.9160E+05 2.5631E-04
 6.9199E+05 3.7226E-04 6.9238E+05 7.0089E-04 6.9257E+05 1.1399E-03
 6.9267E+05 1.5661E-03 6.9277E+05 2.3249E-03 6.9287E+05 3.8233E-03
 6.9297E+05 7.5890E-03 6.9302E+05 1.1921E-02 6.9304E+05 1.5623E-02
 6.9306E+05 2.1460E-02 6.9309E+05 3.0974E-02 6.9310E+05 3.8152E-02
 6.9311E+05 4.8111E-02 6.9313E+05 6.2273E-02 6.9314E+05 8.2283E-02
 6.9315E+05 1.1064E-01 6.9316E+05 1.4914E-01 6.9318E+05 2.2019E-01
 6.9319E+05 2.4721E-01 6.9320E+05 2.5482E-01 6.9320E+05 2.5730E-01
 6.9320E+05 2.5449E-01 6.9321E+05 2.4678E-01 6.9322E+05 2.1947E-01
 6.9324E+05 1.4840E-01 6.9324E+05 1.2827E-01 6.9325E+05 1.1061E-01
 6.9326E+05 8.2842E-02 6.9327E+05 6.2942E-02 6.9329E+05 4.8979E-02
 6.9330E+05 3.8925E-02 6.9331E+05 3.1702E-02 6.9333E+05 2.2101E-02
 6.9336E+05 1.6125E-02 6.9338E+05 1.2265E-02 6.9341E+05 9.6406E-03
 6.9343E+05 7.8160E-03 6.9352E+05 3.9892E-03 6.9362E+05 2.4315E-03
 6.9372E+05 1.6392E-03 6.9381E+05 1.1941E-03 6.9400E+05 7.3304E-04
 6.9438E+05 3.8810E-04 6.9477E+05 2.6711E-04 6.9515E+05 2.1402E-04
 6.9629E+05 1.8662E-04 6.9706E+05 2.3218E-04 6.9744E+05 2.8580E-04
 6.9801E+05 4.6280E-04 6.9849E+05 8.8865E-04 6.9877E+05 1.6047E-03
 6.9892E+05 2.3659E-03 6.9897E+05 2.7496E-03 6.9906E+05 3.8628E-03
 6.9911E+05 4.6862E-03 6.9918E+05 6.4675E-03 6.9920E+05 7.2881E-03
 6.9925E+05 9.4214E-03 6.9928E+05 1.0818E-02 6.9930E+05 1.2492E-02
 6.9932E+05 1.4519E-02 6.9935E+05 1.6939E-02 6.9937E+05 1.9211E-02
 6.9939E+05 2.1799E-02 6.9940E+05 2.4689E-02 6.9946E+05 3.4001E-02
 6.9948E+05 3.6615E-02 6.9950E+05 3.8428E-02 6.9952E+05 3.9183E-02
 6.9954E+05 3.8743E-02 6.9956E+05 3.7182E-02 6.9958E+05 3.4756E-02
 6.9965E+05 2.2585E-02 6.9967E+05 1.9895E-02 6.9969E+05 1.7553E-02
 6.9973E+05 1.3743E-02 6.9975E+05 1.2209E-02 6.9978E+05 9.7609E-03
 6.9984E+05 7.2054E-03 6.9988E+05 5.9860E-03 6.9992E+05 5.0395E-03
 6.9996E+05 4.2973E-03 6.9999E+05 3.7037E-03 7.0007E+05 2.8324E-03
 7.0011E+05 2.5112E-03 7.0026E+05 1.6491E-03 7.0041E+05 1.1714E-03
 7.0071E+05 6.9454E-04 7.0117E+05 4.0481E-04 7.0207E+05 2.1888E-04
 7.0329E+05 1.5272E-04 7.0510E+05 1.3373E-04 7.0813E+05 1.6047E-04
 7.1116E+05 2.4392E-04 7.1297E+05 3.4623E-04 7.1479E+05 5.4024E-04
 7.1540E+05 6.4366E-04 7.1631E+05 8.6416E-04 7.1661E+05 9.6249E-04
 7.1721E+05 1.2136E-03 7.1752E+05 1.3747E-03 7.1782E+05 1.5666E-03
 7.1812E+05 1.7963E-03 7.1842E+05 2.0718E-03 7.1873E+05 2.4024E-03
 7.1903E+05 2.7968E-03 7.1928E+05 3.1698E-03 7.1952E+05 3.5907E-03
 7.2075E+05 5.9459E-03 7.2100E+05 6.3023E-03 7.2131E+05 6.8320E-03
 7.2142E+05 7.1636E-03 7.2149E+05 7.5091E-03 7.2156E+05 8.0148E-03
 7.2163E+05 8.7300E-03 7.2170E+05 9.6143E-03 7.2177E+05 1.0381E-02
 7.2181E+05 1.0549E-02 7.2184E+05 1.0492E-02 7.2188E+05 1.0231E-02
 7.2191E+05 9.8311E-03 7.2204E+05 8.2605E-03 7.2216E+05 7.4809E-03
 7.2227E+05 7.3078E-03 7.2245E+05 8.1596E-03 7.2257E+05 1.0008E-02
 7.2265E+05 1.2921E-02 7.2271E+05 1.6512E-02 7.2274E+05 1.9206E-02
 7.2280E+05 2.7855E-02 7.2284E+05 3.9728E-02 7.2286E+05 4.5512E-02
 7.2289E+05 6.1287E-02 7.2290E+05 7.1916E-02 7.2292E+05 8.4764E-02
 7.2294E+05 1.1407E-01 7.2297E+05 1.4580E-01 7.2298E+05 1.5955E-01
 7.2300E+05 1.6612E-01 7.2301E+05 1.6529E-01 7.2302E+05 1.6016E-01
 7.2303E+05 1.5141E-01 7.2307E+05 1.0272E-01 7.2308E+05 9.1318E-02
 7.2310E+05 7.6439E-02 7.2311E+05 6.4264E-02 7.2313E+05 5.4331E-02
 7.2316E+05 3.9924E-02 7.2319E+05 3.0452E-02 7.2321E+05 2.6994E-02
 7.2327E+05 1.7799E-02 7.2336E+05 1.1172E-02 7.2352E+05 6.6868E-03
 7.2364E+05 5.0501E-03 7.2395E+05 3.2050E-03 7.2433E+05 2.2763E-03
 7.2470E+05 1.7724E-03 7.2507E+05 1.4445E-03 7.2582E+05 1.0316E-03
 7.2657E+05 7.8122E-04 7.2756E+05 5.7197E-04 7.2856E+05 4.3959E-04
 7.3005E+05 3.1757E-04 7.3154E+05 2.4615E-04 7.3303E+05 2.0500E-04
 7.3453E+05 1.8904E-04 7.3602E+05 2.1527E-04 7.3701E+05 3.1192E-04
 7.3751E+05 4.5221E-04 7.3801E+05 8.3324E-04 7.3813E+05 1.0303E-03
 7.3838E+05 1.7752E-03 7.3851E+05 2.5261E-03 7.3863E+05 3.9213E-03
 7.3869E+05 5.1170E-03 7.3875E+05 6.9224E-03 7.3878E+05 8.1983E-03
 7.3882E+05 9.8813E-03 7.3885E+05 1.2119E-02 7.3888E+05 1.5163E-02
 7.3891E+05 1.9344E-02 7.3892E+05 2.2047E-02 7.3894E+05 2.5303E-02
 7.3896E+05 2.9258E-02 7.3897E+05 3.3991E-02 7.3899E+05 3.9666E-02
 7.3900E+05 4.6391E-02 7.3901E+05 5.2451E-02 7.3906E+05 8.0095E-02
 7.3908E+05 8.5782E-02 7.3909E+05 8.9684E-02 7.3910E+05 9.1254E-02
 7.3911E+05 9.0285E-02 7.3912E+05 8.6897E-02 7.3914E+05 8.1578E-02
 7.3920E+05 4.7848E-02 7.3921E+05 4.2497E-02 7.3922E+05 3.7848E-02
 7.3924E+05 3.0203E-02 7.3927E+05 2.4350E-02 7.3929E+05 1.9901E-02
 7.3931E+05 1.6479E-02 7.3934E+05 1.3837E-02 7.3936E+05 1.1760E-02
 7.3938E+05 1.0128E-02 7.3943E+05 7.7078E-03 7.3948E+05 6.0357E-03
 7.3952E+05 4.8497E-03 7.3962E+05 3.3308E-03 7.3985E+05 1.6542E-03
 7.4013E+05 9.2305E-04 7.4031E+05 6.8493E-04 7.4068E+05 4.3410E-04
 7.4106E+05 3.1096E-04 7.4180E+05 1.9705E-04 7.4366E+05 1.1066E-04
 7.5109E+05 6.4770E-05 7.5555E+05 7.5627E-05 7.5778E+05 9.8235E-05
 7.6038E+05 1.8289E-04 7.6112E+05 2.4403E-04 7.6168E+05 3.1910E-04
 7.6224E+05 4.4370E-04 7.6242E+05 5.0386E-04 7.6279E+05 6.7129E-04
 7.6314E+05 9.2620E-04 7.6331E+05 1.1014E-03 7.6356E+05 1.4791E-03
 7.6364E+05 1.6503E-03 7.6380E+05 2.0986E-03 7.6389E+05 2.3970E-03
 7.6405E+05 3.2302E-03 7.6413E+05 3.8280E-03 7.6426E+05 5.1196E-03
 7.6430E+05 5.7088E-03 7.6440E+05 7.7497E-03 7.6446E+05 9.2078E-03
 7.6451E+05 1.1121E-02 7.6456E+05 1.3706E-02 7.6459E+05 1.5328E-02
 7.6464E+05 1.9472E-02 7.6466E+05 2.2110E-02 7.6471E+05 2.8823E-02
 7.6474E+05 3.2527E-02 7.6483E+05 5.0232E-02 7.6485E+05 5.4146E-02
 7.6488E+05 5.7037E-02 7.6490E+05 5.8456E-02 7.6492E+05 5.8183E-02
 7.6495E+05 5.6255E-02 7.6497E+05 5.2981E-02 7.6506E+05 3.5321E-02
 7.6509E+05 3.1315E-02 7.6512E+05 2.6301E-02 7.6515E+05 2.2171E-02
 7.6519E+05 1.8814E-02 7.6525E+05 1.3882E-02 7.6532E+05 1.0598E-02
 7.6542E+05 7.4784E-03 7.6562E+05 4.3145E-03 7.6586E+05 2.6356E-03
 7.6602E+05 2.0189E-03 7.6626E+05 1.4396E-03 7.6650E+05 1.0822E-03
 7.6674E+05 8.4631E-04 7.6706E+05 6.3807E-04 7.6754E+05 4.4907E-04
 7.6801E+05 3.3699E-04 7.6849E+05 2.6533E-04 7.6913E+05 2.0413E-04
 7.7009E+05 1.5067E-04 7.7105E+05 1.2028E-04 7.7264E+05 9.3240E-05
 7.7456E+05 7.8631E-05 7.7711E+05 7.3308E-05 7.8094E+05 9.1489E-05
 7.8285E+05 1.4071E-04 7.8349E+05 1.8506E-04 7.8413E+05 2.7814E-04
 7.8445E+05 3.6956E-04 7.8476E+05 5.3438E-04 7.8508E+05 8.7521E-04
 7.8524E+05 1.2042E-03 7.8540E+05 1.7870E-03 7.8556E+05 2.9435E-03
 7.8564E+05 4.0160E-03 7.8576E+05 7.1784E-03 7.8580E+05 9.1472E-03
 7.8584E+05 1.2049E-02 7.8588E+05 1.6552E-02 7.8592E+05 2.3858E-02
 7.8594E+05 2.9386E-02 7.8596E+05 3.7087E-02 7.8598E+05 4.8011E-02
 7.8600E+05 6.3561E-02 7.8601E+05 7.3910E-02 7.8602E+05 8.6386E-02
 7.8603E+05 1.0161E-01 7.8604E+05 1.1947E-01 7.8607E+05 1.8454E-01
 7.8609E+05 2.1291E-01 7.8609E+05 2.2171E-01 7.8610E+05 2.2547E-01
 7.8611E+05 2.2364E-01 7.8611E+05 2.1649E-01 7.8612E+05 2.0492E-01
 7.8616E+05 1.2467E-01 7.8617E+05 1.0207E-01 7.8618E+05 8.3778E-02
 7.8620E+05 6.9115E-02 7.8621E+05 5.7644E-02 7.8622E+05 4.8531E-02
 7.8623E+05 4.1390E-02 7.8626E+05 3.0907E-02 7.8628E+05 2.3757E-02
 7.8631E+05 1.8774E-02 7.8636E+05 1.2572E-02 7.8640E+05 9.0030E-03
 7.8650E+05 5.2182E-03 7.8675E+05 2.0829E-03 7.8694E+05 1.2597E-03
 7.8714E+05 8.5222E-04 7.8734E+05 6.2464E-04 7.8773E+05 3.9165E-04
 7.8812E+05 2.8079E-04 7.8929E+05 1.6087E-04 7.9008E+05 1.3477E-04
 7.9243E+05 1.1489E-04 7.9556E+05 1.2740E-04 7.9870E+05 1.6174E-04
 8.0262E+05 2.4736E-04 8.0497E+05 3.4284E-04 8.0575E+05 3.8765E-04
 8.0732E+05 5.0766E-04 8.0811E+05 5.8867E-04 8.0889E+05 6.8917E-04
 8.0967E+05 8.1507E-04 8.1046E+05 9.7497E-04 8.1085E+05 1.0717E-03
 8.1159E+05 1.2983E-03 8.1247E+05 1.7072E-03 8.1282E+05 1.9882E-03
 8.1334E+05 2.9840E-03 8.1360E+05 4.7379E-03 8.1378E+05 8.6741E-03
 8.1387E+05 1.4343E-02 8.1389E+05 1.6815E-02 8.1393E+05 2.4695E-02
 8.1395E+05 3.1033E-02 8.1399E+05 4.6254E-02 8.1400E+05 5.3771E-02
 8.1402E+05 7.4849E-02 8.1403E+05 8.9234E-02 8.1404E+05 1.0671E-01
 8.1406E+05 1.3446E-01 8.1408E+05 1.7898E-01 8.1409E+05 1.9091E-01
 8.1409E+05 1.9963E-01 8.1410E+05 2.0393E-01 8.1411E+05 2.0341E-01
 8.1411E+05 1.9815E-01 8.1412E+05 1.8863E-01 8.1414E+05 1.4659E-01
 8.1416E+05 1.1746E-01 8.1417E+05 9.4243E-02 8.1419E+05 7.5804E-02
 8.1420E+05 6.1613E-02 8.1421E+05 5.0787E-02 8.1422E+05 4.3501E-02
 8.1424E+05 3.7774E-02 8.1426E+05 2.9378E-02 8.1428E+05 2.3630E-02
 8.1431E+05 1.9671E-02 8.1433E+05 1.6866E-02 8.1438E+05 1.3399E-02
 8.1445E+05 1.0763E-02 8.1449E+05 9.4272E-03 8.1454E+05 8.1149E-03
 8.1473E+05 4.7045E-03 8.1480E+05 4.1289E-03 8.1500E+05 3.2419E-03
 8.1528E+05 2.7866E-03 8.1570E+05 2.5196E-03 8.1626E+05 2.3431E-03
 8.1681E+05 2.1903E-03 8.1737E+05 2.0224E-03 8.1793E+05 1.8411E-03
 8.2016E+05 1.1810E-03 8.2109E+05 9.9949E-04 8.2202E+05 9.1253E-04
 8.2272E+05 1.0160E-03 8.2319E+05 1.4658E-03 8.2342E+05 2.2387E-03
 8.2360E+05 3.8445E-03 8.2366E+05 4.9141E-03 8.2371E+05 6.5923E-03
 8.2374E+05 7.8117E-03 8.2377E+05 9.4038E-03 8.2380E+05 1.1530E-02
 8.2385E+05 1.6125E-02 8.2386E+05 1.8190E-02 8.2389E+05 2.3376E-02
 8.2390E+05 2.6382E-02 8.2396E+05 4.0297E-02 8.2397E+05 4.3245E-02
 8.2399E+05 4.5335E-02 8.2400E+05 4.6270E-02 8.2401E+05 4.5922E-02
 8.2403E+05 4.4327E-02 8.2404E+05 4.1712E-02 8.2411E+05 2.4741E-02
 8.2413E+05 2.1590E-02 8.2416E+05 1.6583E-02 8.2417E+05 1.4640E-02
 8.2420E+05 1.1562E-02 8.2424E+05 9.3006E-03 8.2430E+05 6.3694E-03
 8.2433E+05 5.4038E-03 8.2442E+05 3.5917E-03 8.2461E+05 2.0089E-03
 8.2473E+05 1.5334E-03 8.2498E+05 1.0466E-03 8.2535E+05 7.3996E-04
 8.2610E+05 5.1345E-04 8.2709E+05 3.9949E-04 8.2858E+05 3.3051E-04
 8.2908E+05 3.2444E-04 8.3057E+05 4.3402E-04 8.3082E+05 5.1668E-04
 8.3107E+05 6.7192E-04 8.3131E+05 1.0007E-03 8.3156E+05 1.8996E-03
 8.3169E+05 3.0532E-03 8.3181E+05 6.0007E-03 8.3187E+05 9.4605E-03
 8.3190E+05 1.2477E-02 8.3193E+05 1.7330E-02 8.3197E+05 2.5430E-02
 8.3198E+05 3.1713E-02 8.3200E+05 4.0708E-02 8.3201E+05 5.3810E-02
 8.3203E+05 7.3352E-02 8.3204E+05 8.6781E-02 8.3204E+05 1.0316E-01
 8.3205E+05 1.2338E-01 8.3206E+05 1.4705E-01 8.3208E+05 2.2029E-01
 8.3209E+05 2.5076E-01 8.3209E+05 2.6039E-01 8.3210E+05 2.6516E-01
 8.3211E+05 2.6454E-01 8.3211E+05 2.5862E-01 8.3212E+05 2.4798E-01
 8.3212E+05 2.3358E-01 8.3213E+05 1.9774E-01 8.3214E+05 1.6064E-01
 8.3215E+05 1.3430E-01 8.3216E+05 1.1177E-01 8.3216E+05 9.3227E-02
 8.3217E+05 7.8419E-02 8.3219E+05 5.6617E-02 8.3220E+05 4.2307E-02
 8.3222E+05 3.2571E-02 8.3224E+05 2.5910E-02 8.3227E+05 1.7448E-02
 8.3230E+05 1.2436E-02 8.3233E+05 9.3689E-03 8.3240E+05 5.8898E-03
 8.3246E+05 4.0292E-03 8.3252E+05 2.9615E-03 8.3265E+05 1.8265E-03
 8.3278E+05 1.2603E-03 8.3291E+05 9.4394E-04 8.3316E+05 6.1838E-04
 8.3367E+05 3.7164E-04 8.3469E+05 2.3352E-04 8.3622E+05 1.7808E-04
 8.3826E+05 1.5616E-04 8.3928E+05 1.5378E-04 8.4285E+05 1.8483E-04
 8.4387E+05 2.1160E-04 8.4540E+05 2.8497E-04 8.4642E+05 3.7578E-04
 8.4719E+05 4.8581E-04 8.4770E+05 5.9112E-04 8.4795E+05 6.5677E-04
 8.4846E+05 8.2051E-04 8.4872E+05 9.2052E-04 8.4897E+05 1.0330E-03
 8.4948E+05 1.2858E-03 8.4999E+05 1.5310E-03 8.5025E+05 1.6214E-03
 8.5050E+05 1.6720E-03 8.5075E+05 1.6747E-03 8.5101E+05 1.6291E-03
 8.5126E+05 1.5433E-03 8.5152E+05 1.4304E-03 8.5279E+05 8.4903E-04
 8.5354E+05 6.2997E-04 8.5430E+05 4.9548E-04 8.5506E+05 4.1852E-04
 8.5606E+05 3.7957E-04 8.5707E+05 4.0989E-04 8.5833E+05 6.2780E-04
 8.5883E+05 8.5971E-04 8.5921E+05 1.1757E-03 8.5959E+05 1.7584E-03
 8.5990E+05 2.6956E-03 8.6003E+05 3.2981E-03 8.6022E+05 4.6475E-03
 8.6028E+05 5.2733E-03 8.6041E+05 6.9156E-03 8.6047E+05 7.9894E-03
 8.6053E+05 9.2754E-03 8.6059E+05 1.0801E-02 8.6064E+05 1.2221E-02
 8.6085E+05 1.8948E-02 8.6090E+05 2.0401E-02 8.6095E+05 2.1429E-02
 8.6100E+05 2.1874E-02 8.6105E+05 2.1661E-02 8.6110E+05 2.0827E-02
 8.6115E+05 1.9500E-02 8.6136E+05 1.2775E-02 8.6141E+05 1.1292E-02
 8.6147E+05 9.6870E-03 8.6153E+05 8.3294E-03 8.6160E+05 7.1943E-03
 8.6166E+05 6.2485E-03 8.6178E+05 4.8004E-03 8.6191E+05 3.7780E-03
 8.6210E+05 2.7475E-03 8.6242E+05 1.7665E-03 8.6279E+05 1.1550E-03
 8.6305E+05 9.1201E-04 8.6368E+05 5.6694E-04 8.6443E+05 3.7019E-04
 8.6544E+05 2.4405E-04 8.6645E+05 1.7932E-04 8.6847E+05 1.1767E-04
 8.7150E+05 8.3416E-05 8.7352E+05 7.7471E-05 8.7579E+05 9.9414E-05
 8.7655E+05 1.4741E-04 8.7680E+05 1.8848E-04 8.7705E+05 2.6950E-04
 8.7731E+05 4.5996E-04 8.7743E+05 6.6559E-04 8.7749E+05 8.3134E-04
 8.7756E+05 1.0686E-03 8.7759E+05 1.2188E-03 8.7762E+05 1.4037E-03
 8.7765E+05 1.6292E-03 8.7768E+05 1.9034E-03 8.7771E+05 2.2372E-03
 8.7774E+05 2.6351E-03 8.7777E+05 3.0981E-03 8.7780E+05 3.6044E-03
 8.7783E+05 4.1104E-03 8.7786E+05 4.5355E-03 8.7791E+05 4.8346E-03
 8.7794E+05 4.7126E-03 8.7795E+05 4.5606E-03 8.7798E+05 4.1370E-03
 8.7801E+05 3.6332E-03 8.7804E+05 3.1333E-03 8.7811E+05 2.1739E-03
 8.7818E+05 1.5221E-03 8.7821E+05 1.2927E-03 8.7828E+05 9.6169E-04
 8.7832E+05 8.4293E-04 8.7838E+05 6.6349E-04 8.7845E+05 5.3736E-04
 8.7859E+05 3.7988E-04 8.7879E+05 2.5939E-04 8.7913E+05 1.7383E-04
 8.7954E+05 1.3382E-04 8.7995E+05 1.1749E-04 8.8077E+05 1.1005E-04
 8.8186E+05 1.2351E-04 8.8241E+05 1.3828E-04 8.8331E+05 1.7769E-04
 8.8361E+05 1.9620E-04 8.8420E+05 2.4259E-04 8.8480E+05 2.9828E-04
 8.8545E+05 3.5222E-04 8.8567E+05 3.6363E-04 8.8589E+05 3.7072E-04
 8.8611E+05 3.7370E-04 8.8632E+05 3.7323E-04 8.8654E+05 3.7025E-04
 8.8676E+05 3.6561E-04 8.8719E+05 3.5353E-04 8.8769E+05 3.3554E-04
 8.8820E+05 3.1128E-04 8.8854E+05 2.9083E-04 8.8889E+05 2.6803E-04
 8.8923E+05 2.4425E-04 8.8957E+05 2.2085E-04 8.8992E+05 1.9885E-04
 8.9026E+05 1.7884E-04 8.9095E+05 1.4550E-04 8.9216E+05 1.0550E-04
 8.9398E+05 7.3647E-05 8.9581E+05 5.8248E-05 8.9945E+05 4.7764E-05
 9.0371E+05 5.6980E-05 9.0492E+05 6.6938E-05 9.0674E+05 1.0019E-04
 9.0826E+05 1.8149E-04 9.0917E+05 3.2500E-04 9.0978E+05 5.8559E-04
 9.1009E+05 8.9994E-04 9.1031E+05 1.4252E-03 9.1039E+05 1.7467E-03
 9.1044E+05 2.0529E-03 9.1049E+05 2.4488E-03 9.1052E+05 2.6821E-03
 9.1055E+05 2.9379E-03 9.1057E+05 3.2034E-03 9.1060E+05 3.4545E-03
 9.1065E+05 3.8511E-03 9.1068E+05 3.9552E-03 9.1071E+05 3.9815E-03
 9.1073E+05 3.9513E-03 9.1076E+05 3.8920E-03 9.1081E+05 3.7996E-03
 9.1097E+05 4.3054E-03 9.1105E+05 5.1830E-03 9.1114E+05 6.6996E-03
 9.1118E+05 7.8016E-03 9.1122E+05 9.2309E-03 9.1126E+05 1.1114E-02
 9.1130E+05 1.3638E-02 9.1134E+05 1.7036E-02 9.1136E+05 1.9185E-02
 9.1138E+05 2.1757E-02 9.1142E+05 2.8447E-02 9.1144E+05 3.2754E-02
 9.1148E+05 4.2816E-02 9.1157E+05 7.2421E-02 9.1158E+05 7.6743E-02
 9.1160E+05 7.9094E-02 9.1162E+05 7.9189E-02 9.1163E+05 7.7010E-02
 9.1165E+05 7.2900E-02 9.1174E+05 4.3226E-02 9.1176E+05 3.8324E-02
 9.1179E+05 3.0216E-02 9.1181E+05 2.6956E-02 9.1184E+05 2.1646E-02
 9.1187E+05 1.7606E-02 9.1191E+05 1.4518E-02 9.1194E+05 1.2137E-02
 9.1197E+05 1.0274E-02 9.1204E+05 7.6107E-03 9.1207E+05 6.6538E-03
 9.1214E+05 5.2018E-03 9.1221E+05 4.1643E-03 9.1228E+05 3.4092E-03
 9.1241E+05 2.4099E-03 9.1268E+05 1.3929E-03 9.1308E+05 7.6626E-04
 9.1335E+05 5.6591E-04 9.1389E+05 3.5687E-04 9.1442E+05 2.5852E-04
 9.1550E+05 1.8133E-04 9.1604E+05 1.7143E-04 9.1765E+05 2.3337E-04
 9.1845E+05 3.8070E-04 9.1872E+05 4.8300E-04 9.1926E+05 9.2293E-04
 9.1966E+05 1.9195E-03 9.1986E+05 3.2006E-03 9.1993E+05 3.9266E-03
 9.2000E+05 4.9267E-03 9.2007E+05 6.3272E-03 9.2013E+05 8.3898E-03
 9.2017E+05 9.8010E-03 9.2020E+05 1.1557E-02 9.2023E+05 1.3774E-02
 9.2027E+05 1.6571E-02 9.2030E+05 2.0122E-02 9.2033E+05 2.4531E-02
 9.2035E+05 2.7750E-02 9.2044E+05 4.2876E-02 9.2046E+05 4.6097E-02
 9.2048E+05 4.8375E-02 9.2050E+05 4.9361E-02 9.2052E+05 4.8907E-02
 9.2054E+05 4.7088E-02 9.2056E+05 4.4148E-02 9.2067E+05 2.5701E-02
 9.2069E+05 2.2217E-02 9.2071E+05 1.9236E-02 9.2074E+05 1.6714E-02
 9.2076E+05 1.4599E-02 9.2081E+05 1.1322E-02 9.2086E+05 8.9763E-03
 9.2091E+05 7.2376E-03 9.2096E+05 5.9439E-03 9.2106E+05 4.1958E-03
 9.2110E+05 3.5922E-03 9.2125E+05 2.4014E-03 9.2135E+05 1.9049E-03
 9.2154E+05 1.2853E-03 9.2184E+05 8.0664E-04 9.2203E+05 6.2487E-04
 9.2262E+05 3.4706E-04 9.2301E+05 2.5864E-04 9.2378E+05 1.6725E-04
 9.2534E+05 1.0630E-04 9.2573E+05 1.0605E-04 9.2612E+05 1.2016E-04
 9.2632E+05 1.4224E-04 9.2651E+05 1.9717E-04 9.2661E+05 2.5824E-04
 9.2671E+05 3.8109E-04 9.2681E+05 6.6547E-04 9.2686E+05 9.7151E-04
 9.2690E+05 1.5371E-03 9.2693E+05 1.9880E-03 9.2695E+05 2.6129E-03
 9.2698E+05 3.3973E-03 9.2700E+05 4.1998E-03 9.2702E+05 4.7108E-03
 9.2705E+05 4.6477E-03 9.2706E+05 4.3966E-03 9.2707E+05 4.0391E-03
 9.2710E+05 3.2119E-03 9.2713E+05 2.2793E-03 9.2716E+05 1.6181E-03
 9.2719E+05 1.1831E-03 9.2722E+05 9.0266E-04 9.2728E+05 5.7626E-04
 9.2734E+05 4.0244E-04 9.2746E+05 2.4215E-04 9.2759E+05 1.7325E-04
 9.2783E+05 1.1550E-04 9.2808E+05 9.2611E-05 9.2881E+05 6.9680E-05
 9.3102E+05 5.9754E-05 9.3494E+05 7.8077E-05 9.3789E+05 1.3105E-04
 9.3936E+05 1.9477E-04 9.4010E+05 2.4910E-04 9.4083E+05 3.3192E-04
 9.4157E+05 4.6442E-04 9.4181E+05 5.2573E-04 9.4206E+05 5.9888E-04
 9.4230E+05 6.8627E-04 9.4255E+05 7.9070E-04 9.4279E+05 9.1466E-04
 9.4299E+05 1.0322E-03 9.4319E+05 1.1640E-03 9.4340E+05 1.3083E-03
 9.4360E+05 1.4598E-03 9.4400E+05 1.7467E-03 9.4420E+05 1.8533E-03
 9.4440E+05 1.9149E-03 9.4460E+05 1.9227E-03 9.4480E+05 1.8774E-03
 9.4500E+05 1.7887E-03 9.4520E+05 1.6726E-03 9.4561E+05 1.4217E-03
 9.4614E+05 1.1767E-03 9.4640E+05 1.1292E-03 9.4653E+05 1.1308E-03
 9.4669E+05 1.1604E-03 9.4684E+05 1.2266E-03 9.4700E+05 1.3347E-03
 9.4708E+05 1.4038E-03 9.4715E+05 1.4805E-03 9.4720E+05 1.5263E-03
 9.4737E+05 1.6863E-03 9.4753E+05 1.8015E-03 9.4778E+05 1.9745E-03
 9.4787E+05 2.0707E-03 9.4799E+05 2.2557E-03 9.4809E+05 2.3970E-03
 9.4818E+05 2.5014E-03 9.4827E+05 2.5348E-03 9.4837E+05 2.4913E-03
 9.4846E+05 2.3989E-03 9.4855E+05 2.3028E-03 9.4865E+05 2.2448E-03
 9.4883E+05 2.3721E-03 9.4898E+05 2.8159E-03 9.4907E+05 3.4101E-03
 9.4912E+05 3.8474E-03 9.4921E+05 5.1699E-03 9.4926E+05 6.1679E-03
 9.4931E+05 7.4828E-03 9.4933E+05 8.2933E-03 9.4938E+05 1.0329E-02
 9.4940E+05 1.1572E-02 9.4943E+05 1.3023E-02 9.4945E+05 1.4634E-02
 9.4950E+05 1.8078E-02 9.4958E+05 2.2095E-02 9.4960E+05 2.2454E-02
 9.4962E+05 2.2160E-02 9.4965E+05 2.1262E-02 9.4967E+05 1.9899E-02
 9.4970E+05 1.8251E-02 9.4975E+05 1.4756E-02 9.4984E+05 9.2773E-03
 9.4989E+05 7.4592E-03 9.4998E+05 5.0252E-03 9.5003E+05 4.2136E-03
 9.5012E+05 3.0813E-03 9.5021E+05 2.3549E-03 9.5044E+05 1.3876E-03
 9.5072E+05 8.7281E-04 9.5100E+05 6.1612E-04 9.5128E+05 4.6830E-04
 9.5183E+05 3.0882E-04 9.5239E+05 2.2685E-04 9.5313E+05 1.6558E-04
 9.5387E+05 1.2925E-04 9.5498E+05 9.6398E-05 9.5646E+05 7.1478E-05
 9.5868E+05 5.1516E-05 9.6164E+05 3.8585E-05 9.6608E+05 3.2284E-05
 9.6978E+05 4.0537E-05 9.7126E+05 5.7423E-05 9.7163E+05 6.5897E-05
 9.7274E+05 1.2390E-04 9.7311E+05 1.7078E-04 9.7348E+05 2.5714E-04
 9.7358E+05 2.9368E-04 9.7379E+05 3.9473E-04 9.7389E+05 4.6456E-04
 9.7399E+05 5.5212E-04 9.7409E+05 6.6133E-04 9.7420E+05 7.9571E-04
 9.7430E+05 9.5485E-04 9.7440E+05 1.1303E-03 9.7461E+05 1.4217E-03
 9.7471E+05 1.4589E-03 9.7476E+05 1.4386E-03 9.7481E+05 1.3946E-03
 9.7487E+05 1.3311E-03 9.7492E+05 1.2537E-03 9.7502E+05 1.0793E-03
 9.7537E+05 5.8509E-04 9.7562E+05 3.9166E-04 9.7574E+05 3.2740E-04
 9.7599E+05 2.3880E-04 9.7623E+05 1.8328E-04 9.7660E+05 1.3321E-04
 9.7709E+05 9.7433E-05 9.7783E+05 7.2282E-05 9.7907E+05 5.9660E-05
 9.8104E+05 7.6471E-05 9.8227E+05 1.2827E-04 9.8288E+05 1.9272E-04
 9.8316E+05 2.4021E-04 9.8331E+05 2.7397E-04 9.8346E+05 3.1483E-04
 9.8360E+05 3.6421E-04 9.8375E+05 4.2343E-04 9.8390E+05 4.9324E-04
 9.8405E+05 5.7283E-04 9.8420E+05 6.5682E-04 9.8480E+05 8.3957E-04
 9.8495E+05 7.9815E-04 9.8509E+05 7.2622E-04 9.8524E+05 6.4169E-04
 9.8539E+05 5.5672E-04 9.8555E+05 4.7242E-04 9.8604E+05 2.9137E-04
 9.8653E+05 1.9273E-04 9.8701E+05 1.3798E-04 9.8734E+05 1.1477E-04
 9.8798E+05 8.5712E-05 9.8895E+05 6.4129E-05 9.8993E+05 5.4849E-05
 9.9090E+05 5.2118E-05 9.9187E+05 5.4294E-05 9.9316E+05 6.5927E-05
 9.9478E+05 1.0692E-04 9.9543E+05 1.3970E-04 9.9576E+05 1.6128E-04
 9.9624E+05 1.9971E-04 9.9648E+05 2.2028E-04 9.9673E+05 2.3996E-04
 9.9697E+05 2.5668E-04 9.9746E+05 2.7241E-04 9.9770E+05 2.6874E-04
 9.9794E+05 2.5776E-04 9.9819E+05 2.4127E-04 9.9843E+05 2.2156E-04
 9.9867E+05 2.0075E-04 9.9892E+05 1.8041E-04 9.9940E+05 1.4450E-04
 9.9964E+05 1.2954E-04 9.9973E+05 1.2113E-04 9.9991E+05 1.1941E-04
 9.9996E+05 1.1822E-04 9.9997E+05 1.1847E-04 9.9998E+05 1.2186E-04
 9.9999E+05 1.3255E-04 1.0000E+06 1.1106E-04 1.0000E+06 1.9261E-04
 1.0053E+06 2.6383E-04 1.0071E+06 2.8802E-04 1.0078E+06 2.9743E-04
 1.0100E+06 3.2700E-04 1.0101E+06 3.2703E-04 1.0182E+06 3.2973E-04
 1.0190E+06 3.3000E-04 1.0199E+06 3.3030E-04 1.0234E+06 3.3147E-04
 1.0244E+06 3.3180E-04 1.0258E+06 3.3227E-04 1.0270E+06 3.3267E-04
 1.0283E+06 3.3310E-04 1.0300E+06 3.3367E-04 1.0322E+06 3.3440E-04
 1.0332E+06 3.3473E-04 1.0344E+06 3.3513E-04 1.0356E+06 3.3553E-04
 1.0365E+06 3.3583E-04 1.0376E+06 3.3620E-04 1.0456E+06 3.3887E-04
 1.0470E+06 3.3933E-04 1.0476E+06 3.3953E-04 1.0485E+06 3.3983E-04
 1.0537E+06 3.4157E-04 1.0552E+06 3.4207E-04 1.0560E+06 3.4233E-04
 1.0571E+06 3.4270E-04 1.0580E+06 3.4300E-04 1.0587E+06 3.4323E-04
 1.0599E+06 3.4363E-04 1.0612E+06 3.4407E-04 1.0683E+06 3.4643E-04
 1.0710E+06 3.4733E-04 1.0734E+06 3.4813E-04 1.0759E+06 3.4897E-04
 1.0772E+06 3.4940E-04 1.0779E+06 3.4963E-04 1.0794E+06 3.5013E-04
 1.0814E+06 3.5080E-04 1.0823E+06 3.5110E-04 1.0841E+06 3.5170E-04
 1.0864E+06 3.5247E-04 1.0874E+06 3.5280E-04 1.0882E+06 3.5307E-04
 1.0891E+06 3.5337E-04 1.0902E+06 3.5373E-04 1.0912E+06 3.5407E-04
 1.0923E+06 3.5443E-04 1.1014E+06 3.5747E-04 1.1029E+06 3.5797E-04
 1.1045E+06 3.5850E-04 1.1077E+06 3.5957E-04 1.1095E+06 3.6017E-04
 1.1103E+06 3.6043E-04 1.1106E+06 3.6053E-04 1.1124E+06 3.6113E-04
 1.1142E+06 3.6173E-04 1.1164E+06 3.6247E-04 1.1177E+06 3.6290E-04
 1.1188E+06 3.6327E-04 1.1213E+06 3.6410E-04 1.1225E+06 3.6450E-04
 1.1235E+06 3.6483E-04 1.1241E+06 3.6503E-04 1.1256E+06 3.6553E-04
 1.1273E+06 3.6610E-04 1.1293E+06 3.6677E-04 1.1301E+06 3.6703E-04
 1.1310E+06 3.6733E-04 1.1355E+06 3.6883E-04 1.1364E+06 3.6913E-04
 1.1375E+06 3.6950E-04 1.1409E+06 3.7063E-04 1.1465E+06 3.7250E-04
 1.1476E+06 3.7287E-04 1.1489E+06 3.7330E-04 1.1500E+06 3.7367E-04
 1.1519E+06 3.7430E-04 1.1562E+06 3.7573E-04 1.1626E+06 3.7787E-04
 1.1637E+06 3.7823E-04 1.1649E+06 3.7863E-04 1.1718E+06 3.8093E-04
 1.1735E+06 3.8150E-04 1.1762E+06 3.8240E-04 1.1787E+06 3.8323E-04
 1.1819E+06 3.8430E-04 1.1849E+06 3.8530E-04 1.1862E+06 3.8573E-04
 1.1875E+06 3.8617E-04 1.1891E+06 3.8670E-04 1.1900E+06 3.8700E-04
 1.1907E+06 3.8723E-04 1.1940E+06 3.8833E-04 1.1974E+06 3.8947E-04
 1.1984E+06 3.8980E-04 1.1993E+06 3.9010E-04 1.2011E+06 3.9070E-04
 1.2044E+06 3.9180E-04 1.2052E+06 3.9207E-04 1.2061E+06 3.9237E-04
 1.2124E+06 3.9447E-04 1.2139E+06 3.9497E-04 1.2148E+06 3.9527E-04
 1.2167E+06 3.9590E-04 1.2230E+06 3.9800E-04 1.2238E+06 3.9827E-04
 1.2259E+06 3.9897E-04 1.2270E+06 3.9933E-04 1.2283E+06 3.9977E-04
 1.2300E+06 4.0033E-04 1.2310E+06 4.0067E-04 1.2323E+06 4.0110E-04
 1.2344E+06 4.0180E-04 1.2367E+06 4.0257E-04 1.2396E+06 4.0353E-04
 1.2458E+06 4.0560E-04 1.2475E+06 4.0617E-04 1.2493E+06 4.0677E-04
 1.2504E+06 4.0713E-04 1.2553E+06 4.0877E-04 1.2591E+06 4.1003E-04
 1.2604E+06 4.1047E-04 1.2700E+06 4.1367E-04 1.2732E+06 4.1473E-04
 1.2762E+06 4.1573E-04 1.2790E+06 4.1667E-04 1.2812E+06 4.1740E-04
 1.2836E+06 4.1820E-04 1.2848E+06 4.1860E-04 1.2867E+06 4.1923E-04
 1.2897E+06 4.2023E-04 1.2908E+06 4.2060E-04 1.2922E+06 4.2107E-04
 1.3046E+06 4.2520E-04 1.3064E+06 4.2580E-04 1.3102E+06 4.2707E-04
 1.3114E+06 4.2747E-04 1.3127E+06 4.2790E-04 1.3144E+06 4.2847E-04
 1.3198E+06 4.3027E-04 1.3228E+06 4.3127E-04 1.3239E+06 4.3163E-04
 1.3251E+06 4.3203E-04 1.3275E+06 4.3283E-04 1.3318E+06 4.3427E-04
 1.3382E+06 4.3640E-04 1.3393E+06 4.3677E-04 1.3408E+06 4.3727E-04
 1.3419E+06 4.3763E-04 1.3434E+06 4.3813E-04 1.3451E+06 4.3870E-04
 1.3469E+06 4.3930E-04 1.3480E+06 4.3967E-04 1.3495E+06 4.4017E-04
 1.3508E+06 4.4060E-04 1.3528E+06 4.4127E-04 1.3603E+06 4.4377E-04
 1.3625E+06 4.4450E-04 1.3656E+06 4.4553E-04 1.3678E+06 4.4627E-04
 1.3721E+06 4.4770E-04 1.3732E+06 4.4807E-04 1.3752E+06 4.4873E-04
 1.3799E+06 4.5030E-04 1.3895E+06 4.5350E-04 1.3936E+06 4.5487E-04
 1.3984E+06 4.5647E-04 1.4044E+06 4.5847E-04 1.4058E+06 4.5893E-04
 1.4072E+06 4.5940E-04 1.4098E+06 4.6027E-04 1.4116E+06 4.6087E-04
 1.4161E+06 4.6237E-04 1.4229E+06 4.6463E-04 1.4243E+06 4.6510E-04
 1.4260E+06 4.6567E-04 1.4274E+06 4.6613E-04 1.4291E+06 4.6670E-04
 1.4317E+06 4.6757E-04 1.4348E+06 4.6860E-04 1.4396E+06 4.7020E-04
 1.4406E+06 4.7053E-04 1.4428E+06 4.7127E-04 1.4478E+06 4.7293E-04
 1.4554E+06 4.7547E-04 1.4672E+06 4.7940E-04 1.4704E+06 4.8047E-04
 1.4752E+06 4.8207E-04 1.4789E+06 4.8330E-04 1.4822E+06 4.8440E-04
 1.4842E+06 4.8507E-04 1.4862E+06 4.8573E-04 1.4971E+06 4.8937E-04
 1.4992E+06 4.9007E-04 1.5005E+06 4.9050E-04 1.5020E+06 4.9100E-04
 1.5053E+06 4.9210E-04 1.5069E+06 4.9263E-04 1.5095E+06 4.9350E-04
 1.5128E+06 4.9460E-04 1.5139E+06 4.9497E-04 1.5149E+06 4.9530E-04
 1.5178E+06 4.9627E-04 1.5212E+06 4.9740E-04 1.5230E+06 4.9800E-04
 1.5246E+06 4.9853E-04 1.5277E+06 4.9957E-04 1.5296E+06 5.0020E-04
 1.5343E+06 5.0177E-04 1.5415E+06 5.0417E-04 1.5434E+06 5.0480E-04
 1.5463E+06 5.0577E-04 1.5509E+06 5.0730E-04 1.5512E+06 5.0740E-04
 1.5520E+06 5.0767E-04 1.5530E+06 5.0800E-04 1.5547E+06 5.0857E-04
 1.5576E+06 5.0953E-04 1.5625E+06 5.1117E-04 1.5642E+06 5.1173E-04
 1.5658E+06 5.1227E-04 1.5669E+06 5.1263E-04 1.5683E+06 5.1310E-04
 1.5696E+06 5.1353E-04 1.5726E+06 5.1453E-04 1.5765E+06 5.1583E-04
 1.5779E+06 5.1630E-04 1.5793E+06 5.1677E-04 1.5820E+06 5.1767E-04
 1.5837E+06 5.1823E-04 1.5851E+06 5.1870E-04 1.5879E+06 5.1963E-04
 1.5907E+06 5.2057E-04 1.5929E+06 5.2130E-04 1.5946E+06 5.2187E-04
 1.5963E+06 5.2243E-04 1.5994E+06 5.2347E-04 1.6019E+06 5.2430E-04
 1.6028E+06 5.2460E-04 1.6042E+06 5.2507E-04 1.6064E+06 5.2580E-04
 1.6076E+06 5.2620E-04 1.6090E+06 5.2667E-04 1.6136E+06 5.2820E-04
 1.6156E+06 5.2887E-04 1.6173E+06 5.2943E-04 1.6184E+06 5.2980E-04
 1.6204E+06 5.3047E-04 1.6248E+06 5.3193E-04 1.6265E+06 5.3250E-04
 1.6279E+06 5.3297E-04 1.6340E+06 5.3500E-04 1.6378E+06 5.3627E-04
 1.6390E+06 5.3667E-04 1.6410E+06 5.3733E-04 1.6425E+06 5.3783E-04
 1.6437E+06 5.3823E-04 1.6452E+06 5.3873E-04 1.6466E+06 5.3920E-04
 1.6493E+06 5.4010E-04 1.6513E+06 5.4077E-04 1.6573E+06 5.4277E-04
 1.6612E+06 5.4407E-04 1.6647E+06 5.4523E-04 1.6674E+06 5.4613E-04
 1.6713E+06 5.4743E-04 1.6780E+06 5.4967E-04 1.6801E+06 5.5037E-04
 1.6850E+06 5.5200E-04 1.6893E+06 5.5343E-04 1.6917E+06 5.5423E-04
 1.6948E+06 5.5527E-04 1.6975E+06 5.5617E-04 1.6994E+06 5.5680E-04
 1.7016E+06 5.5753E-04 1.7128E+06 5.6127E-04 1.7146E+06 5.6187E-04
 1.7168E+06 5.6260E-04 1.7178E+06 5.6293E-04 1.7200E+06 5.6367E-04
 1.7250E+06 5.6533E-04 1.7269E+06 5.6597E-04 1.7291E+06 5.6670E-04
 1.7412E+06 5.7073E-04 1.7454E+06 5.7213E-04 1.7493E+06 5.7343E-04
 1.7515E+06 5.7417E-04 1.7535E+06 5.7483E-04 1.7551E+06 5.7537E-04
 1.7603E+06 5.7710E-04 1.7619E+06 5.7763E-04 1.7639E+06 5.7830E-04
 1.7665E+06 5.7917E-04 1.7698E+06 5.8027E-04 1.7767E+06 5.8257E-04
 1.7790E+06 5.8333E-04 1.7803E+06 5.8377E-04 1.7830E+06 5.8467E-04
 1.7866E+06 5.8587E-04 1.7883E+06 5.8643E-04 1.7903E+06 5.8710E-04
 1.7963E+06 5.8910E-04 1.7973E+06 5.8943E-04 1.7983E+06 5.8977E-04
 1.8003E+06 5.9043E-04 1.8030E+06 5.9133E-04 1.8047E+06 5.9190E-04
 1.8064E+06 5.9247E-04 1.8108E+06 5.9393E-04 1.8129E+06 5.9463E-04
 1.8183E+06 5.9643E-04 1.8207E+06 5.9723E-04 1.8221E+06 5.9770E-04
 1.8248E+06 5.9860E-04 1.8307E+06 6.0057E-04 1.8362E+06 6.0240E-04
 1.8387E+06 6.0323E-04 1.8432E+06 6.0473E-04 1.8484E+06 6.0647E-04
 1.8502E+06 6.0707E-04 1.8533E+06 6.0810E-04 1.8558E+06 6.0893E-04
 1.8565E+06 6.0917E-04 1.8579E+06 6.0963E-04 1.8639E+06 6.1163E-04
 1.8668E+06 6.1260E-04 1.8693E+06 6.1343E-04 1.8721E+06 6.1437E-04
 1.8743E+06 6.1510E-04 1.8818E+06 6.1760E-04 1.8858E+06 6.1893E-04
 1.8887E+06 6.1990E-04 1.8930E+06 6.2133E-04 1.8952E+06 6.2207E-04
 1.8985E+06 6.2317E-04 1.9032E+06 6.2473E-04 1.9054E+06 6.2547E-04
 1.9080E+06 6.2633E-04 1.9157E+06 6.2890E-04 1.9176E+06 6.2953E-04
 1.9194E+06 6.3013E-04 1.9228E+06 6.3127E-04 1.9250E+06 6.3200E-04
 1.9276E+06 6.3287E-04 1.9310E+06 6.3400E-04 1.9366E+06 6.3587E-04
 1.9392E+06 6.3673E-04 1.9411E+06 6.3737E-04 1.9434E+06 6.3813E-04
 1.9456E+06 6.3887E-04 1.9479E+06 6.3963E-04 1.9510E+06 6.4067E-04
 1.9548E+06 6.4193E-04 1.9567E+06 6.4257E-04 1.9586E+06 6.4320E-04
 1.9620E+06 6.4433E-04 1.9647E+06 6.4523E-04 1.9674E+06 6.4613E-04
 1.9697E+06 6.4690E-04 1.9720E+06 6.4767E-04 1.9747E+06 6.4857E-04
 1.9794E+06 6.5013E-04 1.9891E+06 6.5337E-04 1.9934E+06 6.5480E-04
 1.9950E+06 6.5533E-04 1.9997E+06 6.5690E-04 2.0000E+06 6.5700E-04
 2.0045E+06 6.5917E-04 2.0064E+06 6.6008E-04 2.0088E+06 6.6124E-04
 2.0124E+06 6.6298E-04 2.0156E+06 6.6452E-04 2.0176E+06 6.6548E-04
 2.0192E+06 6.6625E-04 2.0212E+06 6.6722E-04 2.0248E+06 6.6895E-04
 2.0272E+06 6.7011E-04 2.0296E+06 6.7127E-04 2.0312E+06 6.7204E-04
 2.0333E+06 6.7305E-04 2.0381E+06 6.7536E-04 2.0442E+06 6.7830E-04
 2.0495E+06 6.8086E-04 2.0524E+06 6.8226E-04 2.0569E+06 6.8443E-04
 2.0594E+06 6.8563E-04 2.0618E+06 6.8679E-04 2.0643E+06 6.8799E-04
 2.0676E+06 6.8958E-04 2.0701E+06 6.9079E-04 2.0726E+06 6.9199E-04
 2.0751E+06 6.9320E-04 2.0780E+06 6.9460E-04 2.0814E+06 6.9623E-04
 2.0831E+06 6.9705E-04 2.0856E+06 6.9826E-04 2.0915E+06 7.0110E-04
 2.0936E+06 7.0212E-04 2.0965E+06 7.0351E-04 2.0991E+06 7.0477E-04
 2.1016E+06 7.0597E-04 2.1038E+06 7.0703E-04 2.1072E+06 7.0867E-04
 2.1106E+06 7.1031E-04 2.1166E+06 7.1320E-04 2.1204E+06 7.1503E-04
 2.1226E+06 7.1609E-04 2.1291E+06 7.1923E-04 2.1317E+06 7.2048E-04
 2.1382E+06 7.2361E-04 2.1413E+06 7.2511E-04 2.1435E+06 7.2617E-04
 2.1461E+06 7.2742E-04 2.1496E+06 7.2911E-04 2.1518E+06 7.3017E-04
 2.1553E+06 7.3185E-04 2.1580E+06 7.3316E-04 2.1606E+06 7.3441E-04
 2.1642E+06 7.3614E-04 2.1691E+06 7.3851E-04 2.1749E+06 7.4130E-04
 2.1829E+06 7.4516E-04 2.1879E+06 7.4757E-04 2.1906E+06 7.4887E-04
 2.1947E+06 7.5085E-04 2.1969E+06 7.5191E-04 2.2019E+06 7.5432E-04
 2.2106E+06 7.5851E-04 2.2129E+06 7.5962E-04 2.2157E+06 7.6097E-04
 2.2184E+06 7.6227E-04 2.2212E+06 7.6362E-04 2.2263E+06 7.6608E-04
 2.2305E+06 7.6810E-04 2.2333E+06 7.6945E-04 2.2361E+06 7.7080E-04
 2.2393E+06 7.7234E-04 2.2431E+06 7.7417E-04 2.2464E+06 7.7576E-04
 2.2482E+06 7.7663E-04 2.2534E+06 7.7914E-04 2.2553E+06 7.8005E-04
 2.2652E+06 7.8483E-04 2.2719E+06 7.8806E-04 2.2796E+06 7.9177E-04
 2.2820E+06 7.9292E-04 2.2892E+06 7.9639E-04 2.2960E+06 7.9967E-04
 2.3028E+06 8.0295E-04 2.3072E+06 8.0507E-04 2.3101E+06 8.0647E-04
 2.3116E+06 8.0719E-04 2.3131E+06 8.0791E-04 2.3160E+06 8.0931E-04
 2.3190E+06 8.1076E-04 2.3214E+06 8.1191E-04 2.3239E+06 8.1312E-04
 2.3343E+06 8.1813E-04 2.3393E+06 8.2054E-04 2.3443E+06 8.2295E-04
 2.3483E+06 8.2488E-04 2.3508E+06 8.2609E-04 2.3543E+06 8.2777E-04
 2.3574E+06 8.2927E-04 2.3604E+06 8.3071E-04 2.3619E+06 8.3144E-04
 2.3665E+06 8.3365E-04 2.3710E+06 8.3582E-04 2.3761E+06 8.3828E-04
 2.3787E+06 8.3953E-04 2.3807E+06 8.4050E-04 2.3823E+06 8.4127E-04
 2.3848E+06 8.4247E-04 2.3864E+06 8.4324E-04 2.3910E+06 8.4546E-04
 2.3946E+06 8.4720E-04 2.3972E+06 8.4845E-04 2.4024E+06 8.5096E-04
 2.4076E+06 8.5346E-04 2.4134E+06 8.5626E-04 2.4175E+06 8.5824E-04
 2.4186E+06 8.5877E-04 2.4228E+06 8.6079E-04 2.4259E+06 8.6228E-04
 2.4286E+06 8.6359E-04 2.4312E+06 8.6484E-04 2.4402E+06 8.6918E-04
 2.4450E+06 8.7149E-04 2.4493E+06 8.7356E-04 2.4568E+06 8.7718E-04
 2.4600E+06 8.7872E-04 2.4649E+06 8.8108E-04 2.4676E+06 8.8238E-04
 2.4714E+06 8.8421E-04 2.4757E+06 8.8629E-04 2.4784E+06 8.8759E-04
 2.4812E+06 8.8894E-04 2.4833E+06 8.8995E-04 2.4932E+06 8.9472E-04
 2.4954E+06 8.9578E-04 2.4981E+06 8.9708E-04 2.5000E+06 8.9800E-04
 2.5003E+06 8.9819E-04 2.5026E+06 8.9969E-04 2.5053E+06 9.0144E-04
 2.5086E+06 9.0359E-04 2.5147E+06 9.0755E-04 2.5209E+06 9.1158E-04
 2.5248E+06 9.1412E-04 2.5270E+06 9.1555E-04 2.5293E+06 9.1704E-04
 2.5355E+06 9.2107E-04 2.5388E+06 9.2322E-04 2.5445E+06 9.2692E-04
 2.5490E+06 9.2985E-04 2.5530E+06 9.3245E-04 2.5558E+06 9.3427E-04
 2.5593E+06 9.3654E-04 2.5616E+06 9.3804E-04 2.5650E+06 9.4025E-04
 2.5696E+06 9.4324E-04 2.5742E+06 9.4623E-04 2.5771E+06 9.4811E-04
 2.5834E+06 9.5221E-04 2.5939E+06 9.5903E-04 2.5956E+06 9.6014E-04
 2.5980E+06 9.6170E-04 2.6038E+06 9.6547E-04 2.6091E+06 9.6891E-04
 2.6150E+06 9.7275E-04 2.6185E+06 9.7502E-04 2.6268E+06 9.8042E-04
 2.6277E+06 9.8100E-04 2.6298E+06 9.7840E-04 2.6352E+06 9.7173E-04
 2.6453E+06 9.5924E-04 2.6483E+06 9.5553E-04 2.6507E+06 9.5257E-04
 2.6550E+06 9.4725E-04 2.6580E+06 9.4354E-04 2.6628E+06 9.3761E-04
 2.6701E+06 9.2858E-04 2.6725E+06 9.2562E-04 2.6744E+06 9.2327E-04
 2.6774E+06 9.1956E-04 2.6829E+06 9.1276E-04 2.6872E+06 9.0745E-04
 2.6922E+06 9.0126E-04 2.7000E+06 8.9162E-04 2.7014E+06 8.8989E-04
 2.7051E+06 8.8532E-04 2.7095E+06 8.7988E-04 2.7151E+06 8.7295E-04
 2.7214E+06 8.6517E-04 2.7257E+06 8.5985E-04 2.7295E+06 8.5515E-04
 2.7314E+06 8.5280E-04 2.7421E+06 8.3958E-04 2.7479E+06 8.3241E-04
 2.7523E+06 8.2697E-04 2.7549E+06 8.2375E-04 2.7580E+06 8.1992E-04
 2.7651E+06 8.1114E-04 2.7702E+06 8.0484E-04 2.7760E+06 7.9767E-04
 2.7799E+06 7.9285E-04 2.7870E+06 7.8407E-04 2.7935E+06 7.7604E-04
 2.8000E+06 7.6800E-04 2.8046E+06 7.6703E-04 2.8092E+06 7.6607E-04
 2.8171E+06 7.6441E-04 2.8191E+06 7.6399E-04 2.8244E+06 7.6288E-04
 2.8257E+06 7.6260E-04 2.8304E+06 7.6162E-04 2.8330E+06 7.6107E-04
 2.8377E+06 7.6008E-04 2.8430E+06 7.5897E-04 2.8457E+06 7.5840E-04
 2.8538E+06 7.5670E-04 2.8571E+06 7.5601E-04 2.8659E+06 7.5416E-04
 2.8741E+06 7.5244E-04 2.8788E+06 7.5145E-04 2.8856E+06 7.5002E-04
 2.8925E+06 7.4858E-04 2.8959E+06 7.4786E-04 2.9000E+06 7.4700E-04
 2.9097E+06 7.4496E-04 2.9160E+06 7.4364E-04 2.9208E+06 7.4263E-04
 2.9250E+06 7.4175E-04 2.9285E+06 7.4102E-04 2.9390E+06 7.3881E-04
 2.9433E+06 7.3791E-04 2.9489E+06 7.3673E-04 2.9546E+06 7.3553E-04
 2.9624E+06 7.3390E-04 2.9681E+06 7.3270E-04 2.9738E+06 7.3150E-04
 2.9846E+06 7.2923E-04 2.9910E+06 7.2789E-04 2.9946E+06 7.2713E-04
 3.0000E+06 7.2600E-04 3.0033E+06 7.2566E-04 3.0113E+06 7.2485E-04
 3.0172E+06 7.2425E-04 3.0267E+06 7.2328E-04 3.0341E+06 7.2252E-04
 3.0370E+06 7.2223E-04 3.0459E+06 7.2132E-04 3.0556E+06 7.2033E-04
 3.0578E+06 7.2010E-04 3.0653E+06 7.1934E-04 3.0675E+06 7.1911E-04
 3.0758E+06 7.1827E-04 3.0841E+06 7.1742E-04 3.0879E+06 7.1703E-04
 3.0932E+06 7.1649E-04 3.0962E+06 7.1619E-04 3.1000E+06 7.1580E-04
 3.1077E+06 7.1501E-04 3.1123E+06 7.1455E-04 3.1230E+06 7.1345E-04
 3.1292E+06 7.1282E-04 3.1392E+06 7.1180E-04 3.1478E+06 7.1092E-04
 3.1525E+06 7.1044E-04 3.1611E+06 7.0957E-04 3.1642E+06 7.0925E-04
 3.1697E+06 7.0869E-04 3.1737E+06 7.0828E-04 3.1784E+06 7.0780E-04
 3.1855E+06 7.0708E-04 3.1967E+06 7.0594E-04 3.2000E+06 7.0560E-04
 3.2103E+06 7.0455E-04 3.2135E+06 7.0422E-04 3.2135E+06 7.0422E-04
 3.2167E+06 7.0390E-04 3.2208E+06 7.0348E-04 3.2329E+06 7.0224E-04
 3.2410E+06 7.0142E-04 3.2451E+06 7.0100E-04 3.2508E+06 7.0042E-04
 3.2590E+06 6.9958E-04 3.2714E+06 6.9832E-04 3.2722E+06 6.9824E-04
 3.2796E+06 6.9748E-04 3.2863E+06 6.9680E-04 3.2904E+06 6.9638E-04
 3.2963E+06 6.9578E-04 3.3000E+06 6.9540E-04 3.3046E+06 6.9493E-04
 3.3130E+06 6.9407E-04 3.3215E+06 6.9321E-04 3.3240E+06 6.9295E-04
 3.3316E+06 6.9218E-04 3.3376E+06 6.9156E-04 3.3435E+06 6.9096E-04
 3.3478E+06 6.9052E-04 3.3607E+06 6.8921E-04 3.3633E+06 6.8894E-04
 3.3771E+06 6.8754E-04 3.3831E+06 6.8692E-04 3.3858E+06 6.8665E-04
 3.3901E+06 6.8621E-04 3.3971E+06 6.8550E-04 3.4000E+06 6.8520E-04
 3.4032E+06 6.8487E-04 3.4102E+06 6.8416E-04 3.4190E+06 6.8326E-04
 3.4252E+06 6.8263E-04 3.4279E+06 6.8235E-04 3.4323E+06 6.8191E-04
 3.4368E+06 6.8145E-04 3.4430E+06 6.8081E-04 3.4483E+06 6.8027E-04
 3.4591E+06 6.7917E-04 3.4654E+06 6.7853E-04 3.4699E+06 6.7807E-04
 3.4753E+06 6.7752E-04 3.4880E+06 6.7622E-04 3.4919E+06 6.7583E-04
 3.4971E+06 6.7530E-04 3.5000E+06 6.7500E-04 3.5035E+06 6.7482E-04
 3.5155E+06 6.7422E-04 3.5256E+06 6.7372E-04 3.5339E+06 6.7331E-04
 3.5367E+06 6.7316E-04 3.5432E+06 6.7284E-04 3.5554E+06 6.7223E-04
 3.5600E+06 6.7200E-04 3.5657E+06 6.7172E-04 3.5704E+06 6.7148E-04
 3.5770E+06 6.7115E-04 3.5798E+06 6.7101E-04 3.5864E+06 6.7068E-04
 3.5940E+06 6.7030E-04 3.5988E+06 6.7006E-04 3.6000E+06 6.7000E-04
 3.6170E+06 6.6915E-04 3.6227E+06 6.6887E-04 3.6285E+06 6.6858E-04
 3.6343E+06 6.6829E-04 3.6421E+06 6.6789E-04 3.6469E+06 6.6765E-04
 3.6606E+06 6.6697E-04 3.6704E+06 6.6648E-04 3.6763E+06 6.6619E-04
 3.6980E+06 6.6510E-04 3.7000E+06 6.6500E-04 3.7090E+06 6.6455E-04
 3.7150E+06 6.6425E-04 3.7210E+06 6.6395E-04 3.7250E+06 6.6375E-04
 3.7260E+06 6.6370E-04 3.7290E+06 6.6355E-04 3.7451E+06 6.6274E-04
 3.7583E+06 6.6208E-04 3.7634E+06 6.6183E-04 3.7665E+06 6.6168E-04
 3.7798E+06 6.6101E-04 3.7880E+06 6.6060E-04 3.7952E+06 6.6024E-04
 3.8000E+06 6.6000E-04 3.8097E+06 6.5951E-04 3.8285E+06 6.5858E-04
 3.8347E+06 6.5827E-04 3.8484E+06 6.5758E-04 3.8547E+06 6.5726E-04
 3.8696E+06 6.5652E-04 3.8802E+06 6.5599E-04 3.8856E+06 6.5572E-04
 3.8931E+06 6.5534E-04 3.9000E+06 6.5500E-04 3.9006E+06 6.5497E-04
 3.9168E+06 6.5416E-04 3.9211E+06 6.5394E-04 3.9276E+06 6.5362E-04
 3.9363E+06 6.5319E-04 3.9390E+06 6.5305E-04 3.9390E+06 6.5305E-04
 3.9473E+06 6.5264E-04 3.9582E+06 6.5209E-04 3.9651E+06 6.5175E-04
 3.9651E+06 6.5174E-04 3.9802E+06 6.5099E-04 3.9802E+06 6.5099E-04
 4.0000E+06 6.5000E-04 4.0015E+06 6.4996E-04 4.0174E+06 6.4953E-04
 4.0284E+06 6.4923E-04 4.0352E+06 6.4905E-04 4.0488E+06 6.4868E-04
 4.0591E+06 6.4840E-04 4.0878E+06 6.4763E-04 4.0890E+06 6.4760E-04
 4.0958E+06 6.4741E-04 4.0971E+06 6.4738E-04 4.1000E+06 6.4730E-04
 4.1005E+06 6.4729E-04 4.1145E+06 6.4691E-04 4.1250E+06 6.4662E-04
 4.1297E+06 6.4650E-04 4.1450E+06 6.4609E-04 4.1520E+06 6.4590E-04
 4.1591E+06 6.4570E-04 4.1734E+06 6.4532E-04 4.1758E+06 6.4525E-04
 4.2000E+06 6.4460E-04 4.2045E+06 6.4448E-04 4.2057E+06 6.4445E-04
 4.2214E+06 6.4402E-04 4.2314E+06 6.4375E-04 4.2314E+06 6.4375E-04
 4.2482E+06 6.4330E-04 4.2568E+06 6.4307E-04 4.2605E+06 6.4297E-04
 4.2728E+06 6.4263E-04 4.2789E+06 6.4247E-04 4.2913E+06 6.4213E-04
 4.3000E+06 6.4190E-04 4.3013E+06 6.4186E-04 4.3088E+06 6.4166E-04
 4.3138E+06 6.4153E-04 4.3440E+06 6.4071E-04 4.3822E+06 6.3968E-04
 4.4000E+06 6.3920E-04 4.4001E+06 6.3920E-04 4.4053E+06 6.3906E-04
 4.4066E+06 6.3902E-04 4.4183E+06 6.3871E-04 4.4300E+06 6.3839E-04
 4.4465E+06 6.3794E-04 4.4515E+06 6.3781E-04 4.4653E+06 6.3744E-04
 4.4838E+06 6.3694E-04 4.4892E+06 6.3679E-04 4.5000E+06 6.3650E-04
 4.5118E+06 6.3618E-04 4.5252E+06 6.3582E-04 4.5360E+06 6.3553E-04
 4.5455E+06 6.3527E-04 4.5659E+06 6.3472E-04 4.5795E+06 6.3435E-04
 4.5864E+06 6.3417E-04 4.5988E+06 6.3383E-04 4.6000E+06 6.3380E-04
 4.6237E+06 6.3316E-04 4.6558E+06 6.3229E-04 4.6628E+06 6.3210E-04
 4.6967E+06 6.3119E-04 4.6982E+06 6.3115E-04 4.7000E+06 6.3110E-04
 4.7024E+06 6.3104E-04 4.7210E+06 6.3053E-04 4.7268E+06 6.3038E-04
 4.7658E+06 6.2932E-04 4.7672E+06 6.2929E-04 4.7730E+06 6.2913E-04
 4.7950E+06 6.2854E-04 4.8000E+06 6.2840E-04 4.8200E+06 6.2786E-04
 4.8363E+06 6.2742E-04 4.8677E+06 6.2657E-04 4.8857E+06 6.2609E-04
 4.8994E+06 6.2572E-04 4.9000E+06 6.2570E-04 4.9145E+06 6.2531E-04
 4.9283E+06 6.2494E-04 4.9528E+06 6.2427E-04 4.9636E+06 6.2398E-04
 4.9931E+06 6.2319E-04 5.0000E+06 6.2300E-04 5.0768E+06 6.1593E-04
 5.1251E+06 6.1149E-04 5.2929E+06 5.9605E-04 5.4531E+06 5.8131E-04
 5.5000E+06 5.7700E-04 5.5688E+06 5.7067E-04 5.8769E+06 5.4233E-04
 6.0000E+06 5.3100E-04 6.1130E+06 5.5976E-04 6.3999E+06 6.3277E-04
 6.4019E+06 6.3328E-04 6.5000E+06 6.5825E-04 6.7546E+06 7.2306E-04
 7.0000E+06 7.8550E-04 7.2089E+06 8.3865E-04 7.4118E+06 8.9030E-04
 7.5000E+06 9.1275E-04 7.6000E+06 9.3820E-04 7.7000E+06 9.6365E-04
 7.8000E+06 9.8910E-04 7.9000E+06 1.0145E-03 8.0000E+06 1.0400E-03
 8.2000E+06 1.1070E-03 8.3519E+06 1.1579E-03 8.5000E+06 1.2075E-03
 8.7550E+06 1.2929E-03 9.0000E+06 1.3750E-03 9.2547E+06 1.4603E-03
 9.5000E+06 1.5425E-03 9.7183E+06 1.6156E-03 9.9300E+06 1.6865E-03
 1.0000E+07 1.7100E-03 1.0114E+07 1.7066E-03 1.0221E+07 1.7034E-03
 1.0323E+07 1.7003E-03 1.0420E+07 1.6974E-03 1.0500E+07 1.6950E-03
 1.0610E+07 1.6917E-03 1.0715E+07 1.6885E-03 1.0815E+07 1.6856E-03
 1.0910E+07 1.6827E-03 1.1000E+07 1.6800E-03 1.1107E+07 1.6768E-03
 1.1209E+07 1.6737E-03 1.1307E+07 1.6708E-03 1.1400E+07 1.6680E-03
 1.1500E+07 1.6650E-03 1.1601E+07 1.6620E-03 1.1698E+07 1.6591E-03
 1.1791E+07 1.6563E-03 1.1880E+07 1.6536E-03 1.2000E+07 1.6500E-03
 1.2185E+07 1.6084E-03 1.2360E+07 1.5690E-03 1.2500E+07 1.5375E-03
 1.2632E+07 1.5077E-03 1.2759E+07 1.4791E-03 1.2882E+07 1.4516E-03
 1.3000E+07 1.4250E-03 1.3132E+07 1.3953E-03 1.3259E+07 1.3667E-03
 1.3382E+07 1.3391E-03 1.3500E+07 1.3125E-03 1.3632E+07 1.2829E-03
 1.3759E+07 1.2543E-03 1.3881E+07 1.2267E-03 1.4000E+07 1.2000E-03
 1.4178E+07 1.1505E-03 1.4342E+07 1.1052E-03 1.4500E+07 1.0612E-03
 1.4755E+07 9.9037E-04 1.5000E+07 9.2250E-04 1.5262E+07 8.4982E-04
 1.5515E+07 7.7945E-04 1.5761E+07 7.1123E-04 1.6000E+07 6.4500E-04
 1.6261E+07 6.1180E-04 1.6511E+07 5.8007E-04 1.6761E+07 5.4839E-04
 1.7000E+07 5.1800E-04 1.7261E+07 4.8489E-04 1.7511E+07 4.5315E-04
 1.7760E+07 4.2146E-04 1.8000E+07 3.9100E-04 1.8262E+07 3.5772E-04
 1.8516E+07 3.2552E-04 1.8761E+07 2.9430E-04 1.9000E+07 2.6400E-04
 1.9261E+07 2.3080E-04 1.9515E+07 1.9862E-04 1.9761E+07 1.6737E-04
 2.0000E+07 1.3700E-04 