 1.0000E-05 0.0000E+00 1.0000E-05 1.8660E+03 1.0500E-04 1.8660E+03
 1.0500E-04 1.8208E+03 1.1000E-04 1.8208E+03 1.1000E-04 1.7824E+03
 1.1500E-04 1.7824E+03 1.1500E-04 1.7468E+03 1.2000E-04 1.7468E+03
 1.2000E-04 1.7022E+03 1.2750E-04 1.7022E+03 1.2750E-04 1.6490E+03
 1.3500E-04 1.6490E+03 1.3500E-04 1.6046E+03 1.4250E-04 1.6046E+03
 1.4250E-04 1.5642E+03 1.5000E-04 1.5642E+03 1.5000E-04 1.5172E+03
 1.6000E-04 1.5172E+03 1.6000E-04 1.4710E+03 1.7000E-04 1.4710E+03
 1.7000E-04 1.4285E+03 1.8000E-04 1.4285E+03 1.8000E-04 1.3880E+03
 1.9000E-04 1.3880E+03 1.9000E-04 1.3530E+03 2.0000E-04 1.3530E+03
 2.0000E-04 1.3186E+03 2.1000E-04 1.3186E+03 2.1000E-04 1.2895E+03
 2.2000E-04 1.2895E+03 2.2000E-04 1.2627E+03 2.3000E-04 1.2627E+03
 2.3000E-04 1.2359E+03 2.4000E-04 1.2359E+03 2.4000E-04 1.2022E+03
 2.5500E-04 1.2022E+03 2.5500E-04 1.1658E+03 2.7000E-04 1.1658E+03
 2.7000E-04 1.1408E+03 2.8000E-04 1.1408E+03 2.8000E-04 1.1106E+03
 3.0000E-04 1.1106E+03 3.0000E-04 1.0725E+03 3.2000E-04 1.0725E+03
 3.2000E-04 1.0407E+03 3.4000E-04 1.0407E+03 3.4000E-04 1.0093E+03
 3.6000E-04 1.0093E+03 3.6000E-04 9.8203E+02 3.8000E-04 9.8203E+02
 3.8000E-04 9.5656E+02 4.0000E-04 9.5656E+02 4.0000E-04 9.3017E+02
 4.2500E-04 9.3017E+02 4.2500E-04 9.0552E+02 4.5000E-04 9.0552E+02
 4.5000E-04 8.8101E+02 4.7500E-04 8.8101E+02 4.7500E-04 8.5650E+02
 5.0000E-04 8.5650E+02 5.0000E-04 8.3423E+02 5.2500E-04 8.3423E+02
 5.2500E-04 8.1596E+02 5.5000E-04 8.1596E+02 5.5000E-04 7.9776E+02
 5.7500E-04 7.9776E+02 5.7500E-04 7.7955E+02 6.0000E-04 7.7955E+02
 6.0000E-04 7.6148E+02 6.3000E-04 7.6148E+02 6.3000E-04 7.4442E+02
 6.6000E-04 7.4442E+02 6.6000E-04 7.2737E+02 6.9000E-04 7.2737E+02
 6.9000E-04 7.1092E+02 7.2000E-04 7.1092E+02 7.2000E-04 6.9458E+02
 7.6000E-04 6.9458E+02 7.6000E-04 6.7620E+02 8.0000E-04 6.7620E+02
 8.0000E-04 6.5993E+02 8.4000E-04 6.5993E+02 8.4000E-04 6.4584E+02
 8.8000E-04 6.4584E+02 8.8000E-04 6.3174E+02 9.2000E-04 6.3174E+02
 9.2000E-04 6.1764E+02 9.6000E-04 6.1764E+02 9.6000E-04 6.0353E+02
 1.0000E-03 6.0353E+02 1.0000E-03 5.9015E+02 1.0500E-03 5.9015E+02
 1.0500E-03 5.7709E+02 1.1000E-03 5.7709E+02 1.1000E-03 5.6404E+02
 1.1500E-03 5.6404E+02 1.1500E-03 5.5098E+02 1.2000E-03 5.5098E+02
 1.2000E-03 5.3690E+02 1.2750E-03 5.3690E+02 1.2750E-03 5.2136E+02
 1.3500E-03 5.2136E+02 1.3500E-03 5.0608E+02 1.4250E-03 5.0608E+02
 1.4250E-03 4.9305E+02 1.5000E-03 4.9305E+02 1.5000E-03 4.7838E+02
 1.6000E-03 4.7838E+02 1.6000E-03 4.6377E+02 1.7000E-03 4.6377E+02
 1.7000E-03 4.5060E+02 1.8000E-03 4.5060E+02 1.8000E-03 4.3743E+02
 1.9000E-03 4.3743E+02 1.9000E-03 4.2428E+02 2.0000E-03 4.2428E+02
 2.0000E-03 4.1322E+02 2.1000E-03 4.1322E+02 2.1000E-03 4.0336E+02
 2.2000E-03 4.0336E+02 2.2000E-03 3.9350E+02 2.3000E-03 3.9350E+02
 2.3000E-03 3.8366E+02 2.4000E-03 3.8366E+02 2.4000E-03 3.7318E+02
 2.5500E-03 3.7318E+02 2.5500E-03 3.6141E+02 2.7000E-03 3.6141E+02
 2.7000E-03 3.5166E+02 2.8000E-03 3.5166E+02 2.8000E-03 3.4175E+02
 3.0000E-03 3.4175E+02 3.0000E-03 3.2921E+02 3.2000E-03 3.2921E+02
 3.2000E-03 3.1857E+02 3.4000E-03 3.1857E+02 3.4000E-03 3.0904E+02
 3.6000E-03 3.0904E+02 3.6000E-03 2.9950E+02 3.8000E-03 2.9950E+02
 3.8000E-03 2.9001E+02 4.0000E-03 2.9001E+02 4.0000E-03 2.8133E+02
 4.2500E-03 2.8133E+02 4.2500E-03 2.7262E+02 4.5000E-03 2.7262E+02
 4.5000E-03 2.6391E+02 4.7500E-03 2.6391E+02 4.7500E-03 2.5618E+02
 5.0000E-03 2.5618E+02 5.0000E-03 2.4947E+02 5.2500E-03 2.4947E+02
 5.2500E-03 2.4275E+02 5.5000E-03 2.4275E+02 5.5000E-03 2.3648E+02
 5.7500E-03 2.3648E+02 5.7500E-03 2.3108E+02 6.0000E-03 2.3108E+02
 6.0000E-03 2.2513E+02 6.3000E-03 2.2513E+02 6.3000E-03 2.1926E+02
 6.6000E-03 2.1926E+02 6.6000E-03 2.1430E+02 6.9000E-03 2.1430E+02
 6.9000E-03 2.0934E+02 7.2000E-03 2.0934E+02 7.2000E-03 2.0355E+02
 7.6000E-03 2.0355E+02 7.6000E-03 1.9697E+02 8.0000E-03 1.9697E+02
 8.0000E-03 1.9159E+02 8.4000E-03 1.9159E+02 8.4000E-03 1.8673E+02
 8.8000E-03 1.8673E+02 8.8000E-03 1.8187E+02 9.2000E-03 1.8187E+02
 9.2000E-03 1.7704E+02 9.6000E-03 1.7704E+02 9.6000E-03 1.7304E+02
 1.0000E-02 1.7304E+02 1.0000E-02 1.6887E+02 1.0500E-02 1.6887E+02
 1.0500E-02 1.6425E+02 1.1000E-02 1.6425E+02 1.1000E-02 1.5992E+02
 1.1500E-02 1.5992E+02 1.1500E-02 1.5608E+02 1.2000E-02 1.5608E+02
 1.2000E-02 1.5130E+02 1.2750E-02 1.5130E+02 1.2750E-02 1.4646E+02
 1.3500E-02 1.4646E+02 1.3500E-02 1.4217E+02 1.4250E-02 1.4217E+02
 1.4250E-02 1.3789E+02 1.5000E-02 1.3789E+02 1.5000E-02 1.3291E+02
 1.6000E-02 1.3291E+02 1.6000E-02 1.2820E+02 1.7000E-02 1.2820E+02
 1.7000E-02 1.2399E+02 1.8000E-02 1.2399E+02 1.8000E-02 1.1978E+02
 1.9000E-02 1.1978E+02 1.9000E-02 1.1604E+02 2.0000E-02 1.1604E+02
 2.0000E-02 1.1272E+02 2.1000E-02 1.1272E+02 2.1000E-02 1.0941E+02
 2.2000E-02 1.0941E+02 2.2000E-02 1.0632E+02 2.3000E-02 1.0632E+02
 2.3000E-02 1.0364E+02 2.4000E-02 1.0364E+02 2.4000E-02 1.0030E+02
 2.5500E-02 1.0030E+02 2.5500E-02 9.6738E+01 2.7000E-02 9.6738E+01
 2.7000E-02 9.3995E+01 2.8000E-02 9.3995E+01 2.8000E-02 9.0854E+01
 3.0000E-02 9.0854E+01 3.0000E-02 8.7157E+01 3.2000E-02 8.7157E+01
 3.2000E-02 8.3824E+01 3.4000E-02 8.3824E+01 3.4000E-02 8.0940E+01
 3.6000E-02 8.0940E+01 3.6000E-02 7.8057E+01 3.8000E-02 7.8057E+01
 3.8000E-02 7.5249E+01 4.0000E-02 7.5249E+01 4.0000E-02 7.2689E+01
 4.2500E-02 7.2689E+01 4.2500E-02 6.9946E+01 4.5000E-02 6.9946E+01
 4.5000E-02 6.7313E+01 4.7500E-02 6.7313E+01 4.7500E-02 6.5100E+01
 5.0000E-02 6.5100E+01 5.0000E-02 6.2925E+01 5.2500E-02 6.2925E+01
 5.2500E-02 6.0902E+01 5.5000E-02 6.0902E+01 5.5000E-02 5.9126E+01
 5.7500E-02 5.9126E+01 5.7500E-02 5.7354E+01 6.0000E-02 5.7354E+01
 6.0000E-02 5.5710E+01 6.3000E-02 5.5710E+01 6.3000E-02 5.4090E+01
 6.6000E-02 5.4090E+01 6.6000E-02 5.2610E+01 6.9000E-02 5.2610E+01
 6.9000E-02 5.1420E+01 7.2000E-02 5.1420E+01 7.2000E-02 5.0044E+01
 7.6000E-02 5.0044E+01 7.6000E-02 4.8466E+01 8.0000E-02 4.8466E+01
 8.0000E-02 4.7096E+01 8.4000E-02 4.7096E+01 8.4000E-02 4.6020E+01
 8.8000E-02 4.6020E+01 8.8000E-02 4.4946E+01 9.2000E-02 4.4946E+01
 9.2000E-02 4.3901E+01 9.6000E-02 4.3901E+01 9.6000E-02 4.3064E+01
 1.0000E-01 4.3064E+01 1.0000E-01 4.2201E+01 1.0500E-01 4.2201E+01
 1.0500E-01 4.1285E+01 1.1000E-01 4.1285E+01 1.1000E-01 4.0529E+01
 1.1500E-01 4.0529E+01 1.1500E-01 3.9806E+01 1.2000E-01 3.9806E+01
 1.2000E-01 3.8991E+01 1.2750E-01 3.8991E+01 1.2750E-01 3.8159E+01
 1.3500E-01 3.8159E+01 1.3500E-01 3.7426E+01 1.4250E-01 3.7426E+01
 1.4250E-01 3.6816E+01 1.5000E-01 3.6816E+01 1.5000E-01 3.5179E+01
 1.6000E-01 3.5179E+01 1.6000E-01 3.4647E+01 1.7000E-01 3.4647E+01
 1.7000E-01 3.4331E+01 1.8000E-01 3.4331E+01 1.8000E-01 3.4372E+01
 1.9000E-01 3.4372E+01 1.9000E-01 3.4593E+01 2.0000E-01 3.4593E+01
 2.0000E-01 3.5235E+01 2.1000E-01 3.5235E+01 2.1000E-01 3.6019E+01
 2.2000E-01 3.6019E+01 2.2000E-01 3.7242E+01 2.3000E-01 3.7242E+01
 2.3000E-01 3.8523E+01 2.4000E-01 3.8523E+01 2.4000E-01 4.0244E+01
 2.5500E-01 4.0244E+01 2.5500E-01 4.2361E+01 2.7000E-01 4.2361E+01
 2.7000E-01 4.3465E+01 2.8000E-01 4.3465E+01 2.8000E-01 4.2841E+01
 3.0000E-01 4.2841E+01 3.0000E-01 3.8989E+01 3.2000E-01 3.8989E+01
 3.2000E-01 3.3545E+01 3.4000E-01 3.3545E+01 3.4000E-01 2.7857E+01
 3.6000E-01 2.7857E+01 3.6000E-01 2.3199E+01 3.8000E-01 2.3199E+01
 3.8000E-01 1.9691E+01 4.0000E-01 1.9691E+01 4.0000E-01 1.6815E+01
 4.2500E-01 1.6815E+01 4.2500E-01 1.4426E+01 4.5000E-01 1.4426E+01
 4.5000E-01 1.2781E+01 4.7500E-01 1.2781E+01 4.7500E-01 1.1548E+01
 5.0000E-01 1.1548E+01 5.0000E-01 1.0630E+01 5.2500E-01 1.0630E+01
 5.2500E-01 9.8303E+00 5.5000E-01 9.8303E+00 5.5000E-01 9.2174E+00
 5.7500E-01 9.2174E+00 5.7500E-01 8.7105E+00 6.0000E-01 8.7105E+00
 6.0000E-01 8.2655E+00 6.3000E-01 8.2655E+00 6.3000E-01 7.8107E+00
 6.6000E-01 7.8107E+00 6.6000E-01 7.5123E+00 6.9000E-01 7.5123E+00
 6.9000E-01 7.2860E+00 7.2000E-01 7.2860E+00 7.2000E-01 7.0375E+00
 7.6000E-01 7.0375E+00 7.6000E-01 6.9181E+00 8.0000E-01 6.9181E+00
 8.0000E-01 6.8956E+00 8.4000E-01 6.8956E+00 8.4000E-01 7.0899E+00
 8.8000E-01 7.0899E+00 8.8000E-01 7.5281E+00 9.2000E-01 7.5281E+00
 9.2000E-01 8.3273E+00 9.6000E-01 8.3273E+00 9.6000E-01 9.8400E+00
 1.0000E+00 9.8400E+00 1.0000E+00 1.3156E+01 1.0500E+00 1.3156E+01
 1.0500E+00 2.0775E+01 1.1000E+00 2.0775E+01 1.1000E+00 3.1071E+01
 1.1500E+00 3.1071E+01 1.1500E+00 2.8174E+01 1.2000E+00 2.8174E+01
 1.2000E+00 1.5015E+01 1.2750E+00 1.5015E+01 1.2750E+00 7.7524E+00
 1.3500E+00 7.7524E+00 1.3500E+00 5.2110E+00 1.4250E+00 5.2110E+00
 1.4250E+00 4.1175E+00 1.5000E+00 4.1175E+00 1.5000E+00 3.4774E+00
 1.6000E+00 3.4774E+00 1.6000E+00 3.1397E+00 1.7000E+00 3.1397E+00
 1.7000E+00 3.1317E+00 1.8000E+00 3.1317E+00 1.8000E+00 3.7937E+00
 1.9000E+00 3.7937E+00 1.9000E+00 1.0274E+01 2.0000E+00 1.0274E+01
 2.0000E+00 4.5510E+01 2.1000E+00 4.5510E+01 2.1000E+00 6.1074E+00
 2.2000E+00 6.1074E+00 2.2000E+00 2.9344E+00 2.3000E+00 2.9344E+00
 2.3000E+00 2.3409E+00 2.4000E+00 2.3409E+00 2.4000E+00 2.1731E+00
 2.5500E+00 2.1731E+00 2.5500E+00 2.4387E+00 2.7000E+00 2.4387E+00
 2.7000E+00 3.6610E+00 2.8000E+00 3.6610E+00 2.8000E+00 3.8640E+00
 3.0000E+00 3.8640E+00 3.0000E+00 1.3335E+01 3.2000E+00 1.3335E+01
 3.2000E+00 7.7159E+00 3.4000E+00 7.7159E+00 3.4000E+00 1.9002E+01
 3.6000E+00 1.9002E+01 3.6000E+00 3.1113E+01 3.8000E+00 3.1113E+01
 3.8000E+00 3.4863E+00 4.0000E+00 3.4863E+00 4.0000E+00 2.0257E+00
 4.2500E+00 2.0257E+00 4.2500E+00 2.0910E+00 4.5000E+00 2.0910E+00
 4.5000E+00 5.4016E+00 4.7500E+00 5.4016E+00 4.7500E+00 8.3898E+01
 5.0000E+00 8.3898E+01 5.0000E+00 4.2487E+00 5.2500E+00 4.2487E+00
 5.2500E+00 3.3775E+00 5.5000E+00 3.3775E+00 5.5000E+00 3.5390E+00
 5.7500E+00 3.5390E+00 5.7500E+00 4.8714E+00 6.0000E+00 4.8714E+00
 6.0000E+00 2.2807E+01 6.3000E+00 2.2807E+01 6.3000E+00 1.9700E+02
 6.6000E+00 1.9700E+02 6.6000E+00 8.5622E+00 6.9000E+00 8.5622E+00
 6.9000E+00 5.5167E+01 7.2000E+00 5.5167E+01 7.2000E+00 5.5646E+00
 7.6000E+00 5.5646E+00 7.6000E+00 3.2161E+00 8.0000E+00 3.2161E+00
 8.0000E+00 6.0643E+00 8.4000E+00 6.0643E+00 8.4000E+00 8.8896E+01
 8.8000E+00 8.8896E+01 8.8000E+00 5.8918E+01 9.2000E+00 5.8918E+01
 9.2000E+00 2.3725E+01 9.6000E+00 2.3725E+01 9.6000E+00 6.1049E+00
 1.0000E+01 6.1049E+00 1.0000E+01 9.5345E+00 1.0500E+01 9.5345E+00
 1.0500E+01 2.6868E+00 1.1000E+01 2.6868E+00 1.1000E+01 7.2422E+00
 1.1500E+01 7.2422E+00 1.1500E+01 1.6828E+02 1.2000E+01 1.6828E+02
 1.2000E+01 1.3501E+02 1.2750E+01 1.3501E+02 1.2750E+01 8.7155E+00
 1.3500E+01 8.7155E+00 1.3500E+01 7.0791E+00 1.4250E+01 7.0791E+00
 1.4250E+01 1.5960E+01 1.5000E+01 1.5960E+01 1.5000E+01 1.6373E+01
 1.6000E+01 1.6373E+01 1.6000E+01 3.4752E+01 1.7000E+01 3.4752E+01
 1.7000E+01 4.5040E+00 1.8000E+01 4.5040E+00 1.8000E+01 1.4512E+01
 1.9000E+01 1.4512E+01 1.9000E+01 1.1566E+02 2.0000E+01 1.1566E+02
 2.0000E+01 2.2164E+01 2.1000E+01 2.2164E+01 2.1000E+01 7.0143E+01
 2.2000E+01 7.0143E+01 2.2000E+01 1.6017E+01 2.3000E+01 1.6017E+01
 2.3000E+01 6.2821E+01 2.4000E+01 6.2821E+01 2.4000E+01 1.2680E+01
 2.5500E+01 1.2680E+01 2.5500E+01 6.4816E+00 2.7000E+01 6.4816E+00
 2.7000E+01 1.4505E+01 2.8000E+01 1.4505E+01 2.8000E+01 6.7098E+00
 3.0000E+01 6.7098E+00 3.0000E+01 1.7093E+01 3.2000E+01 1.7093E+01
 3.2000E+01 5.0865E+01 3.4000E+01 5.0865E+01 3.4000E+01 7.3495E+01
 3.6000E+01 7.3495E+01 3.6000E+01 1.5982E+00 3.8000E+01 1.5982E+00
 3.8000E+01 2.7182E+01 4.0000E+01 2.7182E+01 4.0000E+01 2.2768E+01
 4.2500E+01 2.2768E+01 4.2500E+01 1.7954E+01 4.5000E+01 1.7954E+01
 4.5000E+01 8.9218E+00 4.7500E+01 8.9218E+00 4.7500E+01 2.5429E+01
 5.0000E+01 2.5429E+01 5.0000E+01 2.9427E+01 5.2500E+01 2.9427E+01
 5.2500E+01 7.4108E+00 5.5000E+01 7.4108E+00 5.5000E+01 4.6390E+01
 5.7500E+01 4.6390E+01 5.7500E+01 1.6887E+01 6.0000E+01 1.6887E+01
 6.0000E+01 4.1641E+00 6.3000E+01 4.1641E+00 6.3000E+01 1.2141E+01
 6.6000E+01 1.2141E+01 6.6000E+01 2.9693E+00 6.9000E+01 2.9693E+00
 6.9000E+01 1.0233E+01 7.2000E+01 1.0233E+01 7.2000E+01 1.2510E+01
 7.6000E+01 1.2510E+01 7.6000E+01 5.1777E+00 8.0000E+01 5.1777E+00
 8.0000E+01 1.2854E+01 8.4000E+01 1.2854E+01 8.4000E+01 4.9192E+00
 8.8000E+01 4.9192E+00 8.8000E+01 2.3851E+01 9.2000E+01 2.3851E+01
 9.2000E+01 2.3375E+01 9.6000E+01 2.3375E+01 9.6000E+01 2.9182E+00
 1.0000E+02 2.9182E+00 1.0000E+02 9.9487E+00 1.0500E+02 9.9487E+00
 1.0500E+02 2.0935E+01 1.1000E+02 2.0935E+01 1.1000E+02 5.3440E+00
 1.1500E+02 5.3440E+00 1.1500E+02 7.8086E+00 1.2000E+02 7.8086E+00
 1.2000E+02 1.1040E+01 1.2750E+02 1.1040E+01 1.2750E+02 1.0757E+01
 1.3500E+02 1.0757E+01 1.3500E+02 1.3343E+01 1.4250E+02 1.3343E+01
 1.4250E+02 7.0563E+00 1.5000E+02 7.0563E+00 1.5000E+02 1.0300E+01
 1.6000E+02 1.0300E+01 1.6000E+02 9.7782E+00 1.7000E+02 9.7782E+00
 1.7000E+02 1.0670E+01 1.8000E+02 1.0670E+01 1.8000E+02 6.6697E+00
 1.9000E+02 6.6697E+00 1.9000E+02 5.7424E+00 2.0000E+02 5.7424E+00
 2.0000E+02 1.1487E+01 2.1000E+02 1.1487E+01 2.1000E+02 4.1149E+00
 2.2000E+02 4.1149E+00 2.2000E+02 1.5214E+01 2.3000E+02 1.5214E+01
 2.3000E+02 7.7835E+00 2.4000E+02 7.7835E+00 2.4000E+02 4.3100E+00
 2.5500E+02 4.3100E+00 2.5500E+02 5.0492E+00 2.7000E+02 5.0492E+00
 2.7000E+02 9.4801E+00 2.8000E+02 9.4801E+00 2.8000E+02 3.1177E+00
 3.0000E+02 3.1177E+00 3.0000E+02 4.6939E+00 3.2000E+02 4.6939E+00
 3.2000E+02 7.6904E+00 3.4000E+02 7.6904E+00 3.4000E+02 6.6625E+00
 3.6000E+02 6.6625E+00 3.6000E+02 4.1078E+00 3.8000E+02 4.1078E+00
 3.8000E+02 5.4393E+00 4.0000E+02 5.4393E+00 4.0000E+02 2.8433E+00
 4.2500E+02 2.8433E+00 4.2500E+02 3.9368E+00 4.5000E+02 3.9368E+00
 4.5000E+02 3.6335E+00 4.7500E+02 3.6335E+00 4.7500E+02 3.8748E+00
 5.0000E+02 3.8748E+00 5.0000E+02 6.1288E+00 5.2500E+02 6.1288E+00
 5.2500E+02 5.6437E+00 5.5000E+02 5.6437E+00 5.5000E+02 3.7379E+00
 5.7500E+02 3.7379E+00 5.7500E+02 4.2266E+00 6.0000E+02 4.2266E+00
 6.0000E+02 3.9606E+00 6.3000E+02 3.9606E+00 6.3000E+02 4.3721E+00
 6.6000E+02 4.3721E+00 6.6000E+02 3.4947E+00 6.9000E+02 3.4947E+00
 6.9000E+02 3.0675E+00 7.2000E+02 3.0675E+00 7.2000E+02 4.4788E+00
 7.6000E+02 4.4788E+00 7.6000E+02 4.5391E+00 8.0000E+02 4.5391E+00
 8.0000E+02 3.6115E+00 8.4000E+02 3.6115E+00 8.4000E+02 3.9707E+00
 8.8000E+02 3.9707E+00 8.8000E+02 4.0109E+00 9.2000E+02 4.0109E+00
 9.2000E+02 3.8503E+00 9.6000E+02 3.8503E+00 9.6000E+02 3.1041E+00
 1.0000E+03 3.1041E+00 1.0000E+03 5.2533E+00 1.0500E+03 5.2533E+00
 1.0500E+03 4.4272E+00 1.1000E+03 4.4272E+00 1.1000E+03 3.8033E+00
 1.1500E+03 3.8033E+00 1.1500E+03 2.9767E+00 1.2000E+03 2.9767E+00
 1.2000E+03 2.9328E+00 1.2750E+03 2.9328E+00 1.2750E+03 3.0524E+00
 1.3500E+03 3.0524E+00 1.3500E+03 2.5583E+00 1.4250E+03 2.5583E+00
 1.4250E+03 2.2950E+00 1.5000E+03 2.2950E+00 1.5000E+03 3.2749E+00
 1.6000E+03 3.2749E+00 1.6000E+03 3.0658E+00 1.7000E+03 3.0658E+00
 1.7000E+03 2.5765E+00 1.8000E+03 2.5765E+00 1.8000E+03 2.4354E+00
 1.9000E+03 2.4354E+00 1.9000E+03 2.3324E+00 2.0000E+03 2.3324E+00
 2.0000E+03 3.4462E+00 2.1000E+03 3.4462E+00 2.1000E+03 2.3596E+00
 2.2000E+03 2.3596E+00 2.2000E+03 1.9339E+00 2.3000E+03 1.9339E+00
 2.3000E+03 1.9495E+00 2.4000E+03 1.9495E+00 2.4000E+03 2.0435E+00
 2.5500E+03 2.0435E+00 2.5500E+03 1.8673E+00 2.7000E+03 1.8673E+00
 2.7000E+03 1.7834E+00 2.8000E+03 1.7834E+00 2.8000E+03 1.7440E+00
 3.0000E+03 1.7440E+00 3.0000E+03 1.6536E+00 3.2000E+03 1.6536E+00
 3.2000E+03 1.7319E+00 3.4000E+03 1.7319E+00 3.4000E+03 1.6317E+00
 3.6000E+03 1.6317E+00 3.6000E+03 1.5788E+00 3.8000E+03 1.5788E+00
 3.8000E+03 1.5666E+00 4.0000E+03 1.5666E+00 4.0000E+03 1.4881E+00
 4.2500E+03 1.4881E+00 4.2500E+03 1.4874E+00 4.5000E+03 1.4874E+00
 4.5000E+03 1.3467E+00 4.7500E+03 1.3467E+00 4.7500E+03 1.2405E+00
 5.0000E+03 1.2405E+00 5.0000E+03 1.2189E+00 5.2500E+03 1.2189E+00
 5.2500E+03 1.2687E+00 5.5000E+03 1.2687E+00 5.5000E+03 1.2720E+00
 5.7500E+03 1.2720E+00 5.7500E+03 1.3547E+00 6.0000E+03 1.3547E+00
 6.0000E+03 1.2408E+00 6.3000E+03 1.2408E+00 6.3000E+03 1.2700E+00
 6.6000E+03 1.2700E+00 6.6000E+03 1.2317E+00 6.9000E+03 1.2317E+00
 6.9000E+03 1.2896E+00 7.2000E+03 1.2896E+00 7.2000E+03 1.1666E+00
 7.6000E+03 1.1666E+00 7.6000E+03 1.1586E+00 8.0000E+03 1.1586E+00
 8.0000E+03 1.2057E+00 8.4000E+03 1.2057E+00 8.4000E+03 1.3543E+00
 8.8000E+03 1.3543E+00 8.8000E+03 1.1825E+00 9.2000E+03 1.1825E+00
 9.2000E+03 1.1724E+00 9.6000E+03 1.1724E+00 9.6000E+03 1.0476E+00
 1.0000E+04 1.0476E+00 1.0000E+04 9.9712E-01 1.0500E+04 9.9712E-01
 1.0500E+04 1.0240E+00 1.1000E+04 1.0240E+00 1.1000E+04 1.0232E+00
 1.1500E+04 1.0232E+00 1.1500E+04 9.4954E-01 1.2000E+04 9.4954E-01
 1.2000E+04 8.9709E-01 1.2750E+04 8.9709E-01 1.2750E+04 9.7985E-01
 1.3500E+04 9.7985E-01 1.3500E+04 9.2777E-01 1.4250E+04 9.2777E-01
 1.4250E+04 9.2939E-01 1.5000E+04 9.2939E-01 1.5000E+04 8.4389E-01
 1.6000E+04 8.4389E-01 1.6000E+04 8.2014E-01 1.7000E+04 8.2014E-01
 1.7000E+04 8.1187E-01 1.8000E+04 8.1187E-01 1.8000E+04 8.6132E-01
 1.9000E+04 8.6132E-01 1.9000E+04 8.1620E-01 2.0000E+04 8.1620E-01
 2.0000E+04 7.4504E-01 2.1000E+04 7.4504E-01 2.1000E+04 7.8206E-01
 2.2000E+04 7.8206E-01 2.2000E+04 7.9461E-01 2.3000E+04 7.9461E-01
 2.3000E+04 7.2153E-01 2.4000E+04 7.2153E-01 2.4000E+04 7.3321E-01
 2.5500E+04 7.3321E-01 2.5500E+04 7.0116E-01 2.7000E+04 7.0116E-01
 2.7000E+04 6.9615E-01 2.8000E+04 6.9615E-01 2.8000E+04 7.0634E-01
 3.0000E+04 7.0634E-01 3.0000E+04 6.8750E-01 3.2000E+04 6.8750E-01
 3.2000E+04 6.7690E-01 3.4000E+04 6.7690E-01 3.4000E+04 6.3195E-01
 3.6000E+04 6.3195E-01 3.6000E+04 6.1554E-01 3.8000E+04 6.1554E-01
 3.8000E+04 6.0635E-01 4.0000E+04 6.0635E-01 4.0000E+04 6.1907E-01
 4.2500E+04 6.1907E-01 4.2500E+04 5.9787E-01 4.5000E+04 5.9787E-01
 4.5000E+04 5.7108E-01 4.7500E+04 5.7108E-01 4.7500E+04 5.5380E-01
 5.0000E+04 5.5380E-01 5.0000E+04 5.3723E-01 5.2500E+04 5.3723E-01
 5.2500E+04 5.6814E-01 5.5000E+04 5.6814E-01 5.5000E+04 5.5989E-01
 5.7500E+04 5.5989E-01 5.7500E+04 5.4023E-01 6.0000E+04 5.4023E-01
 6.0000E+04 5.3384E-01 6.3000E+04 5.3384E-01 6.3000E+04 5.2044E-01
 6.6000E+04 5.2044E-01 6.6000E+04 5.1760E-01 6.9000E+04 5.1760E-01
 6.9000E+04 4.9943E-01 7.2000E+04 4.9943E-01 7.2000E+04 5.1343E-01
 7.6000E+04 5.1343E-01 7.6000E+04 4.7798E-01 8.0000E+04 4.7798E-01
 8.0000E+04 4.6444E-01 8.4000E+04 4.6444E-01 8.4000E+04 4.4102E-01
 8.8000E+04 4.4102E-01 8.8000E+04 4.3795E-01 9.2000E+04 4.3795E-01
 9.2000E+04 4.2864E-01 9.6000E+04 4.2864E-01 9.6000E+04 4.4731E-01
 1.0000E+05 4.4731E-01 1.0000E+05 4.2293E-01 1.0500E+05 4.2293E-01
 1.0500E+05 4.1084E-01 1.1000E+05 4.1084E-01 1.1000E+05 3.9964E-01
 1.1500E+05 3.9964E-01 1.1500E+05 3.8911E-01 1.2000E+05 3.8911E-01
 1.2000E+05 3.7768E-01 1.2750E+05 3.7768E-01 1.2750E+05 3.6572E-01
 1.3500E+05 3.6572E-01 1.3500E+05 3.5522E-01 1.4250E+05 3.5522E-01
 1.4250E+05 3.4559E-01 1.5000E+05 3.4559E-01 1.5000E+05 3.3565E-01
 1.6000E+05 3.3565E-01 1.6000E+05 3.2565E-01 1.7000E+05 3.2565E-01
 1.7000E+05 3.1577E-01 1.8000E+05 3.1577E-01 1.8000E+05 3.0615E-01
 1.9000E+05 3.0615E-01 1.9000E+05 2.9733E-01 2.0000E+05 2.9733E-01
 2.0000E+05 2.8874E-01 2.1000E+05 2.8874E-01 2.1000E+05 2.8042E-01
 2.2000E+05 2.8042E-01 2.2000E+05 2.7258E-01 2.3000E+05 2.7258E-01
 2.3000E+05 2.6567E-01 2.4000E+05 2.6567E-01 2.4000E+05 2.5736E-01
 2.5500E+05 2.5736E-01 2.5500E+05 2.4490E-01 2.7000E+05 2.4490E-01
 2.7000E+05 2.3586E-01 2.8000E+05 2.3586E-01 2.8000E+05 2.2886E-01
 3.0000E+05 2.2886E-01 3.0000E+05 2.2182E-01 3.2000E+05 2.2182E-01
 3.2000E+05 2.1507E-01 3.4000E+05 2.1507E-01 3.4000E+05 2.0826E-01
 3.6000E+05 2.0826E-01 3.6000E+05 2.0164E-01 3.8000E+05 2.0164E-01
 3.8000E+05 1.9538E-01 4.0000E+05 1.9538E-01 4.0000E+05 1.8849E-01
 4.2500E+05 1.8849E-01 4.2500E+05 1.8022E-01 4.5000E+05 1.8022E-01
 4.5000E+05 1.7240E-01 4.7500E+05 1.7240E-01 4.7500E+05 1.6604E-01
 5.0000E+05 1.6604E-01 5.0000E+05 1.6043E-01 5.2500E+05 1.6043E-01
 5.2500E+05 1.5494E-01 5.5000E+05 1.5494E-01 5.5000E+05 1.4987E-01
 5.7500E+05 1.4987E-01 5.7500E+05 1.4553E-01 6.0000E+05 1.4553E-01
 6.0000E+05 1.4146E-01 6.3000E+05 1.4146E-01 6.3000E+05 1.3742E-01
 6.6000E+05 1.3742E-01 6.6000E+05 1.3351E-01 6.9000E+05 1.3351E-01
 6.9000E+05 1.2975E-01 7.2000E+05 1.2975E-01 7.2000E+05 1.2577E-01
 7.6000E+05 1.2577E-01 7.6000E+05 1.2150E-01 8.0000E+05 1.2150E-01
 8.0000E+05 1.1786E-01 8.4000E+05 1.1786E-01 8.4000E+05 1.1513E-01
 8.8000E+05 1.1513E-01 8.8000E+05 1.1361E-01 9.2000E+05 1.1361E-01
 9.2000E+05 1.1142E-01 9.6000E+05 1.1142E-01 9.6000E+05 1.0921E-01
 1.0000E+06 1.0921E-01 1.0000E+06 1.0534E-01 1.1000E+06 1.0534E-01
 1.1000E+06 1.0016E-01 1.2000E+06 1.0016E-01 1.2000E+06 9.5399E-02
 1.3000E+06 9.5399E-02 1.3000E+06 9.0353E-02 1.4000E+06 9.0353E-02
 1.4000E+06 8.5758E-02 1.5000E+06 8.5758E-02 1.5000E+06 8.1055E-02
 1.6000E+06 8.1055E-02 1.6000E+06 7.6187E-02 1.7000E+06 7.6187E-02
 1.7000E+06 7.1633E-02 1.8000E+06 7.1633E-02 1.8000E+06 6.6577E-02
 1.9000E+06 6.6577E-02 1.9000E+06 6.1758E-02 2.0000E+06 6.1758E-02
 2.0000E+06 5.7202E-02 2.1000E+06 5.7202E-02 2.1000E+06 5.2915E-02
 2.2000E+06 5.2915E-02 2.2000E+06 4.9084E-02 2.3000E+06 4.9084E-02
 2.3000E+06 4.5714E-02 2.4000E+06 4.5714E-02 2.4000E+06 4.2604E-02
 2.5000E+06 4.2604E-02 2.5000E+06 3.9444E-02 2.6000E+06 3.9444E-02
 2.6000E+06 3.6252E-02 2.7000E+06 3.6252E-02 2.7000E+06 3.3355E-02
 2.8000E+06 3.3355E-02 2.8000E+06 3.0756E-02 2.9000E+06 3.0756E-02
 2.9000E+06 2.8460E-02 3.0000E+06 2.8460E-02 3.0000E+06 2.6298E-02
 3.1000E+06 2.6298E-02 3.1000E+06 2.4272E-02 3.2000E+06 2.4272E-02
 3.2000E+06 2.2246E-02 3.3000E+06 2.2246E-02 3.3000E+06 2.0220E-02
 3.4000E+06 2.0220E-02 3.4000E+06 1.8194E-02 3.5000E+06 1.8194E-02
 3.5000E+06 1.6439E-02 3.6000E+06 1.6439E-02 3.6000E+06 1.5137E-02
 3.7000E+06 1.5137E-02 3.7000E+06 1.4015E-02 3.8000E+06 1.4015E-02
 3.8000E+06 1.2894E-02 3.9000E+06 1.2894E-02 3.9000E+06 1.1772E-02
 4.0000E+06 1.1772E-02 4.0000E+06 1.0847E-02 4.1000E+06 1.0847E-02
 4.1000E+06 1.0122E-02 4.2000E+06 1.0122E-02 4.2000E+06 9.3967E-03
 4.3000E+06 9.3967E-03 4.3000E+06 8.6717E-03 4.4000E+06 8.6717E-03
 4.4000E+06 7.9467E-03 4.5000E+06 7.9467E-03 4.5000E+06 7.3408E-03
 4.6000E+06 7.3408E-03 4.6000E+06 6.8565E-03 4.7000E+06 6.8565E-03
 4.7000E+06 6.4191E-03 4.8000E+06 6.4191E-03 4.8000E+06 6.0295E-03
 4.9000E+06 6.0295E-03 4.9000E+06 5.6398E-03 5.0000E+06 5.6398E-03
 5.0000E+06 5.3091E-03 5.1000E+06 5.3091E-03 5.1000E+06 5.0385E-03
 5.2000E+06 5.0385E-03 5.2000E+06 4.7711E-03 5.3000E+06 4.7711E-03
 5.3000E+06 4.5327E-03 5.4000E+06 4.5327E-03 5.4000E+06 4.3116E-03
 5.5000E+06 4.3116E-03 5.5000E+06 4.1171E-03 5.6000E+06 4.1171E-03
 5.6000E+06 3.9495E-03 5.7000E+06 3.9495E-03 5.7000E+06 3.7845E-03
 5.8000E+06 3.7845E-03 5.8000E+06 3.6371E-03 5.9000E+06 3.6371E-03
 5.9000E+06 3.4923E-03 6.0000E+06 3.4923E-03 6.0000E+06 3.3650E-03
 6.1000E+06 3.3650E-03 6.1000E+06 3.2555E-03 6.2000E+06 3.2555E-03
 6.2000E+06 3.1500E-03 6.3000E+06 3.1500E-03 6.3000E+06 3.0535E-03
 6.4000E+06 3.0535E-03 6.4000E+06 2.9576E-03 6.5000E+06 2.9576E-03
 6.5000E+06 2.8743E-03 6.6000E+06 2.8743E-03 6.6000E+06 2.8037E-03
 6.7000E+06 2.8037E-03 6.7000E+06 2.7337E-03 6.8000E+06 2.7337E-03
 6.8000E+06 2.6691E-03 6.9000E+06 2.6691E-03 6.9000E+06 2.6051E-03
 7.0000E+06 2.6051E-03 7.0000E+06 2.5510E-03 7.1000E+06 2.5510E-03
 7.1000E+06 2.5069E-03 7.2000E+06 2.5069E-03 7.2000E+06 2.4630E-03
 7.3000E+06 2.4630E-03 7.3000E+06 2.4219E-03 7.4000E+06 2.4219E-03
 7.4000E+06 2.3811E-03 7.5000E+06 2.3811E-03 7.5000E+06 2.3483E-03
 7.6000E+06 2.3483E-03 7.6000E+06 2.3235E-03 7.7000E+06 2.3235E-03
 7.7000E+06 2.2988E-03 7.8000E+06 2.2988E-03 7.8000E+06 2.2754E-03
 7.9000E+06 2.2754E-03 7.9000E+06 2.2521E-03 8.0000E+06 2.2521E-03
 8.0000E+06 2.2346E-03 8.1000E+06 2.2346E-03 8.1000E+06 2.2231E-03
 8.2000E+06 2.2231E-03 8.2000E+06 2.2115E-03 8.3000E+06 2.2115E-03
 8.3000E+06 2.2006E-03 8.4000E+06 2.2006E-03 8.4000E+06 2.1896E-03
 8.5000E+06 2.1896E-03 8.5000E+06 2.1819E-03 8.6000E+06 2.1819E-03
 8.6000E+06 2.1775E-03 8.7000E+06 2.1775E-03 8.7000E+06 2.1730E-03
 8.8000E+06 2.1730E-03 8.8000E+06 2.1689E-03 8.9000E+06 2.1689E-03
 8.9000E+06 2.1647E-03 9.0000E+06 2.1647E-03 9.0000E+06 2.1620E-03
 9.1000E+06 2.1620E-03 9.1000E+06 2.1608E-03 9.2000E+06 2.1608E-03
 9.2000E+06 2.1595E-03 9.3000E+06 2.1595E-03 9.3000E+06 2.1586E-03
 9.4000E+06 2.1586E-03 9.4000E+06 2.1575E-03 9.5000E+06 2.1575E-03
 9.5000E+06 2.1566E-03 9.6000E+06 2.1566E-03 9.6000E+06 2.1559E-03
 9.7000E+06 2.1559E-03 9.7000E+06 2.1550E-03 9.8000E+06 2.1550E-03
 9.8000E+06 2.1545E-03 9.9000E+06 2.1545E-03 9.9000E+06 2.1538E-03
 1.0000E+07 2.1538E-03 1.0000E+07 2.1481E-03 1.0100E+07 2.1481E-03
 1.0100E+07 2.1375E-03 1.0200E+07 2.1375E-03 1.0200E+07 2.1267E-03
 1.0300E+07 2.1267E-03 1.0300E+07 2.1167E-03 1.0400E+07 2.1167E-03
 1.0400E+07 2.1066E-03 1.0500E+07 2.1066E-03 1.0500E+07 2.0900E-03
 1.0600E+07 2.0900E-03 1.0600E+07 2.0669E-03 1.0700E+07 2.0669E-03
 1.0700E+07 2.0437E-03 1.0800E+07 2.0437E-03 1.0800E+07 2.0219E-03
 1.0900E+07 2.0219E-03 1.0900E+07 2.0000E-03 1.1000E+07 2.0000E-03
 1.1000E+07 1.9757E-03 1.1100E+07 1.9757E-03 1.1100E+07 1.9490E-03
 1.1200E+07 1.9490E-03 1.1200E+07 1.9223E-03 1.1300E+07 1.9223E-03
 1.1300E+07 1.8971E-03 1.1400E+07 1.8971E-03 1.1400E+07 1.8718E-03
 1.1500E+07 1.8718E-03 1.1500E+07 1.8473E-03 1.1600E+07 1.8473E-03
 1.1600E+07 1.8234E-03 1.1700E+07 1.8234E-03 1.1700E+07 1.7996E-03
 1.1800E+07 1.7996E-03 1.1800E+07 1.7770E-03 1.1900E+07 1.7770E-03
 1.1900E+07 1.7545E-03 1.2000E+07 1.7545E-03 1.2000E+07 1.7344E-03
 1.2100E+07 1.7344E-03 1.2100E+07 1.7166E-03 1.2200E+07 1.7166E-03
 1.2200E+07 1.6994E-03 1.2300E+07 1.6994E-03 1.2300E+07 1.6828E-03
 1.2400E+07 1.6828E-03 1.2400E+07 1.6661E-03 1.2500E+07 1.6661E-03
 1.2500E+07 1.6463E-03 1.2600E+07 1.6463E-03 1.2600E+07 1.6271E-03
 1.2700E+07 1.6271E-03 1.2700E+07 1.6079E-03 1.2800E+07 1.6079E-03
 1.2800E+07 1.5898E-03 1.2900E+07 1.5898E-03 1.2900E+07 1.5716E-03
 1.3000E+07 1.5716E-03 1.3000E+07 1.5468E-03 1.3100E+07 1.5468E-03
 1.3100E+07 1.5170E-03 1.3200E+07 1.5170E-03 1.3200E+07 1.4873E-03
 1.3300E+07 1.4873E-03 1.3300E+07 1.4595E-03 1.3400E+07 1.4595E-03
 1.3400E+07 1.4316E-03 1.3500E+07 1.4316E-03 1.3500E+07 1.3957E-03
 1.3600E+07 1.3957E-03 1.3600E+07 1.3527E-03 1.3700E+07 1.3527E-03
 1.3700E+07 1.3101E-03 1.3800E+07 1.3101E-03 1.3800E+07 1.2709E-03
 1.3900E+07 1.2709E-03 1.3900E+07 1.2319E-03 1.4000E+07 1.2319E-03
 1.4000E+07 1.1884E-03 1.4100E+07 1.1884E-03 1.4100E+07 1.1405E-03
 1.4200E+07 1.1405E-03 1.4200E+07 1.0933E-03 1.4300E+07 1.0933E-03
 1.4300E+07 1.0505E-03 1.4400E+07 1.0505E-03 1.4400E+07 1.0082E-03
 1.4500E+07 1.0082E-03 1.4500E+07 9.6662E-04 1.4600E+07 9.6662E-04
 1.4600E+07 9.2586E-04 1.4700E+07 9.2586E-04 1.4700E+07 8.8547E-04
 1.4800E+07 8.8547E-04 1.4800E+07 8.4894E-04 1.4900E+07 8.4894E-04
 1.4900E+07 8.1299E-04 1.5000E+07 8.1299E-04 1.5000E+07 7.7937E-04
 1.5100E+07 7.7937E-04 1.5100E+07 7.4865E-04 1.5200E+07 7.4865E-04
 1.5200E+07 7.1814E-04 1.5300E+07 7.1814E-04 1.5300E+07 6.9040E-04
 1.5400E+07 6.9040E-04 1.5400E+07 6.6308E-04 1.5500E+07 6.6308E-04
 1.5500E+07 6.3814E-04 1.5600E+07 6.3814E-04 1.5600E+07 6.1626E-04
 1.5700E+07 6.1626E-04 1.5700E+07 5.9291E-04 1.5800E+07 5.9291E-04
 1.5800E+07 5.7307E-04 1.5900E+07 5.7307E-04 1.5900E+07 5.5339E-04
 1.6000E+07 5.5339E-04 1.6000E+07 5.3636E-04 1.6100E+07 5.3636E-04
 1.6100E+07 5.2198E-04 1.6200E+07 5.2198E-04 1.6200E+07 5.0761E-04
 1.6300E+07 5.0761E-04 1.6300E+07 4.9323E-04 1.6400E+07 4.9323E-04
 1.6400E+07 4.7885E-04 1.6500E+07 4.7885E-04 1.6500E+07 4.6670E-04
 1.6600E+07 4.6670E-04 1.6600E+07 4.5678E-04 1.6700E+07 4.5678E-04
 1.6700E+07 4.4686E-04 1.6800E+07 4.4686E-04 1.6800E+07 4.3694E-04
 1.6900E+07 4.3694E-04 1.6900E+07 4.2701E-04 1.7000E+07 4.2701E-04
 1.7000E+07 4.1842E-04 1.7100E+07 4.1842E-04 1.7100E+07 4.1114E-04
 1.7200E+07 4.1114E-04 1.7200E+07 4.0387E-04 1.7300E+07 4.0387E-04
 1.7300E+07 3.9660E-04 1.7400E+07 3.9660E-04 1.7400E+07 3.8932E-04
 1.7500E+07 3.8932E-04 1.7500E+07 3.8282E-04 1.7600E+07 3.8282E-04
 1.7600E+07 3.7709E-04 1.7700E+07 3.7709E-04 1.7700E+07 3.7136E-04
 1.7800E+07 3.7136E-04 1.7800E+07 3.6563E-04 1.7900E+07 3.6563E-04
 1.7900E+07 3.5987E-04 1.8000E+07 3.5987E-04 1.8000E+07 3.5492E-04
 1.8100E+07 3.5492E-04 1.8100E+07 3.5041E-04 1.8200E+07 3.5041E-04
 1.8200E+07 3.4590E-04 1.8300E+07 3.4590E-04 1.8300E+07 3.4139E-04
 1.8400E+07 3.4139E-04 1.8400E+07 3.3689E-04 1.8500E+07 3.3689E-04
 1.8500E+07 3.3283E-04 1.8600E+07 3.3283E-04 1.8600E+07 3.2923E-04
 1.8700E+07 3.2923E-04 1.8700E+07 3.2563E-04 1.8800E+07 3.2563E-04
 1.8800E+07 3.2202E-04 1.8900E+07 3.2202E-04 1.8900E+07 3.1842E-04
 1.9000E+07 3.1842E-04 1.9000E+07 3.1516E-04 1.9100E+07 3.1516E-04
 1.9100E+07 3.1224E-04 1.9200E+07 3.1224E-04 1.9200E+07 3.0933E-04
 1.9300E+07 3.0933E-04 1.9300E+07 3.0641E-04 1.9400E+07 3.0641E-04
 1.9400E+07 3.0349E-04 1.9500E+07 3.0349E-04 1.9500E+07 3.0055E-04
 1.9600E+07 3.0055E-04 1.9600E+07 2.9758E-04 1.9700E+07 2.9758E-04
 1.9700E+07 2.9462E-04 1.9800E+07 2.9462E-04 1.9800E+07 2.9165E-04
 1.9900E+07 2.9165E-04 1.9900E+07 2.8869E-04 2.0000E+07 2.8869E-04
 2.0000E+07 0.0000E+00 