 1.0000E-05 0.0000E+00 1.0000E-05 4.2569E+01 1.0500E-04 4.2569E+01
 1.0500E-04 4.1538E+01 1.1000E-04 4.1538E+01 1.1000E-04 4.0662E+01
 1.1500E-04 4.0662E+01 1.1500E-04 3.9850E+01 1.2000E-04 3.9850E+01
 1.2000E-04 3.8832E+01 1.2750E-04 3.8832E+01 1.2750E-04 3.7619E+01
 1.3500E-04 3.7619E+01 1.3500E-04 3.6605E+01 1.4250E-04 3.6605E+01
 1.4250E-04 3.5685E+01 1.5000E-04 3.5685E+01 1.5000E-04 3.4612E+01
 1.6000E-04 3.4612E+01 1.6000E-04 3.3558E+01 1.7000E-04 3.3558E+01
 1.7000E-04 3.2589E+01 1.8000E-04 3.2589E+01 1.8000E-04 3.1665E+01
 1.9000E-04 3.1665E+01 1.9000E-04 3.0868E+01 2.0000E-04 3.0868E+01
 2.0000E-04 3.0082E+01 2.1000E-04 3.0082E+01 2.1000E-04 2.9420E+01
 2.2000E-04 2.9420E+01 2.2000E-04 2.8808E+01 2.3000E-04 2.8808E+01
 2.3000E-04 2.8195E+01 2.4000E-04 2.8195E+01 2.4000E-04 2.7428E+01
 2.5500E-04 2.7428E+01 2.5500E-04 2.6598E+01 2.7000E-04 2.6598E+01
 2.7000E-04 2.6026E+01 2.8000E-04 2.6026E+01 2.8000E-04 2.5336E+01
 3.0000E-04 2.5336E+01 3.0000E-04 2.4468E+01 3.2000E-04 2.4468E+01
 3.2000E-04 2.3742E+01 3.4000E-04 2.3742E+01 3.4000E-04 2.3027E+01
 3.6000E-04 2.3027E+01 3.6000E-04 2.2405E+01 3.8000E-04 2.2405E+01
 3.8000E-04 2.1824E+01 4.0000E-04 2.1824E+01 4.0000E-04 2.1222E+01
 4.2500E-04 2.1222E+01 4.2500E-04 2.0660E+01 4.5000E-04 2.0660E+01
 4.5000E-04 2.0100E+01 4.7500E-04 2.0100E+01 4.7500E-04 1.9541E+01
 5.0000E-04 1.9541E+01 5.0000E-04 1.9033E+01 5.2500E-04 1.9033E+01
 5.2500E-04 1.8616E+01 5.5000E-04 1.8616E+01 5.5000E-04 1.8201E+01
 5.7500E-04 1.8201E+01 5.7500E-04 1.7785E+01 6.0000E-04 1.7785E+01
 6.0000E-04 1.7373E+01 6.3000E-04 1.7373E+01 6.3000E-04 1.6984E+01
 6.6000E-04 1.6984E+01 6.6000E-04 1.6595E+01 6.9000E-04 1.6595E+01
 6.9000E-04 1.6220E+01 7.2000E-04 1.6220E+01 7.2000E-04 1.5847E+01
 7.6000E-04 1.5847E+01 7.6000E-04 1.5428E+01 8.0000E-04 1.5428E+01
 8.0000E-04 1.5057E+01 8.4000E-04 1.5057E+01 8.4000E-04 1.4735E+01
 8.8000E-04 1.4735E+01 8.8000E-04 1.4414E+01 9.2000E-04 1.4414E+01
 9.2000E-04 1.4092E+01 9.6000E-04 1.4092E+01 9.6000E-04 1.3770E+01
 1.0000E-03 1.3770E+01 1.0000E-03 1.3465E+01 1.0500E-03 1.3465E+01
 1.0500E-03 1.3168E+01 1.1000E-03 1.3168E+01 1.1000E-03 1.2870E+01
 1.1500E-03 1.2870E+01 1.1500E-03 1.2573E+01 1.2000E-03 1.2573E+01
 1.2000E-03 1.2255E+01 1.2750E-03 1.2255E+01 1.2750E-03 1.1907E+01
 1.3500E-03 1.1907E+01 1.3500E-03 1.1565E+01 1.4250E-03 1.1565E+01
 1.4250E-03 1.1273E+01 1.5000E-03 1.1273E+01 1.5000E-03 1.0945E+01
 1.6000E-03 1.0945E+01 1.6000E-03 1.0623E+01 1.7000E-03 1.0623E+01
 1.7000E-03 1.0337E+01 1.8000E-03 1.0337E+01 1.8000E-03 1.0050E+01
 1.9000E-03 1.0050E+01 1.9000E-03 9.7642E+00 2.0000E-03 9.7642E+00
 2.0000E-03 9.5252E+00 2.1000E-03 9.5252E+00 2.1000E-03 9.3132E+00
 2.2000E-03 9.3132E+00 2.2000E-03 9.1013E+00 2.3000E-03 9.1013E+00
 2.3000E-03 8.8900E+00 2.4000E-03 8.8900E+00 2.4000E-03 8.6683E+00
 2.5500E-03 8.6683E+00 2.5500E-03 8.4210E+00 2.7000E-03 8.4210E+00
 2.7000E-03 8.2161E+00 2.8000E-03 8.2161E+00 2.8000E-03 8.0068E+00
 3.0000E-03 8.0068E+00 3.0000E-03 7.7414E+00 3.2000E-03 7.7414E+00
 3.2000E-03 7.5154E+00 3.4000E-03 7.5154E+00 3.4000E-03 7.3119E+00
 3.6000E-03 7.3119E+00 3.6000E-03 7.1083E+00 3.8000E-03 7.1083E+00
 3.8000E-03 6.9057E+00 4.0000E-03 6.9057E+00 4.0000E-03 6.7193E+00
 4.2500E-03 6.7193E+00 4.2500E-03 6.5314E+00 4.5000E-03 6.5314E+00
 4.5000E-03 6.3435E+00 4.7500E-03 6.3435E+00 4.7500E-03 6.1762E+00
 5.0000E-03 6.1762E+00 5.0000E-03 6.0302E+00 5.2500E-03 6.0302E+00
 5.2500E-03 5.8841E+00 5.5000E-03 5.8841E+00 5.5000E-03 5.7478E+00
 5.7500E-03 5.7478E+00 5.7500E-03 5.6297E+00 6.0000E-03 5.6297E+00
 6.0000E-03 5.5000E+00 6.3000E-03 5.5000E+00 6.3000E-03 5.3718E+00
 6.6000E-03 5.3718E+00 6.6000E-03 5.2636E+00 6.9000E-03 5.2636E+00
 6.9000E-03 5.1555E+00 7.2000E-03 5.1555E+00 7.2000E-03 5.0292E+00
 7.6000E-03 5.0292E+00 7.6000E-03 4.8858E+00 8.0000E-03 4.8858E+00
 8.0000E-03 4.7681E+00 8.4000E-03 4.7681E+00 8.4000E-03 4.6617E+00
 8.8000E-03 4.6617E+00 8.8000E-03 4.5553E+00 9.2000E-03 4.5553E+00
 9.2000E-03 4.4496E+00 9.6000E-03 4.4496E+00 9.6000E-03 4.3607E+00
 1.0000E-02 4.3607E+00 1.0000E-02 4.2675E+00 1.0500E-02 4.2675E+00
 1.0500E-02 4.1641E+00 1.1000E-02 4.1641E+00 1.1000E-02 4.0679E+00
 1.1500E-02 4.0679E+00 1.1500E-02 3.9845E+00 1.2000E-02 3.9845E+00
 1.2000E-02 3.8804E+00 1.2750E-02 3.8804E+00 1.2750E-02 3.7738E+00
 1.3500E-02 3.7738E+00 1.3500E-02 3.6783E+00 1.4250E-02 3.6783E+00
 1.4250E-02 3.5827E+00 1.5000E-02 3.5827E+00 1.5000E-02 3.4717E+00
 1.6000E-02 3.4717E+00 1.6000E-02 3.3667E+00 1.7000E-02 3.3667E+00
 1.7000E-02 3.2727E+00 1.8000E-02 3.2727E+00 1.8000E-02 3.1786E+00
 1.9000E-02 3.1786E+00 1.9000E-02 3.0957E+00 2.0000E-02 3.0957E+00
 2.0000E-02 3.0227E+00 2.1000E-02 3.0227E+00 2.1000E-02 2.9496E+00
 2.2000E-02 2.9496E+00 2.2000E-02 2.8818E+00 2.3000E-02 2.8818E+00
 2.3000E-02 2.8229E+00 2.4000E-02 2.8229E+00 2.4000E-02 2.7494E+00
 2.5500E-02 2.7494E+00 2.5500E-02 2.6714E+00 2.7000E-02 2.6714E+00
 2.7000E-02 2.6115E+00 2.8000E-02 2.6115E+00 2.8000E-02 2.5414E+00
 3.0000E-02 2.5414E+00 3.0000E-02 2.4603E+00 3.2000E-02 2.4603E+00
 3.2000E-02 2.3842E+00 3.4000E-02 2.3842E+00 3.4000E-02 2.3212E+00
 3.6000E-02 2.3212E+00 3.6000E-02 2.2600E+00 3.8000E-02 2.2600E+00
 3.8000E-02 2.1988E+00 4.0000E-02 2.1988E+00 4.0000E-02 2.1359E+00
 4.2500E-02 2.1359E+00 4.2500E-02 2.0780E+00 4.5000E-02 2.0780E+00
 4.5000E-02 2.0205E+00 4.7500E-02 2.0205E+00 4.7500E-02 1.9664E+00
 5.0000E-02 1.9664E+00 5.0000E-02 1.9208E+00 5.2500E-02 1.9208E+00
 5.2500E-02 1.8756E+00 5.5000E-02 1.8756E+00 5.5000E-02 1.8324E+00
 5.7500E-02 1.8324E+00 5.7500E-02 1.7953E+00 6.0000E-02 1.7953E+00
 6.0000E-02 1.7549E+00 6.3000E-02 1.7549E+00 6.3000E-02 1.7136E+00
 6.6000E-02 1.7136E+00 6.6000E-02 1.6768E+00 6.9000E-02 1.6768E+00
 6.9000E-02 1.6405E+00 7.2000E-02 1.6405E+00 7.2000E-02 1.6050E+00
 7.6000E-02 1.6050E+00 7.6000E-02 1.5662E+00 8.0000E-02 1.5662E+00
 8.0000E-02 1.5274E+00 8.4000E-02 1.5274E+00 8.4000E-02 1.4895E+00
 8.8000E-02 1.4895E+00 8.8000E-02 1.4585E+00 9.2000E-02 1.4585E+00
 9.2000E-02 1.4289E+00 9.6000E-02 1.4289E+00 9.6000E-02 1.3993E+00
 1.0000E-01 1.3993E+00 1.0000E-01 1.3680E+00 1.0500E-01 1.3680E+00
 1.0500E-01 1.3382E+00 1.1000E-01 1.3382E+00 1.1000E-01 1.3088E+00
 1.1500E-01 1.3088E+00 1.1500E-01 1.2805E+00 1.2000E-01 1.2805E+00
 1.2000E-01 1.2505E+00 1.2750E-01 1.2505E+00 1.2750E-01 1.2148E+00
 1.3500E-01 1.2148E+00 1.3500E-01 1.1835E+00 1.4250E-01 1.1835E+00
 1.4250E-01 1.1536E+00 1.5000E-01 1.1536E+00 1.5000E-01 1.1246E+00
 1.6000E-01 1.1246E+00 1.6000E-01 1.0925E+00 1.7000E-01 1.0925E+00
 1.7000E-01 1.0605E+00 1.8000E-01 1.0605E+00 1.8000E-01 1.0335E+00
 1.9000E-01 1.0335E+00 1.9000E-01 1.0089E+00 2.0000E-01 1.0089E+00
 2.0000E-01 9.8434E-01 2.1000E-01 9.8434E-01 2.1000E-01 9.6297E-01
 2.2000E-01 9.6297E-01 2.2000E-01 9.4334E-01 2.3000E-01 9.4334E-01
 2.3000E-01 9.2373E-01 2.4000E-01 9.2373E-01 2.4000E-01 9.0284E-01
 2.5500E-01 9.0284E-01 2.5500E-01 8.7870E-01 2.7000E-01 8.7870E-01
 2.7000E-01 8.6008E-01 2.8000E-01 8.6008E-01 2.8000E-01 8.4248E-01
 3.0000E-01 8.4248E-01 3.0000E-01 8.1754E-01 3.2000E-01 8.1754E-01
 3.2000E-01 7.9322E-01 3.4000E-01 7.9322E-01 3.4000E-01 7.7370E-01
 3.6000E-01 7.7370E-01 3.6000E-01 7.5514E-01 3.8000E-01 7.5514E-01
 3.8000E-01 7.3689E-01 4.0000E-01 7.3689E-01 4.0000E-01 7.1993E-01
 4.2500E-01 7.1993E-01 4.2500E-01 7.0110E-01 4.5000E-01 7.0110E-01
 4.5000E-01 6.8458E-01 4.7500E-01 6.8458E-01 4.7500E-01 6.7012E-01
 5.0000E-01 6.7012E-01 5.0000E-01 6.5608E-01 5.2500E-01 6.5608E-01
 5.2500E-01 6.4475E-01 5.5000E-01 6.4475E-01 5.5000E-01 6.3388E-01
 5.7500E-01 6.3388E-01 5.7500E-01 6.2301E-01 6.0000E-01 6.2301E-01
 6.0000E-01 6.1107E-01 6.3000E-01 6.1107E-01 6.3000E-01 5.9936E-01
 6.6000E-01 5.9936E-01 6.6000E-01 5.9003E-01 6.9000E-01 5.9003E-01
 6.9000E-01 5.8073E-01 7.2000E-01 5.8073E-01 7.2000E-01 5.6991E-01
 7.6000E-01 5.6991E-01 7.6000E-01 5.5939E-01 8.0000E-01 5.5939E-01
 8.0000E-01 5.5021E-01 8.4000E-01 5.5021E-01 8.4000E-01 5.4101E-01
 8.8000E-01 5.4101E-01 8.8000E-01 5.3305E-01 9.2000E-01 5.3305E-01
 9.2000E-01 5.2610E-01 9.6000E-01 5.2610E-01 9.6000E-01 5.1915E-01
 1.0000E+00 5.1915E-01 1.0000E+00 5.1265E-01 1.0500E+00 5.1265E-01
 1.0500E+00 5.0660E-01 1.1000E+00 5.0660E-01 1.1000E+00 5.0054E-01
 1.1500E+00 5.0054E-01 1.1500E+00 4.9449E-01 1.2000E+00 4.9449E-01
 1.2000E+00 4.8820E-01 1.2750E+00 4.8820E-01 1.2750E+00 4.8260E-01
 1.3500E+00 4.8260E-01 1.3500E+00 4.7702E-01 1.4250E+00 4.7702E-01
 1.4250E+00 4.7279E-01 1.5000E+00 4.7279E-01 1.5000E+00 4.6925E-01
 1.6000E+00 4.6925E-01 1.6000E+00 4.6576E-01 1.7000E+00 4.6576E-01
 1.7000E+00 4.6422E-01 1.8000E+00 4.6422E-01 1.8000E+00 4.6332E-01
 1.9000E+00 4.6332E-01 1.9000E+00 4.6493E-01 2.0000E+00 4.6493E-01
 2.0000E+00 4.6690E-01 2.1000E+00 4.6690E-01 2.1000E+00 4.6886E-01
 2.2000E+00 4.6886E-01 2.2000E+00 4.7102E-01 2.3000E+00 4.7102E-01
 2.3000E+00 4.7625E-01 2.4000E+00 4.7625E-01 2.4000E+00 4.8401E-01
 2.5500E+00 4.8401E-01 2.5500E+00 4.9334E-01 2.7000E+00 4.9334E-01
 2.7000E+00 5.0404E-01 2.8000E+00 5.0404E-01 2.8000E+00 5.2066E-01
 3.0000E+00 5.2066E-01 3.0000E+00 5.4417E-01 3.2000E+00 5.4417E-01
 3.2000E+00 5.7773E-01 3.4000E+00 5.7773E-01 3.4000E+00 6.1436E-01
 3.6000E+00 6.1436E-01 3.6000E+00 6.6363E-01 3.8000E+00 6.6363E-01
 3.8000E+00 7.2401E-01 4.0000E+00 7.2401E-01 4.0000E+00 8.1580E-01
 4.2500E+00 8.1580E-01 4.2500E+00 1.3135E+00 4.5000E+00 1.3135E+00
 4.5000E+00 1.1216E+00 4.7500E+00 1.1216E+00 4.7500E+00 1.3679E+00
 5.0000E+00 1.3679E+00 5.0000E+00 1.7579E+00 5.2500E+00 1.7579E+00
 5.2500E+00 2.3966E+00 5.5000E+00 2.3966E+00 5.5000E+00 3.5261E+00
 5.7500E+00 3.5261E+00 5.7500E+00 5.9195E+00 6.0000E+00 5.9195E+00
 6.0000E+00 1.4038E+01 6.3000E+00 1.4038E+01 6.3000E+00 1.2082E+02
 6.6000E+00 1.2082E+02 6.6000E+00 2.7100E+03 6.9000E+00 2.7100E+03
 6.9000E+00 2.8064E+01 7.2000E+00 2.8064E+01 7.2000E+00 6.7866E+00
 7.6000E+00 6.7866E+00 7.6000E+00 2.7359E+00 8.0000E+00 2.7359E+00
 8.0000E+00 1.4808E+00 8.4000E+00 1.4808E+00 8.4000E+00 9.5961E-01
 8.8000E+00 9.5961E-01 8.8000E+00 6.9111E-01 9.2000E+00 6.9111E-01
 9.2000E+00 5.4090E-01 9.6000E+00 5.4090E-01 9.6000E+00 4.5797E-01
 1.0000E+01 4.5797E-01 1.0000E+01 1.6993E+00 1.0500E+01 1.6993E+00
 1.0500E+01 3.4148E-01 1.1000E+01 3.4148E-01 1.1000E+01 5.8090E-01
 1.1500E+01 5.8090E-01 1.1500E+01 2.8984E-01 1.2000E+01 2.8984E-01
 1.2000E+01 2.7706E-01 1.2750E+01 2.7706E-01 1.2750E+01 2.8050E-01
 1.3500E+01 2.8050E-01 1.3500E+01 2.9863E-01 1.4250E+01 2.9863E-01
 1.4250E+01 3.3206E-01 1.5000E+01 3.3206E-01 1.5000E+01 3.9920E-01
 1.6000E+01 3.9920E-01 1.6000E+01 5.3767E-01 1.7000E+01 5.3767E-01
 1.7000E+01 8.1984E-01 1.8000E+01 8.1984E-01 1.8000E+01 1.5571E+00
 1.9000E+01 1.5571E+00 1.9000E+01 5.2401E+00 2.0000E+01 5.2401E+00
 2.0000E+01 1.3012E+03 2.1000E+01 1.3012E+03 2.1000E+01 5.1053E+01
 2.2000E+01 5.1053E+01 2.2000E+01 3.1080E+00 2.3000E+01 3.1080E+00
 2.3000E+01 1.1822E+00 2.4000E+01 1.1822E+00 2.4000E+01 6.6926E-01
 2.5500E+01 6.6926E-01 2.5500E+01 4.7609E-01 2.7000E+01 4.7609E-01
 2.7000E+01 3.6776E-01 2.8000E+01 3.6776E-01 2.8000E+01 3.9007E-01
 3.0000E+01 3.9007E-01 3.0000E+01 5.6778E-01 3.2000E+01 5.6778E-01
 3.2000E+01 1.2307E+00 3.4000E+01 1.2307E+00 3.4000E+01 7.7291E+00
 3.6000E+01 7.7291E+00 3.6000E+01 7.5620E+02 3.8000E+01 7.5620E+02
 3.8000E+01 3.1829E+00 4.0000E+01 3.1829E+00 4.0000E+01 7.2761E-01
 4.2500E+01 7.2761E-01 4.2500E+01 3.3729E-01 4.5000E+01 3.3729E-01
 4.5000E+01 2.6629E-01 4.7500E+01 2.6629E-01 4.7500E+01 1.6495E-01
 5.0000E+01 1.6495E-01 5.0000E+01 1.0518E-01 5.2500E+01 1.0518E-01
 5.2500E+01 1.0047E-01 5.5000E+01 1.0047E-01 5.5000E+01 1.1369E-01
 5.7500E+01 1.1369E-01 5.7500E+01 1.7235E-01 6.0000E+01 1.7235E-01
 6.0000E+01 3.6027E-01 6.3000E+01 3.6027E-01 6.3000E+01 4.9313E+01
 6.6000E+01 4.9313E+01 6.6000E+01 1.9980E+02 6.9000E+01 1.9980E+02
 6.9000E+01 3.4955E-01 7.2000E+01 3.4955E-01 7.2000E+01 1.7417E-01
 7.6000E+01 1.7417E-01 7.6000E+01 1.7092E-01 8.0000E+01 1.7092E-01
 8.0000E+01 2.1620E+01 8.4000E+01 2.1620E+01 8.4000E+01 8.8420E-02
 8.8000E+01 8.8420E-02 8.8000E+01 1.2054E+00 9.2000E+01 1.2054E+00
 9.2000E+01 2.5131E-01 9.6000E+01 2.5131E-01 9.6000E+01 7.2388E-01
 1.0000E+02 7.2388E-01 1.0000E+02 1.3981E+02 1.0500E+02 1.3981E+02
 1.0500E+02 6.3962E-01 1.1000E+02 6.3962E-01 1.1000E+02 4.3792E-01
 1.1500E+02 4.3792E-01 1.1500E+02 8.5598E+01 1.2000E+02 8.5598E+01
 1.2000E+02 2.3213E-01 1.2750E+02 2.3213E-01 1.2750E+02 7.0538E-02
 1.3500E+02 7.0538E-02 1.3500E+02 3.9220E-02 1.4250E+02 3.9220E-02
 1.4250E+02 3.0772E+00 1.5000E+02 3.0772E+00 1.5000E+02 2.1688E-01
 1.6000E+02 2.1688E-01 1.6000E+02 7.2260E+00 1.7000E+02 7.2260E+00
 1.7000E+02 2.0374E-01 1.8000E+02 2.0374E-01 1.8000E+02 3.7689E+01
 1.9000E+02 3.7689E+01 1.9000E+02 3.9293E+00 2.0000E+02 3.9293E+00
 2.0000E+02 3.1331E+01 2.1000E+02 3.1331E+01 2.1000E+02 4.4776E-01
 2.2000E+02 4.4776E-01 2.2000E+02 5.4929E-02 2.3000E+02 5.4929E-02
 2.3000E+02 2.1832E+01 2.4000E+02 2.1832E+01 2.4000E+02 3.7608E-01
 2.5500E+02 3.7608E-01 2.5500E+02 3.4280E-01 2.7000E+02 3.4280E-01
 2.7000E+02 1.7949E+01 2.8000E+02 1.7949E+01 2.8000E+02 6.5057E+00
 3.0000E+02 6.5057E+00 3.0000E+02 6.8354E-01 3.2000E+02 6.8354E-01
 3.2000E+02 1.4567E-01 3.4000E+02 1.4567E-01 3.4000E+02 1.0371E+01
 3.6000E+02 1.0371E+01 3.6000E+02 6.3341E-01 3.8000E+02 6.3341E-01
 3.8000E+02 2.3960E+00 4.0000E+02 2.3960E+00 4.0000E+02 4.4108E+00
 4.2500E+02 4.4108E+00 4.2500E+02 2.6137E+00 4.5000E+02 2.6137E+00
 4.5000E+02 1.8797E+00 4.7500E+02 1.8797E+00 4.7500E+02 1.5242E+00
 5.0000E+02 1.5242E+00 5.0000E+02 4.9526E+00 5.2500E+02 4.9526E+00
 5.2500E+02 4.6597E+00 5.5000E+02 4.6597E+00 5.5000E+02 2.9120E-01
 5.7500E+02 2.9120E-01 5.7500E+02 8.9371E+00 6.0000E+02 8.9371E+00
 6.0000E+02 3.9953E+00 6.3000E+02 3.9953E+00 6.3000E+02 1.5184E-01
 6.6000E+02 1.5184E-01 6.6000E+02 4.3023E+00 6.9000E+02 4.3023E+00
 6.9000E+02 5.1107E+00 7.2000E+02 5.1107E+00 7.2000E+02 5.5932E-01
 7.6000E+02 5.5932E-01 7.6000E+02 1.8952E+00 8.0000E+02 1.8952E+00
 8.0000E+02 2.1152E+00 8.4000E+02 2.1152E+00 8.4000E+02 4.7325E+00
 8.8000E+02 4.7325E+00 8.8000E+02 2.0086E+00 9.2000E+02 2.0086E+00
 9.2000E+02 5.1562E+00 9.6000E+02 5.1562E+00 9.6000E+02 2.4021E+00
 1.0000E+03 2.4021E+00 1.0000E+03 9.3925E-01 1.0500E+03 9.3925E-01
 1.0500E+03 2.4880E+00 1.1000E+03 2.4880E+00 1.1000E+03 3.4430E+00
 1.1500E+03 3.4430E+00 1.1500E+03 4.2249E+00 1.2000E+03 4.2249E+00
 1.2000E+03 2.8122E+00 1.2750E+03 2.8122E+00 1.2750E+03 2.6160E-01
 1.3500E+03 2.6160E-01 1.3500E+03 2.0313E+00 1.4250E+03 2.0313E+00
 1.4250E+03 1.5898E+00 1.5000E+03 1.5898E+00 1.5000E+03 1.7045E+00
 1.6000E+03 1.7045E+00 1.6000E+03 1.9893E+00 1.7000E+03 1.9893E+00
 1.7000E+03 2.3552E+00 1.8000E+03 2.3552E+00 1.8000E+03 4.8172E-01
 1.9000E+03 4.8172E-01 1.9000E+03 1.6867E+00 2.0000E+03 1.6867E+00
 2.0000E+03 1.6171E+00 2.1000E+03 1.6171E+00 2.1000E+03 1.4651E+00
 2.2000E+03 1.4651E+00 2.2000E+03 1.7262E+00 2.3000E+03 1.7262E+00
 2.3000E+03 1.3504E+00 2.4000E+03 1.3504E+00 2.4000E+03 1.5195E+00
 2.5500E+03 1.5195E+00 2.5500E+03 1.4559E+00 2.7000E+03 1.4559E+00
 2.7000E+03 1.2139E+00 2.8000E+03 1.2139E+00 2.8000E+03 8.9959E-01
 3.0000E+03 8.9959E-01 3.0000E+03 1.1102E+00 3.2000E+03 1.1102E+00
 3.2000E+03 1.3166E+00 3.4000E+03 1.3166E+00 3.4000E+03 1.0115E+00
 3.6000E+03 1.0115E+00 3.6000E+03 9.6928E-01 3.8000E+03 9.6928E-01
 3.8000E+03 9.5550E-01 4.0000E+03 9.5550E-01 4.0000E+03 6.8001E-01
 4.2500E+03 6.8001E-01 4.2500E+03 7.7159E-01 4.5000E+03 7.7159E-01
 4.5000E+03 8.8381E-01 4.7500E+03 8.8381E-01 4.7500E+03 9.5645E-01
 5.0000E+03 9.5645E-01 5.0000E+03 7.1512E-01 5.2500E+03 7.1512E-01
 5.2500E+03 7.9464E-01 5.5000E+03 7.9464E-01 5.5000E+03 7.4240E-01
 5.7500E+03 7.4240E-01 5.7500E+03 8.8394E-01 6.0000E+03 8.8394E-01
 6.0000E+03 9.4551E-01 6.3000E+03 9.4551E-01 6.3000E+03 7.1828E-01
 6.6000E+03 7.1828E-01 6.6000E+03 7.5487E-01 6.9000E+03 7.5487E-01
 6.9000E+03 7.6200E-01 7.2000E+03 7.6200E-01 7.2000E+03 5.8530E-01
 7.6000E+03 5.8530E-01 7.6000E+03 6.5736E-01 8.0000E+03 6.5736E-01
 8.0000E+03 5.6683E-01 8.4000E+03 5.6683E-01 8.4000E+03 6.0570E-01
 8.8000E+03 6.0570E-01 8.8000E+03 7.2117E-01 9.2000E+03 7.2117E-01
 9.2000E+03 5.0892E-01 9.6000E+03 5.0892E-01 9.6000E+03 5.6850E-01
 1.0000E+04 5.6850E-01 1.0000E+04 7.1206E-01 1.0500E+04 7.1206E-01
 1.0500E+04 6.9905E-01 1.1000E+04 6.9905E-01 1.1000E+04 6.8599E-01
 1.1500E+04 6.8599E-01 1.1500E+04 6.7298E-01 1.2000E+04 6.7298E-01
 1.2000E+04 6.5867E-01 1.2750E+04 6.5867E-01 1.2750E+04 6.4288E-01
 1.3500E+04 6.4288E-01 1.3500E+04 6.2719E-01 1.4250E+04 6.2719E-01
 1.4250E+04 6.1342E-01 1.5000E+04 6.1342E-01 1.5000E+04 5.9803E-01
 1.6000E+04 5.9803E-01 1.6000E+04 5.8177E-01 1.7000E+04 5.8177E-01
 1.7000E+04 5.6679E-01 1.8000E+04 5.6679E-01 1.8000E+04 5.5273E-01
 1.9000E+04 5.5273E-01 1.9000E+04 5.3972E-01 2.0000E+04 5.3972E-01
 2.0000E+04 5.2770E-01 2.1000E+04 5.2770E-01 2.1000E+04 5.1664E-01
 2.2000E+04 5.1664E-01 2.2000E+04 5.0556E-01 2.3000E+04 5.0556E-01
 2.3000E+04 4.9538E-01 2.4000E+04 4.9538E-01 2.4000E+04 4.8386E-01
 2.5500E+04 4.8386E-01 2.5500E+04 4.7050E-01 2.7000E+04 4.7050E-01
 2.7000E+04 4.6076E-01 2.8000E+04 4.6076E-01 2.8000E+04 4.4938E-01
 3.0000E+04 4.4938E-01 3.0000E+04 4.3561E-01 3.2000E+04 4.3561E-01
 3.2000E+04 4.2340E-01 3.4000E+04 4.2340E-01 3.4000E+04 4.1149E-01
 3.6000E+04 4.1149E-01 3.6000E+04 4.0151E-01 3.8000E+04 4.0151E-01
 3.8000E+04 3.9182E-01 4.0000E+04 3.9182E-01 4.0000E+04 3.8212E-01
 4.2500E+04 3.8212E-01 4.2500E+04 3.7237E-01 4.5000E+04 3.7237E-01
 4.5000E+04 3.5698E-01 4.7500E+04 3.5698E-01 4.7500E+04 3.3506E-01
 5.0000E+04 3.3506E-01 5.0000E+04 3.1641E-01 5.2500E+04 3.1641E-01
 5.2500E+04 3.0111E-01 5.5000E+04 3.0111E-01 5.5000E+04 2.8731E-01
 5.7500E+04 2.8731E-01 5.7500E+04 2.7500E-01 6.0000E+04 2.7500E-01
 6.0000E+04 2.6346E-01 6.3000E+04 2.6346E-01 6.3000E+04 2.5263E-01
 6.6000E+04 2.5263E-01 6.6000E+04 2.4183E-01 6.9000E+04 2.4183E-01
 6.9000E+04 2.3178E-01 7.2000E+04 2.3178E-01 7.2000E+04 2.2300E-01
 7.6000E+04 2.2300E-01 7.6000E+04 2.1315E-01 8.0000E+04 2.1315E-01
 8.0000E+04 2.0467E-01 8.4000E+04 2.0467E-01 8.4000E+04 1.9759E-01
 8.8000E+04 1.9759E-01 8.8000E+04 1.9073E-01 9.2000E+04 1.9073E-01
 9.2000E+04 1.8522E-01 9.6000E+04 1.8522E-01 9.6000E+04 1.7993E-01
 1.0000E+05 1.7993E-01 1.0000E+05 1.7500E-01 1.0500E+05 1.7500E-01
 1.0500E+05 1.7045E-01 1.1000E+05 1.7045E-01 1.1000E+05 1.6588E-01
 1.1500E+05 1.6588E-01 1.1500E+05 1.6132E-01 1.2000E+05 1.6132E-01
 1.2000E+05 1.5684E-01 1.2750E+05 1.5684E-01 1.2750E+05 1.5248E-01
 1.3500E+05 1.5248E-01 1.3500E+05 1.4817E-01 1.4250E+05 1.4817E-01
 1.4250E+05 1.4466E-01 1.5000E+05 1.4466E-01 1.5000E+05 1.4113E-01
 1.6000E+05 1.4113E-01 1.6000E+05 1.3763E-01 1.7000E+05 1.3763E-01
 1.7000E+05 1.3452E-01 1.8000E+05 1.3452E-01 1.8000E+05 1.3185E-01
 1.9000E+05 1.3185E-01 1.9000E+05 1.2957E-01 2.0000E+05 1.2957E-01
 2.0000E+05 1.2753E-01 2.1000E+05 1.2753E-01 2.1000E+05 1.2572E-01
 2.2000E+05 1.2572E-01 2.2000E+05 1.2391E-01 2.3000E+05 1.2391E-01
 2.3000E+05 1.2234E-01 2.4000E+05 1.2234E-01 2.4000E+05 1.2067E-01
 2.5500E+05 1.2067E-01 2.5500E+05 1.1878E-01 2.7000E+05 1.1878E-01
 2.7000E+05 1.1750E-01 2.8000E+05 1.1750E-01 2.8000E+05 1.1601E-01
 3.0000E+05 1.1601E-01 3.0000E+05 1.1461E-01 3.2000E+05 1.1461E-01
 3.2000E+05 1.1398E-01 3.4000E+05 1.1398E-01 3.4000E+05 1.1372E-01
 3.6000E+05 1.1372E-01 3.6000E+05 1.1300E-01 3.8000E+05 1.1300E-01
 3.8000E+05 1.1226E-01 4.0000E+05 1.1226E-01 4.0000E+05 1.1155E-01
 4.2500E+05 1.1155E-01 4.2500E+05 1.1090E-01 4.5000E+05 1.1090E-01
 4.5000E+05 1.1020E-01 4.7500E+05 1.1020E-01 4.7500E+05 1.0955E-01
 5.0000E+05 1.0955E-01 5.0000E+05 1.0943E-01 5.2500E+05 1.0943E-01
 5.2500E+05 1.0997E-01 5.5000E+05 1.0997E-01 5.5000E+05 1.1018E-01
 5.7500E+05 1.1018E-01 5.7500E+05 1.1083E-01 6.0000E+05 1.1083E-01
 6.0000E+05 1.1269E-01 6.3000E+05 1.1269E-01 6.3000E+05 1.1545E-01
 6.6000E+05 1.1545E-01 6.6000E+05 1.1743E-01 6.9000E+05 1.1743E-01
 6.9000E+05 1.1884E-01 7.2000E+05 1.1884E-01 7.2000E+05 1.1915E-01
 7.6000E+05 1.1915E-01 7.6000E+05 1.1997E-01 8.0000E+05 1.1997E-01
 8.0000E+05 1.2097E-01 8.4000E+05 1.2097E-01 8.4000E+05 1.2191E-01
 8.8000E+05 1.2191E-01 8.8000E+05 1.2293E-01 9.2000E+05 1.2293E-01
 9.2000E+05 1.2482E-01 9.6000E+05 1.2482E-01 9.6000E+05 1.2554E-01
 1.0000E+06 1.2554E-01 1.0000E+06 1.1977E-01 1.1000E+06 1.1977E-01
 1.1000E+06 1.0719E-01 1.2000E+06 1.0719E-01 1.2000E+06 9.3358E-02
 1.3000E+06 9.3358E-02 1.3000E+06 8.3086E-02 1.4000E+06 8.3086E-02
 1.4000E+06 7.4683E-02 1.5000E+06 7.4683E-02 1.5000E+06 6.7583E-02
 1.6000E+06 6.7583E-02 1.6000E+06 6.2019E-02 1.7000E+06 6.2019E-02
 1.7000E+06 5.8018E-02 1.8000E+06 5.8018E-02 1.8000E+06 5.3546E-02
 1.9000E+06 5.3546E-02 1.9000E+06 4.8595E-02 2.0000E+06 4.8595E-02
 2.0000E+06 4.3991E-02 2.1000E+06 4.3991E-02 2.1000E+06 3.9740E-02
 2.2000E+06 3.9740E-02 2.2000E+06 3.6012E-02 2.3000E+06 3.6012E-02
 2.3000E+06 3.2812E-02 2.4000E+06 3.2812E-02 2.4000E+06 2.9712E-02
 2.5000E+06 2.9712E-02 2.5000E+06 2.6712E-02 2.6000E+06 2.6712E-02
 2.6000E+06 2.4035E-02 2.7000E+06 2.4035E-02 2.7000E+06 2.1684E-02
 2.8000E+06 2.1684E-02 2.8000E+06 1.9583E-02 2.9000E+06 1.9583E-02
 2.9000E+06 1.7733E-02 3.0000E+06 1.7733E-02 3.0000E+06 1.6146E-02
 3.1000E+06 1.6146E-02 3.1000E+06 1.4826E-02 3.2000E+06 1.4826E-02
 3.2000E+06 1.3506E-02 3.3000E+06 1.3506E-02 3.3000E+06 1.2186E-02
 3.4000E+06 1.2186E-02 3.4000E+06 1.0866E-02 3.5000E+06 1.0866E-02
 3.5000E+06 9.7738E-03 3.6000E+06 9.7738E-03 3.6000E+06 8.9138E-03
 3.7000E+06 8.9138E-03 3.7000E+06 8.0539E-03 3.8000E+06 8.0539E-03
 3.8000E+06 7.1939E-03 3.9000E+06 7.1939E-03 3.9000E+06 6.3340E-03
 4.0000E+06 6.3340E-03 4.0000E+06 5.6522E-03 4.1000E+06 5.6522E-03
 4.1000E+06 5.1523E-03 4.2000E+06 5.1523E-03 4.2000E+06 4.6523E-03
 4.3000E+06 4.6523E-03 4.3000E+06 4.1523E-03 4.4000E+06 4.1523E-03
 4.4000E+06 3.6524E-03 4.5000E+06 3.6524E-03 4.5000E+06 3.2692E-03
 4.6000E+06 3.2692E-03 4.6000E+06 3.0052E-03 4.7000E+06 3.0052E-03
 4.7000E+06 2.7412E-03 4.8000E+06 2.7412E-03 4.8000E+06 2.4772E-03
 4.9000E+06 2.4772E-03 4.9000E+06 2.2132E-03 5.0000E+06 2.2132E-03
 5.0000E+06 2.0354E-03 5.1000E+06 2.0354E-03 5.1000E+06 1.9454E-03
 5.2000E+06 1.9454E-03 5.2000E+06 1.8553E-03 5.3000E+06 1.8553E-03
 5.3000E+06 1.7654E-03 5.4000E+06 1.7654E-03 5.4000E+06 1.6754E-03
 5.5000E+06 1.6754E-03 5.5000E+06 1.6072E-03 5.6000E+06 1.6072E-03
 5.6000E+06 1.5612E-03 5.7000E+06 1.5612E-03 5.7000E+06 1.5151E-03
 5.8000E+06 1.5151E-03 5.8000E+06 1.4692E-03 5.9000E+06 1.4692E-03
 5.9000E+06 1.4232E-03 6.0000E+06 1.4232E-03 6.0000E+06 1.3871E-03
 6.1000E+06 1.3871E-03 6.1000E+06 1.3609E-03 6.2000E+06 1.3609E-03
 6.2000E+06 1.3350E-03 6.3000E+06 1.3350E-03 6.3000E+06 1.3091E-03
 6.4000E+06 1.3091E-03 6.4000E+06 1.2831E-03 6.5000E+06 1.2831E-03
 6.5000E+06 1.2571E-03 6.6000E+06 1.2571E-03 6.6000E+06 1.2311E-03
 6.7000E+06 1.2311E-03 6.7000E+06 1.2050E-03 6.8000E+06 1.2050E-03
 6.8000E+06 1.1791E-03 6.9000E+06 1.1791E-03 6.9000E+06 1.1531E-03
 7.0000E+06 1.1531E-03 7.0000E+06 1.1340E-03 7.1000E+06 1.1340E-03
 7.1000E+06 1.1220E-03 7.2000E+06 1.1220E-03 7.2000E+06 1.1099E-03
 7.3000E+06 1.1099E-03 7.3000E+06 1.0980E-03 7.4000E+06 1.0980E-03
 7.4000E+06 1.0860E-03 7.5000E+06 1.0860E-03 7.5000E+06 1.0740E-03
 7.6000E+06 1.0740E-03 7.6000E+06 1.0620E-03 7.7000E+06 1.0620E-03
 7.7000E+06 1.0499E-03 7.8000E+06 1.0499E-03 7.8000E+06 1.0380E-03
 7.9000E+06 1.0380E-03 7.9000E+06 1.0260E-03 8.0000E+06 1.0260E-03
 8.0000E+06 1.0214E-03 8.1000E+06 1.0214E-03 8.1000E+06 1.0244E-03
 8.2000E+06 1.0244E-03 8.2000E+06 1.0274E-03 8.3000E+06 1.0274E-03
 8.3000E+06 1.0304E-03 8.4000E+06 1.0304E-03 8.4000E+06 1.0334E-03
 8.5000E+06 1.0334E-03 8.5000E+06 1.0364E-03 8.6000E+06 1.0364E-03
 8.6000E+06 1.0394E-03 8.7000E+06 1.0394E-03 8.7000E+06 1.0424E-03
 8.8000E+06 1.0424E-03 8.8000E+06 1.0454E-03 8.9000E+06 1.0454E-03
 8.9000E+06 1.0484E-03 9.0000E+06 1.0484E-03 9.0000E+06 1.0583E-03
 9.1000E+06 1.0583E-03 9.1000E+06 1.0753E-03 9.2000E+06 1.0753E-03
 9.2000E+06 1.0923E-03 9.3000E+06 1.0923E-03 9.3000E+06 1.1093E-03
 9.4000E+06 1.1093E-03 9.4000E+06 1.1263E-03 9.5000E+06 1.1263E-03
 9.5000E+06 1.1433E-03 9.6000E+06 1.1433E-03 9.6000E+06 1.1603E-03
 9.7000E+06 1.1603E-03 9.7000E+06 1.1773E-03 9.8000E+06 1.1773E-03
 9.8000E+06 1.1943E-03 9.9000E+06 1.1943E-03 9.9000E+06 1.2113E-03
 1.0000E+07 1.2113E-03 1.0000E+07 1.2204E-03 1.0100E+07 1.2204E-03
 1.0100E+07 1.2214E-03 1.0200E+07 1.2214E-03 1.0200E+07 1.2224E-03
 1.0300E+07 1.2224E-03 1.0300E+07 1.2234E-03 1.0400E+07 1.2234E-03
 1.0400E+07 1.2244E-03 1.0500E+07 1.2244E-03 1.0500E+07 1.2254E-03
 1.0600E+07 1.2254E-03 1.0600E+07 1.2264E-03 1.0700E+07 1.2264E-03
 1.0700E+07 1.2274E-03 1.0800E+07 1.2274E-03 1.0800E+07 1.2284E-03
 1.0900E+07 1.2284E-03 1.0900E+07 1.2294E-03 1.1000E+07 1.2294E-03
 1.1000E+07 1.2259E-03 1.1100E+07 1.2259E-03 1.1100E+07 1.2179E-03
 1.1200E+07 1.2179E-03 1.1200E+07 1.2099E-03 1.1300E+07 1.2099E-03
 1.1300E+07 1.2016E-03 1.1400E+07 1.2016E-03 1.1400E+07 1.1939E-03
 1.1500E+07 1.1939E-03 1.1500E+07 1.1859E-03 1.1600E+07 1.1859E-03
 1.1600E+07 1.1779E-03 1.1700E+07 1.1779E-03 1.1700E+07 1.1699E-03
 1.1800E+07 1.1699E-03 1.1800E+07 1.1619E-03 1.1900E+07 1.1619E-03
 1.1900E+07 1.1539E-03 1.2000E+07 1.1539E-03 1.2000E+07 1.1434E-03
 1.2100E+07 1.1434E-03 1.2100E+07 1.1304E-03 1.2200E+07 1.1304E-03
 1.2200E+07 1.1174E-03 1.2300E+07 1.1174E-03 1.2300E+07 1.1044E-03
 1.2400E+07 1.1044E-03 1.2400E+07 1.0914E-03 1.2500E+07 1.0914E-03
 1.2500E+07 1.0771E-03 1.2600E+07 1.0771E-03 1.2600E+07 1.0641E-03
 1.2700E+07 1.0641E-03 1.2700E+07 1.0512E-03 1.2800E+07 1.0512E-03
 1.2800E+07 1.0383E-03 1.2900E+07 1.0383E-03 1.2900E+07 1.0254E-03
 1.3000E+07 1.0254E-03 1.3000E+07 1.0119E-03 1.3100E+07 1.0119E-03
 1.3100E+07 9.9803E-04 1.3200E+07 9.9803E-04 1.3200E+07 9.8412E-04
 1.3300E+07 9.8412E-04 1.3300E+07 9.7022E-04 1.3400E+07 9.7022E-04
 1.3400E+07 9.5631E-04 1.3500E+07 9.5631E-04 1.3500E+07 9.4241E-04
 1.3600E+07 9.4241E-04 1.3600E+07 9.2850E-04 1.3700E+07 9.2850E-04
 1.3700E+07 9.1459E-04 1.3800E+07 9.1459E-04 1.3800E+07 9.0068E-04
 1.3900E+07 9.0068E-04 1.3900E+07 8.8677E-04 1.4000E+07 8.8677E-04
 1.4000E+07 8.7136E-04 1.4100E+07 8.7136E-04 1.4100E+07 8.5446E-04
 1.4200E+07 8.5446E-04 1.4200E+07 8.3757E-04 1.4300E+07 8.3757E-04
 1.4300E+07 8.2067E-04 1.4400E+07 8.2067E-04 1.4400E+07 8.0377E-04
 1.4500E+07 8.0377E-04 1.4500E+07 7.8687E-04 1.4600E+07 7.8687E-04
 1.4600E+07 7.6997E-04 1.4700E+07 7.6997E-04 1.4700E+07 7.5307E-04
 1.4800E+07 7.5307E-04 1.4800E+07 7.3617E-04 1.4900E+07 7.3617E-04
 1.4900E+07 7.1926E-04 1.5000E+07 7.1926E-04 1.5000E+07 7.0414E-04
 1.5100E+07 7.0414E-04 1.5100E+07 6.9121E-04 1.5200E+07 6.9121E-04
 1.5200E+07 6.7828E-04 1.5300E+07 6.7828E-04 1.5300E+07 6.6535E-04
 1.5400E+07 6.6535E-04 1.5400E+07 6.5241E-04 1.5500E+07 6.5241E-04
 1.5500E+07 6.3948E-04 1.5600E+07 6.3948E-04 1.5600E+07 6.2644E-04
 1.5700E+07 6.2644E-04 1.5700E+07 6.1241E-04 1.5800E+07 6.1241E-04
 1.5800E+07 5.9941E-04 1.5900E+07 5.9941E-04 1.5900E+07 5.8641E-04
 1.6000E+07 5.8641E-04 1.6000E+07 5.7392E-04 1.6100E+07 5.7392E-04
 1.6100E+07 5.6192E-04 1.6200E+07 5.6192E-04 1.6200E+07 5.4992E-04
 1.6300E+07 5.4992E-04 1.6300E+07 5.3792E-04 1.6400E+07 5.3792E-04
 1.6400E+07 5.2592E-04 1.6500E+07 5.2592E-04 1.6500E+07 5.1392E-04
 1.6600E+07 5.1392E-04 1.6600E+07 5.0192E-04 1.6700E+07 5.0192E-04
 1.6700E+07 4.8992E-04 1.6800E+07 4.8992E-04 1.6800E+07 4.7793E-04
 1.6900E+07 4.7793E-04 1.6900E+07 4.6593E-04 1.7000E+07 4.6593E-04
 1.7000E+07 4.5643E-04 1.7100E+07 4.5643E-04 1.7100E+07 4.4943E-04
 1.7200E+07 4.4943E-04 1.7200E+07 4.4243E-04 1.7300E+07 4.4243E-04
 1.7300E+07 4.3543E-04 1.7400E+07 4.3543E-04 1.7400E+07 4.2843E-04
 1.7500E+07 4.2843E-04 1.7500E+07 4.2143E-04 1.7600E+07 4.2143E-04
 1.7600E+07 4.1443E-04 1.7700E+07 4.1443E-04 1.7700E+07 4.0743E-04
 1.7800E+07 4.0743E-04 1.7800E+07 4.0043E-04 1.7900E+07 4.0043E-04
 1.7900E+07 3.9343E-04 1.8000E+07 3.9343E-04 1.8000E+07 3.8693E-04
 1.8100E+07 3.8693E-04 1.8100E+07 3.8093E-04 1.8200E+07 3.8093E-04
 1.8200E+07 3.7493E-04 1.8300E+07 3.7493E-04 1.8300E+07 3.6894E-04
 1.8400E+07 3.6894E-04 1.8400E+07 3.6294E-04 1.8500E+07 3.6294E-04
 1.8500E+07 3.5694E-04 1.8600E+07 3.5694E-04 1.8600E+07 3.5094E-04
 1.8700E+07 3.5094E-04 1.8700E+07 3.4494E-04 1.8800E+07 3.4494E-04
 1.8800E+07 3.3894E-04 1.8900E+07 3.3894E-04 1.8900E+07 3.3294E-04
 1.9000E+07 3.3294E-04 1.9000E+07 3.2894E-04 1.9100E+07 3.2894E-04
 1.9100E+07 3.2694E-04 1.9200E+07 3.2694E-04 1.9200E+07 3.2494E-04
 1.9300E+07 3.2494E-04 1.9300E+07 3.2294E-04 1.9400E+07 3.2294E-04
 1.9400E+07 3.2094E-04 1.9500E+07 3.2094E-04 1.9500E+07 3.1894E-04
 1.9600E+07 3.1894E-04 1.9600E+07 3.1694E-04 1.9700E+07 3.1694E-04
 1.9700E+07 3.1494E-04 1.9800E+07 3.1494E-04 1.9800E+07 3.1294E-04
 1.9900E+07 3.1294E-04 1.9900E+07 3.1094E-04 2.0000E+07 3.1094E-04
 2.0000E+07 0.0000E+00 