 1.0000E-05 5.3190E+04 1.2277E-05 4.8005E+04 1.4555E-05 4.4090E+04
 1.6832E-05 4.1000E+04 1.9109E-05 3.8480E+04 2.3664E-05 3.4579E+04
 2.8219E-05 3.1666E+04 3.2773E-05 2.9384E+04 3.7328E-05 2.7534E+04
 4.1883E-05 2.5994E+04 4.6437E-05 2.4686E+04 5.5547E-05 2.2572E+04
 6.4656E-05 2.0922E+04 7.3765E-05 1.9589E+04 8.2875E-05 1.8481E+04
 1.0109E-04 1.6734E+04 1.1931E-04 1.5404E+04 1.3753E-04 1.4349E+04
 1.5575E-04 1.3484E+04 1.9219E-04 1.2140E+04 2.2862E-04 1.1132E+04
 2.6506E-04 1.0340E+04 3.0150E-04 9.6965E+03 3.7437E-04 8.7040E+03
 4.4725E-04 7.9650E+03 5.2012E-04 7.3880E+03 5.9300E-04 6.9210E+03
 7.3875E-04 6.2035E+03 8.8450E-04 5.6720E+03 1.0303E-03 5.2585E+03
 1.1760E-03 4.9241E+03 1.4675E-03 4.4122E+03 1.7590E-03 4.0340E+03
 2.0505E-03 3.7399E+03 2.3420E-03 3.5028E+03 2.9250E-03 3.1405E+03
 3.5080E-03 2.8733E+03 4.0910E-03 2.6659E+03 4.6740E-03 2.4990E+03
 5.8400E-03 2.2444E+03 7.0060E-03 2.0572E+03 8.1720E-03 1.9123E+03
 9.3380E-03 1.7960E+03 1.1670E-02 1.6194E+03 1.4002E-02 1.4902E+03
 1.6334E-02 1.3908E+03 1.8666E-02 1.3115E+03 2.3330E-02 1.1921E+03
 2.5300E-02 1.1527E+03 2.7994E-02 1.1061E+03 3.2658E-02 1.0410E+03
 3.7322E-02 9.9000E+02 4.6650E-02 9.1565E+02 5.5978E-02 8.6480E+02
 6.5306E-02 8.2890E+02 7.4634E-02 8.0315E+02 9.3290E-02 7.7225E+02
 1.1195E-01 7.5995E+02 1.3060E-01 7.6065E+02 1.4926E-01 7.7165E+02
 1.6791E-01 7.9175E+02 1.8657E-01 8.2045E+02 2.0523E-01 8.5795E+02
 2.2388E-01 9.0490E+02 2.4254E-01 9.6250E+02 2.6119E-01 1.0323E+03
 2.7985E-01 1.1168E+03 2.9851E-01 1.2190E+03 3.0783E-01 1.2780E+03
 3.1716E-01 1.3432E+03 3.2649E-01 1.4153E+03 3.3582E-01 1.4954E+03
 3.4515E-01 1.5844E+03 3.5447E-01 1.6838E+03 3.6380E-01 1.7950E+03
 3.7313E-01 1.9199E+03 3.8246E-01 2.0609E+03 3.9179E-01 2.2207E+03
 4.0111E-01 2.4028E+03 4.1044E-01 2.6113E+03 4.1977E-01 2.8518E+03
 4.2910E-01 3.1307E+03 4.3843E-01 3.4566E+03 4.4775E-01 3.8407E+03
 4.5708E-01 4.2973E+03 4.6641E-01 4.8456E+03 4.7574E-01 5.5115E+03
 4.8506E-01 6.3295E+03 4.8973E-01 6.8105E+03 4.9439E-01 7.3495E+03
 4.9906E-01 7.9550E+03 5.0372E-01 8.6390E+03 5.0838E-01 9.4150E+03
 5.1305E-01 1.0298E+04 5.1771E-01 1.1310E+04 5.2238E-01 1.2472E+04
 5.2704E-01 1.3815E+04 5.3170E-01 1.5374E+04 5.3637E-01 1.7191E+04
 5.4103E-01 1.9319E+04 5.4570E-01 2.1819E+04 5.5036E-01 2.4761E+04
 5.5502E-01 2.8224E+04 5.5969E-01 3.2284E+04 5.6435E-01 3.7004E+04
 5.6902E-01 4.2398E+04 5.7368E-01 4.8386E+04 5.7834E-01 5.4720E+04
 5.8301E-01 6.0920E+04 5.8767E-01 6.6245E+04 5.9234E-01 6.9825E+04
 5.9700E-01 7.0915E+04 6.1480E-01 5.4165E+04 6.3260E-01 3.1914E+04
 6.4150E-01 2.4348E+04 6.5040E-01 1.8845E+04 6.5930E-01 1.4846E+04
 6.6820E-01 1.1906E+04 6.8599E-01 8.0350E+03 6.9489E-01 6.7400E+03
 7.0379E-01 5.7220E+03 7.2159E-01 4.2508E+03 7.3939E-01 3.2658E+03
 7.7499E-01 2.0802E+03 7.9279E-01 1.7098E+03 8.1059E-01 1.4272E+03
 8.4618E-01 1.0328E+03 8.8178E-01 7.7790E+02 9.1738E-01 6.0435E+02
 9.5298E-01 4.8132E+02 9.8857E-01 3.9119E+02 1.0242E+00 3.2336E+02
 1.0954E+00 2.3016E+02 1.1666E+00 1.7100E+02 1.2378E+00 1.3131E+02
 1.3090E+00 1.0353E+02 1.3802E+00 8.3405E+01 1.4513E+00 6.8400E+01
 1.5937E+00 4.8039E+01 1.7361E+00 3.5303E+01 1.8785E+00 2.6869E+01
 2.0209E+00 2.1029E+01 2.1633E+00 1.6838E+01 2.3057E+00 1.3741E+01
 2.5905E+00 9.5825E+00 2.8752E+00 7.0145E+00 3.1600E+00 5.3320E+00
 3.4448E+00 4.1774E+00 3.7296E+00 3.3556E+00 4.0144E+00 2.7529E+00
 4.5839E+00 1.9517E+00 5.1535E+00 1.4641E+00 5.7231E+00 1.1504E+00
 6.2926E+00 9.4105E-01 6.8622E+00 7.9910E-01 7.4317E+00 7.0575E-01
 8.0013E+00 6.5635E-01 8.5709E+00 6.7775E-01 8.7133E+00 7.0850E-01
 8.8557E+00 7.6265E-01 8.9980E+00 8.5960E-01 9.1404E+00 1.0458E+00
 9.2116E+00 1.2067E+00 9.2828E+00 1.4559E+00 9.3184E+00 1.6346E+00
 9.3540E+00 1.8695E+00 9.3896E+00 2.1862E+00 9.4252E+00 2.6273E+00
 9.4608E+00 3.2669E+00 9.4964E+00 4.2428E+00 9.5142E+00 4.9349E+00
 9.5320E+00 5.8360E+00 9.5498E+00 7.0380E+00 9.5676E+00 8.6890E+00
 9.5854E+00 1.1037E+01 9.6032E+00 1.4523E+01 9.6121E+00 1.6927E+01
 9.6210E+00 1.9977E+01 9.6299E+00 2.3910E+01 9.6388E+00 2.9073E+01
 9.6477E+00 3.5981E+01 9.6566E+00 4.5389E+01 9.6655E+00 5.8375E+01
 9.6744E+00 7.6335E+01 9.6833E+00 1.0047E+02 9.6922E+00 1.2989E+02
 9.7011E+00 1.5763E+02 9.7100E+00 1.6968E+02 9.7225E+00 1.4726E+02
 9.7350E+00 1.0557E+02 9.7475E+00 7.1795E+01 9.7600E+00 4.9650E+01
 9.7724E+00 3.5610E+01 9.7849E+00 2.6514E+01 9.7974E+00 2.0408E+01
 9.8099E+00 1.6160E+01 9.8349E+00 1.0844E+01 9.8474E+00 9.1295E+00
 9.8599E+00 7.8005E+00 9.8849E+00 5.9095E+00 9.9098E+00 4.6585E+00
 9.9598E+00 3.1635E+00 9.9848E+00 2.6968E+00 1.0010E+01 2.3403E+00
 1.0060E+01 1.8401E+00 1.0110E+01 1.5139E+00 1.0210E+01 1.1283E+00
 1.0310E+01 9.1775E-01 1.0409E+01 7.9020E-01 1.0509E+01 7.0705E-01
 1.0909E+01 5.5510E-01 1.1309E+01 5.0290E-01 1.2108E+01 4.7502E-01
 1.2908E+01 4.8511E-01 1.3707E+01 5.1805E-01 1.4506E+01 5.7365E-01
 1.5306E+01 6.5750E-01 1.6105E+01 7.8115E-01 1.6904E+01 9.6630E-01
 1.7704E+01 1.2547E+00 1.8103E+01 1.4616E+00 1.8503E+01 1.7336E+00
 1.8903E+01 2.1004E+00 1.9303E+01 2.6115E+00 1.9702E+01 3.3544E+00
 2.0102E+01 4.4940E+00 2.0302E+01 5.3075E+00 2.0502E+01 6.3750E+00
 2.0601E+01 7.0380E+00 2.0701E+01 7.8140E+00 2.0751E+01 8.2520E+00
 2.0776E+01 8.4855E+00 2.0801E+01 8.7290E+00 2.0814E+01 8.8550E+00
 2.0826E+01 8.9835E+00 2.0839E+01 9.1150E+00 2.0851E+01 9.2500E+00
 2.0857E+01 9.3180E+00 2.0864E+01 9.3875E+00 2.0870E+01 9.4575E+00
 2.0876E+01 9.5280E+00 2.0883E+01 9.6000E+00 2.0889E+01 9.6725E+00
 2.0895E+01 9.7455E+00 2.0901E+01 9.8195E+00 2.0914E+01 9.9705E+00
 2.0926E+01 1.0125E+01 2.0939E+01 1.0284E+01 2.0951E+01 1.0445E+01
 2.0976E+01 1.0781E+01 2.1001E+01 1.1134E+01 2.1026E+01 1.1505E+01
 2.1051E+01 1.1895E+01 2.1076E+01 1.2305E+01 2.1101E+01 1.2738E+01
 2.1151E+01 1.3675E+01 2.1201E+01 1.4722E+01 2.1251E+01 1.5896E+01
 2.1301E+01 1.7220E+01 2.1351E+01 1.8718E+01 2.1401E+01 2.0423E+01
 2.1451E+01 2.2376E+01 2.1501E+01 2.4628E+01 2.1551E+01 2.7241E+01
 2.1601E+01 3.0299E+01 2.1651E+01 3.3908E+01 2.1701E+01 3.8209E+01
 2.1751E+01 4.3392E+01 2.1801E+01 4.9715E+01 2.1851E+01 5.7540E+01
 2.1900E+01 6.7380E+01 2.1950E+01 7.9985E+01 2.2000E+01 9.6525E+01
 2.2050E+01 1.1878E+02 2.2100E+01 1.4975E+02 2.2150E+01 1.9460E+02
 2.2200E+01 2.6301E+02 2.2225E+01 3.1151E+02 2.2250E+01 3.7467E+02
 2.2275E+01 4.5892E+02 2.2300E+01 5.7465E+02 2.2325E+01 7.3930E+02
 2.2350E+01 9.8375E+02 2.2363E+01 1.1525E+03 2.2375E+01 1.3665E+03
 2.2388E+01 1.6427E+03 2.2400E+01 2.0054E+03 2.2413E+01 2.4910E+03
 2.2425E+01 3.1528E+03 2.2438E+01 4.0677E+03 2.2450E+01 5.3345E+03
 2.2475E+01 9.1245E+03 2.2500E+01 1.1952E+04 2.2537E+01 7.1785E+03
 2.2573E+01 3.2659E+03 2.2591E+01 2.3178E+03 2.2610E+01 1.7107E+03
 2.2628E+01 1.3060E+03 2.2646E+01 1.0260E+03 2.2682E+01 6.7715E+02
 2.2701E+01 5.6500E+02 2.2719E+01 4.7821E+02 2.2755E+01 3.5488E+02
 2.2792E+01 2.7344E+02 2.2865E+01 1.7624E+02 2.2901E+01 1.4594E+02
 2.2938E+01 1.2280E+02 2.3011E+01 9.0360E+01 2.3084E+01 6.9235E+01
 2.3230E+01 4.4330E+01 2.3303E+01 3.6636E+01 2.3376E+01 3.0782E+01
 2.3522E+01 2.2617E+01 2.3668E+01 1.7325E+01 2.3959E+01 1.1126E+01
 2.4105E+01 9.2255E+00 2.4251E+01 7.7895E+00 2.4543E+01 5.8130E+00
 2.4835E+01 4.5737E+00 2.5127E+01 3.7843E+00 2.5419E+01 3.3109E+00
 2.5711E+01 3.1148E+00 2.6003E+01 3.2638E+00 2.6148E+01 3.5467E+00
 2.6294E+01 4.0780E+00 2.6440E+01 5.0570E+00 2.6586E+01 6.9625E+00
 2.6659E+01 8.6185E+00 2.6732E+01 1.1190E+01 2.6769E+01 1.3037E+01
 2.6805E+01 1.5466E+01 2.6842E+01 1.8744E+01 2.6878E+01 2.3314E+01
 2.6915E+01 2.9942E+01 2.6951E+01 4.0062E+01 2.6969E+01 4.7240E+01
 2.6988E+01 5.6590E+01 2.7006E+01 6.9060E+01 2.7024E+01 8.6180E+01
 2.7042E+01 1.1053E+02 2.7051E+01 1.2672E+02 2.7061E+01 1.4666E+02
 2.7065E+01 1.5841E+02 2.7070E+01 1.7157E+02 2.7074E+01 1.8640E+02
 2.7079E+01 2.0315E+02 2.7083E+01 2.2216E+02 2.7088E+01 2.4384E+02
 2.7092E+01 2.6865E+02 2.7097E+01 2.9719E+02 2.7102E+01 3.3018E+02
 2.7106E+01 3.6847E+02 2.7111E+01 4.1310E+02 2.7115E+01 4.6533E+02
 2.7120E+01 5.2665E+02 2.7124E+01 5.9870E+02 2.7129E+01 6.8330E+02
 2.7134E+01 7.8230E+02 2.7138E+01 8.9705E+02 2.7143E+01 1.0278E+03
 2.7147E+01 1.1723E+03 2.7152E+01 1.3248E+03 2.7161E+01 1.6028E+03
 2.7170E+01 1.7232E+03 2.7180E+01 1.5845E+03 2.7190E+01 1.2767E+03
 2.7199E+01 9.6445E+02 2.7209E+01 7.1860E+02 2.7219E+01 5.4125E+02
 2.7229E+01 4.1593E+02 2.7239E+01 3.2662E+02 2.7249E+01 2.6182E+02
 2.7268E+01 1.7750E+02 2.7278E+01 1.4947E+02 2.7288E+01 1.2747E+02
 2.7308E+01 9.5720E+01 2.7327E+01 7.4425E+01 2.7366E+01 4.8662E+01
 2.7386E+01 4.0548E+01 2.7406E+01 3.4324E+01 2.7445E+01 2.5557E+01
 2.7484E+01 1.9815E+01 2.7563E+01 1.3005E+01 2.7602E+01 1.0890E+01
 2.7641E+01 9.2750E+00 2.7720E+01 7.0095E+00 2.7799E+01 5.5295E+00
 2.7956E+01 3.7706E+00 2.8034E+01 3.2205E+00 2.8113E+01 2.7979E+00
 2.8270E+01 2.1985E+00 2.8427E+01 1.7993E+00 2.8741E+01 1.3093E+00
 2.9056E+01 1.0239E+00 2.9370E+01 8.3805E-01 2.9684E+01 7.0745E-01
 3.0313E+01 5.3525E-01 3.0942E+01 4.2612E-01 3.1570E+01 3.5048E-01
 3.2199E+01 2.9491E-01 3.3456E+01 2.1892E-01 3.4713E+01 1.6983E-01
 3.5970E+01 1.3592E-01 3.7227E+01 1.1138E-01 3.9742E+01 7.8865E-02
 4.2256E+01 5.8845E-02 4.4771E+01 4.5643E-02 4.7285E+01 3.6487E-02
 5.2314E+01 2.4982E-02 5.4828E+01 2.1244E-02 5.7342E+01 1.8339E-02
 6.2371E+01 1.4198E-02 6.7400E+01 1.1477E-02 7.7457E+01 8.3340E-03
 8.2486E+01 7.4305E-03 8.7515E+01 6.8055E-03 9.7573E+01 6.1475E-03
 1.0763E+02 6.0855E-03 1.1769E+02 6.5660E-03 1.2774E+02 7.7145E-03
 1.3277E+02 8.6460E-03 1.3780E+02 9.9275E-03 1.4283E+02 1.1709E-02
 1.4786E+02 1.4239E-02 1.5289E+02 1.7961E-02 1.5792E+02 2.3713E-02
 1.6043E+02 2.7834E-02 1.6295E+02 3.3247E-02 1.6546E+02 4.0553E-02
 1.6798E+02 5.0745E-02 1.7049E+02 6.5580E-02 1.7300E+02 8.8380E-02
 1.7426E+02 1.0468E-01 1.7552E+02 1.2608E-01 1.7677E+02 1.5496E-01
 1.7803E+02 1.9527E-01 1.7929E+02 2.5397E-01 1.8055E+02 3.4426E-01
 1.8118E+02 4.0887E-01 1.8180E+02 4.9373E-01 1.8243E+02 6.0835E-01
 1.8306E+02 7.6835E-01 1.8338E+02 8.7335E-01 1.8369E+02 1.0015E+00
 1.8385E+02 1.0765E+00 1.8400E+02 1.1603E+00 1.8408E+02 1.2060E+00
 1.8416E+02 1.2544E+00 1.8420E+02 1.2797E+00 1.8424E+02 1.3057E+00
 1.8428E+02 1.3326E+00 1.8430E+02 1.3464E+00 1.8432E+02 1.3603E+00
 1.8434E+02 1.3745E+00 1.8435E+02 1.3818E+00 1.8436E+02 1.3889E+00
 1.8437E+02 1.3962E+00 1.8438E+02 1.4036E+00 1.8439E+02 1.4110E+00
 1.8440E+02 1.4185E+00 1.8441E+02 1.4260E+00 1.8442E+02 1.4336E+00
 1.8443E+02 1.4412E+00 1.8444E+02 1.4489E+00 1.8446E+02 1.4646E+00
 1.8448E+02 1.4805E+00 1.8449E+02 1.4966E+00 1.8452E+02 1.5130E+00
 1.8453E+02 1.5296E+00 1.8455E+02 1.5466E+00 1.8459E+02 1.5813E+00
 1.8463E+02 1.6172E+00 1.8467E+02 1.6543E+00 1.8471E+02 1.6928E+00
 1.8475E+02 1.7327E+00 1.8479E+02 1.7738E+00 1.8487E+02 1.8609E+00
 1.8495E+02 1.9546E+00 1.8503E+02 2.0554E+00 1.8510E+02 2.1644E+00
 1.8518E+02 2.2823E+00 1.8526E+02 2.4101E+00 1.8542E+02 2.7002E+00
 1.8558E+02 3.0461E+00 1.8573E+02 3.4633E+00 1.8589E+02 3.9725E+00
 1.8605E+02 4.6030E+00 1.8620E+02 5.3970E+00 1.8636E+02 6.4150E+00
 1.8652E+02 7.7515E+00 1.8668E+02 9.5530E+00 1.8683E+02 1.2063E+01
 1.8691E+02 1.3707E+01 1.8699E+02 1.5708E+01 1.8707E+02 1.8181E+01
 1.8715E+02 2.1285E+01 1.8723E+02 2.5252E+01 1.8730E+02 3.0433E+01
 1.8738E+02 3.7372E+01 1.8746E+02 4.6954E+01 1.8754E+02 6.0690E+01
 1.8762E+02 8.1305E+01 1.8766E+02 9.5690E+01 1.8770E+02 1.1412E+02
 1.8774E+02 1.3822E+02 1.8778E+02 1.7041E+02 1.8781E+02 2.1450E+02
 1.8785E+02 2.7652E+02 1.8789E+02 3.6610E+02 1.8793E+02 4.9814E+02
 1.8801E+02 9.5970E+02 1.8809E+02 1.3883E+03 1.8815E+02 1.0971E+03
 1.8821E+02 6.7355E+02 1.8824E+02 5.2235E+02 1.8827E+02 4.0985E+02
 1.8830E+02 3.2669E+02 1.8833E+02 2.6472E+02 1.8839E+02 1.8190E+02
 1.8842E+02 1.5382E+02 1.8845E+02 1.3157E+02 1.8851E+02 9.9145E+01
 1.8857E+02 7.7190E+01 1.8869E+02 5.0400E+01 1.8876E+02 4.1910E+01
 1.8882E+02 3.5381E+01 1.8894E+02 2.6163E+01 1.8906E+02 2.0114E+01
 1.8930E+02 1.2933E+01 1.8942E+02 1.0703E+01 1.8954E+02 9.0015E+00
 1.8978E+02 6.6205E+00 1.9003E+02 5.0715E+00 1.9051E+02 3.2461E+00
 1.9075E+02 2.6822E+00 1.9099E+02 2.2531E+00 1.9148E+02 1.6541E+00
 1.9196E+02 1.2653E+00 1.9293E+02 8.0815E-01 1.9341E+02 6.6720E-01
 1.9390E+02 5.6005E-01 1.9486E+02 4.1059E-01 1.9583E+02 3.1370E-01
 1.9777E+02 1.9994E-01 1.9874E+02 1.6490E-01 1.9970E+02 1.3829E-01
 2.0164E+02 1.0121E-01 2.0357E+02 7.7200E-02 2.0745E+02 4.9063E-02
 2.0938E+02 4.0414E-02 2.1132E+02 3.3851E-02 2.1445E+02 2.6467E-02
 2.1445E+02 1.1776E+01 2.1500E+02 1.1744E+01 3.0000E+02 9.0555E+00
 4.6500E+02 6.4064E+00 7.0000E+02 4.6266E+00 1.0000E+03 3.4848E+00
 1.5000E+03 2.5357E+00 2.1500E+03 1.9284E+00 3.0000E+03 1.5150E+00
 4.6500E+03 1.1324E+00 7.0000E+03 8.9273E-01 1.0000E+04 7.4584E-01
 1.5000E+04 6.2297E-01 2.1500E+04 5.3714E-01 2.4500E+04 5.0936E-01
 3.0000E+04 4.6900E-01 4.6500E+04 3.9118E-01 7.0000E+04 3.3140E-01
 1.0000E+05 2.6619E-01 1.5000E+05 1.9039E-01 2.1500E+05 1.5482E-01
 3.0000E+05 1.3699E-01 4.6500E+05 1.2591E-01 7.0000E+05 1.2572E-01
 1.0000E+06 1.3263E-01 1.5000E+06 1.1561E-01 2.1500E+06 8.6042E-02
 3.0000E+06 4.5335E-02 4.6500E+06 7.2742E-03 7.0000E+06 7.1527E-04
 1.0000E+07 4.9707E-04 1.2000E+07 3.8167E-04 1.3000E+07 3.2561E-04
 1.4000E+07 2.7635E-04 1.5000E+07 2.3103E-04 1.6000E+07 1.9392E-04
 1.7000E+07 1.6004E-04 1.8000E+07 1.3293E-04 1.9000E+07 1.0833E-04
 2.0000E+07 8.7654E-05
