 1.0000E-05 7.1905E+01 1.2917E-05 6.3270E+01 1.4376E-05 5.9975E+01
 1.5834E-05 5.7145E+01 1.8751E-05 5.2510E+01 2.1668E-05 4.8849E+01
 2.7502E-05 4.3359E+01 3.3336E-05 3.9383E+01 3.9171E-05 3.6331E+01
 4.5005E-05 3.3895E+01 5.0839E-05 3.1891E+01 5.6673E-05 3.0205E+01
 6.8341E-05 2.7506E+01 8.0009E-05 2.5421E+01 9.1677E-05 2.3748E+01
 1.0335E-04 2.2367E+01 1.2668E-04 2.0203E+01 1.5002E-04 1.8565E+01
 1.7336E-04 1.7270E+01 1.9669E-04 1.6214E+01 2.4336E-04 1.4576E+01
 2.9004E-04 1.3351E+01 3.3671E-04 1.2392E+01 3.8338E-04 1.1613E+01
 4.7673E-04 1.0414E+01 5.7007E-04 9.5235E+00 6.6342E-04 8.8280E+00
 7.5676E-04 8.2660E+00 9.4346E-04 7.4030E+00 1.1302E-03 6.7640E+00
 1.3168E-03 6.2660E+00 1.5035E-03 5.8640E+00 1.8769E-03 5.2485E+00
 2.2503E-03 4.7933E+00 2.6237E-03 4.4391E+00 2.9971E-03 4.1534E+00
 3.7438E-03 3.7161E+00 4.4906E-03 3.3931E+00 5.2374E-03 3.1418E+00
 5.9841E-03 2.9392E+00 7.4777E-03 2.6294E+00 8.9712E-03 2.4005E+00
 1.0465E-02 2.2226E+00 1.1958E-02 2.0791E+00 1.4945E-02 1.8597E+00
 1.7932E-02 1.6977E+00 2.0919E-02 1.5717E+00 2.3907E-02 1.4703E+00
 2.5300E-02 1.4291E+00 2.9881E-02 1.3150E+00 3.5855E-02 1.2004E+00
 4.1829E-02 1.1113E+00 4.7803E-02 1.0394E+00 5.9751E-02 9.2960E-01
 7.1699E-02 8.4850E-01 8.3648E-02 7.8545E-01 9.5596E-02 7.3465E-01
 1.1949E-01 6.5690E-01 1.4339E-01 5.9950E-01 1.6728E-01 5.5490E-01
 1.9118E-01 5.1890E-01 2.3897E-01 4.6388E-01 2.8677E-01 4.2323E-01
 3.3456E-01 3.9163E-01 3.8235E-01 3.6614E-01 4.7794E-01 3.2713E-01
 5.7353E-01 2.9830E-01 6.6911E-01 2.7587E-01 7.6470E-01 2.5778E-01
 9.5587E-01 2.3007E-01 1.1470E+00 2.0957E-01 1.3382E+00 1.9360E-01
 1.5294E+00 1.8071E-01 1.9117E+00 1.6095E-01 2.2941E+00 1.4630E-01
 2.6764E+00 1.3486E-01 3.0588E+00 1.2562E-01 3.8234E+00 1.1142E-01
 4.5881E+00 1.0086E-01 5.3528E+00 9.2600E-02 6.1175E+00 8.5905E-02
 7.6469E+00 7.5585E-02 9.1763E+00 6.7890E-02 1.0706E+01 6.1860E-02
 1.2235E+01 5.6960E-02 1.5294E+01 4.9398E-02 1.6823E+01 4.6393E-02
 1.8352E+01 4.3760E-02 2.1411E+01 3.9347E-02 2.4470E+01 3.5774E-02
 2.7529E+01 3.2809E-02 3.0587E+01 3.0301E-02 3.3646E+01 2.8147E-02
 3.6705E+01 2.6274E-02 4.2822E+01 2.3178E-02 4.8940E+01 2.0722E-02
 5.5057E+01 1.8732E-02 6.1175E+01 1.7100E-02 6.7293E+01 1.5754E-02
 7.3410E+01 1.4656E-02 7.9528E+01 1.3815E-02 8.5645E+01 1.3393E-02
 8.7174E+01 1.3433E-02 8.8704E+01 1.3602E-02 9.0233E+01 1.4006E-02
 9.1762E+01 1.4897E-02 9.2527E+01 1.5713E-02 9.3292E+01 1.7011E-02
 9.3674E+01 1.7958E-02 9.4057E+01 1.9214E-02 9.4439E+01 2.0922E-02
 9.4821E+01 2.3323E-02 9.5012E+01 2.4904E-02 9.5204E+01 2.6839E-02
 9.5395E+01 2.9240E-02 9.5586E+01 3.2269E-02 9.5777E+01 3.6166E-02
 9.5968E+01 4.1291E-02 9.6064E+01 4.4482E-02 9.6160E+01 4.8219E-02
 9.6255E+01 5.2635E-02 9.6351E+01 5.7905E-02 9.6446E+01 6.4265E-02
 9.6542E+01 7.2035E-02 9.6637E+01 8.1665E-02 9.6733E+01 9.3795E-02
 9.6781E+01 1.0108E-01 9.6829E+01 1.0938E-01 9.6876E+01 1.1889E-01
 9.6924E+01 1.2986E-01 9.6972E+01 1.4261E-01 9.7020E+01 1.5752E-01
 9.7068E+01 1.7515E-01 9.7115E+01 1.9617E-01 9.7163E+01 2.2154E-01
 9.7211E+01 2.5250E-01 9.7259E+01 2.9085E-01 9.7307E+01 3.3916E-01
 9.7330E+01 3.6815E-01 9.7354E+01 4.0116E-01 9.7378E+01 4.3898E-01
 9.7402E+01 4.8257E-01 9.7426E+01 5.3320E-01 9.7450E+01 5.9245E-01
 9.7474E+01 6.6235E-01 9.7498E+01 7.4565E-01 9.7522E+01 8.4605E-01
 9.7545E+01 9.6845E-01 9.7569E+01 1.1198E+00 9.7593E+01 1.3100E+00
 9.7605E+01 1.4240E+00 9.7617E+01 1.5536E+00 9.7629E+01 1.7018E+00
 9.7641E+01 1.8723E+00 9.7653E+01 2.0699E+00 9.7665E+01 2.3003E+00
 9.7677E+01 2.5716E+00 9.7689E+01 2.8937E+00 9.7701E+01 3.2799E+00
 9.7713E+01 3.7485E+00 9.7725E+01 4.3243E+00 9.7737E+01 5.0420E+00
 9.7743E+01 5.4685E+00 9.7749E+01 5.9510E+00 9.7755E+01 6.4995E+00
 9.7760E+01 7.1255E+00 9.7767E+01 7.8445E+00 9.7773E+01 8.6750E+00
 9.7778E+01 9.6415E+00 9.7784E+01 1.0773E+01 9.7790E+01 1.2108E+01
 9.7796E+01 1.3697E+01 9.7802E+01 1.5604E+01 9.7808E+01 1.7913E+01
 9.7814E+01 2.0738E+01 9.7820E+01 2.4226E+01 9.7823E+01 2.6279E+01
 9.7826E+01 2.8576E+01 9.7829E+01 3.1151E+01 9.7832E+01 3.4045E+01
 9.7835E+01 3.7301E+01 9.7838E+01 4.0967E+01 9.7841E+01 4.5092E+01
 9.7844E+01 4.9728E+01 9.7847E+01 5.4925E+01 9.7850E+01 6.0720E+01
 9.7853E+01 6.7125E+01 9.7856E+01 7.4125E+01 9.7859E+01 8.1640E+01
 9.7862E+01 8.9490E+01 9.7865E+01 9.7430E+01 9.7868E+01 1.0505E+02
 9.7871E+01 1.1186E+02 9.7874E+01 1.1728E+02 9.7877E+01 1.2080E+02
 9.7880E+01 1.2202E+02 9.7886E+01 1.1696E+02 9.7892E+01 1.0403E+02
 9.7898E+01 8.7840E+01 9.7905E+01 7.2130E+01 9.7917E+01 4.7735E+01
 9.7923E+01 3.9133E+01 9.7929E+01 3.2398E+01 9.7942E+01 2.2928E+01
 9.7954E+01 1.6894E+01 9.7966E+01 1.2887E+01 9.7979E+01 1.0118E+01
 9.8004E+01 6.6780E+00 9.8016E+01 5.5735E+00 9.8028E+01 4.7191E+00
 9.8053E+01 3.5055E+00 9.8078E+01 2.7043E+00 9.8127E+01 1.7482E+00
 9.8152E+01 1.4502E+00 9.8177E+01 1.2225E+00 9.8226E+01 9.0325E-01
 9.8276E+01 6.9520E-01 9.8374E+01 4.4966E-01 9.8424E+01 3.7372E-01
 9.8473E+01 3.1590E-01 9.8572E+01 2.3511E-01 9.8671E+01 1.8264E-01
 9.8869E+01 1.2088E-01 9.8968E+01 1.0182E-01 9.9066E+01 8.7315E-02
 9.9264E+01 6.7075E-02 9.9462E+01 5.3935E-02 9.9857E+01 3.8475E-02
 1.0005E+02 3.3703E-02 1.0025E+02 3.0072E-02 1.0065E+02 2.4998E-02
 1.0104E+02 2.1698E-02 1.0184E+02 1.7802E-02 1.0263E+02 1.5665E-02
 1.0342E+02 1.4360E-02 1.0421E+02 1.3499E-02 1.0737E+02 1.1861E-02
 1.1053E+02 1.1227E-02 1.1686E+02 1.0795E-02 1.2319E+02 1.0996E-02
 1.2635E+02 1.1404E-02 1.2952E+02 1.2170E-02 1.3268E+02 1.3587E-02
 1.3585E+02 1.6355E-02 1.3743E+02 1.8766E-02 1.3901E+02 2.2520E-02
 1.3980E+02 2.5222E-02 1.4059E+02 2.8784E-02 1.4138E+02 3.3605E-02
 1.4217E+02 4.0351E-02 1.4296E+02 5.0195E-02 1.4375E+02 6.5365E-02
 1.4415E+02 7.6230E-02 1.4455E+02 9.0510E-02 1.4494E+02 1.0980E-01
 1.4534E+02 1.3677E-01 1.4573E+02 1.7608E-01 1.4613E+02 2.3660E-01
 1.4632E+02 2.7994E-01 1.4652E+02 3.3691E-01 1.4672E+02 4.1386E-01
 1.4692E+02 5.2140E-01 1.4712E+02 6.7820E-01 1.4731E+02 9.1955E-01
 1.4741E+02 1.0924E+00 1.4751E+02 1.3195E+00 1.4761E+02 1.6262E+00
 1.4771E+02 2.0547E+00 1.4781E+02 2.6791E+00 1.4791E+02 3.6394E+00
 1.4796E+02 4.3263E+00 1.4801E+02 5.2280E+00 1.4806E+02 6.4445E+00
 1.4810E+02 8.1400E+00 1.4813E+02 9.2500E+00 1.4815E+02 1.0604E+01
 1.4817E+02 1.1394E+01 1.4818E+02 1.2277E+01 1.4819E+02 1.3264E+01
 1.4820E+02 1.4377E+01 1.4821E+02 1.4986E+01 1.4822E+02 1.5634E+01
 1.4822E+02 1.6326E+01 1.4823E+02 1.7064E+01 1.4823E+02 1.7852E+01
 1.4824E+02 1.8698E+01 1.4825E+02 1.9603E+01 1.4825E+02 2.0576E+01
 1.4826E+02 2.1622E+01 1.4827E+02 2.2750E+01 1.4827E+02 2.3968E+01
 1.4828E+02 2.5286E+01 1.4829E+02 2.8267E+01 1.4830E+02 3.1802E+01
 1.4831E+02 3.6035E+01 1.4833E+02 4.1162E+01 1.4834E+02 4.7447E+01
 1.4835E+02 5.5260E+01 1.4836E+02 6.5130E+01 1.4838E+02 7.7825E+01
 1.4839E+02 9.4485E+01 1.4840E+02 1.1687E+02 1.4841E+02 1.4777E+02
 1.4843E+02 1.9169E+02 1.4843E+02 2.2071E+02 1.4844E+02 2.5611E+02
 1.4844E+02 2.9959E+02 1.4845E+02 3.5325E+02 1.4846E+02 4.1955E+02
 1.4846E+02 5.0105E+02 1.4847E+02 5.9965E+02 1.4848E+02 7.1470E+02
 1.4849E+02 9.6035E+02 1.4850E+02 1.0847E+03 1.4853E+02 6.0740E+02
 1.4855E+02 3.9187E+02 1.4855E+02 3.1842E+02 1.4856E+02 2.6180E+02
 1.4858E+02 1.8350E+02 1.4859E+02 1.3437E+02 1.4861E+02 1.0208E+02
 1.4862E+02 7.9910E+01 1.4865E+02 5.2535E+01 1.4867E+02 4.3784E+01
 1.4868E+02 3.7029E+01 1.4871E+02 2.7453E+01 1.4874E+02 2.1143E+01
 1.4880E+02 1.3627E+01 1.4884E+02 1.1287E+01 1.4886E+02 9.5000E+00
 1.4893E+02 6.9965E+00 1.4899E+02 5.3655E+00 1.4911E+02 3.4413E+00
 1.4917E+02 2.8463E+00 1.4923E+02 2.3934E+00 1.4935E+02 1.7607E+00
 1.4947E+02 1.3497E+00 1.4972E+02 8.6615E-01 1.4984E+02 7.1690E-01
 1.4996E+02 6.0340E-01 1.5020E+02 4.4495E-01 1.5045E+02 3.4214E-01
 1.5094E+02 2.2126E-01 1.5118E+02 1.8399E-01 1.5142E+02 1.5564E-01
 1.5191E+02 1.1610E-01 1.5240E+02 9.0440E-02 1.5337E+02 6.0290E-02
 1.5386E+02 5.0990E-02 1.5435E+02 4.3921E-02 1.5532E+02 3.4055E-02
 1.5629E+02 2.7651E-02 1.5824E+02 2.0110E-02 1.6019E+02 1.6000E-02
 1.6214E+02 1.3507E-02 1.6409E+02 1.1876E-02 1.7188E+02 8.8305E-03
 1.7578E+02 8.1430E-03 1.7968E+02 7.6765E-03 1.9526E+02 6.7310E-03
 2.1085E+02 6.3500E-03 2.4202E+02 6.2110E-03 2.7320E+02 6.6535E-03
 2.8879E+02 7.1330E-03 3.0438E+02 7.8655E-03 3.1996E+02 8.9890E-03
 3.3555E+02 1.0804E-02 3.4334E+02 1.2181E-02 3.5114E+02 1.4120E-02
 3.5893E+02 1.7048E-02 3.6673E+02 2.1966E-02 3.7062E+02 2.5902E-02
 3.7452E+02 3.1736E-02 3.7842E+02 4.1089E-02 3.8231E+02 5.7825E-02
 3.8426E+02 7.1820E-02 3.8621E+02 9.3185E-02 3.8718E+02 1.0840E-01
 3.8816E+02 1.2833E-01 3.8865E+02 1.4071E-01 3.8913E+02 1.5519E-01
 3.8938E+02 1.6336E-01 3.8950E+02 1.6772E-01 3.8962E+02 1.7227E-01
 3.8974E+02 1.7702E-01 3.8986E+02 1.8199E-01 3.8992E+02 1.8456E-01
 3.8998E+02 1.8718E-01 3.9005E+02 1.8987E-01 3.9011E+02 1.9262E-01
 3.9017E+02 1.9545E-01 3.9023E+02 1.9833E-01 3.9029E+02 2.0128E-01
 3.9035E+02 2.0430E-01 3.9047E+02 2.1058E-01 3.9059E+02 2.1716E-01
 3.9072E+02 2.2408E-01 3.9084E+02 2.3136E-01 3.9096E+02 2.3902E-01
 3.9108E+02 2.4710E-01 3.9132E+02 2.6461E-01 3.9157E+02 2.8417E-01
 3.9181E+02 3.0611E-01 3.9206E+02 3.3083E-01 3.9230E+02 3.5884E-01
 3.9254E+02 3.9074E-01 3.9278E+02 4.2728E-01 3.9303E+02 4.6942E-01
 3.9327E+02 5.1835E-01 3.9352E+02 5.7565E-01 3.9376E+02 6.4330E-01
 3.9400E+02 7.2400E-01 3.9425E+02 8.2135E-01 3.9449E+02 9.4015E-01
 3.9473E+02 1.0873E+00 3.9498E+02 1.2727E+00 3.9522E+02 1.5106E+00
 3.9546E+02 1.8230E+00 3.9571E+02 2.2445E+00 3.9595E+02 2.8327E+00
 3.9619E+02 3.6883E+00 3.9644E+02 5.0010E+00 3.9656E+02 5.9375E+00
 3.9668E+02 7.1640E+00 3.9680E+02 8.8125E+00 3.9693E+02 1.1101E+01
 3.9705E+02 1.4403E+01 3.9717E+02 1.9413E+01 3.9723E+02 2.2945E+01
 3.9729E+02 2.7518E+01 3.9735E+02 3.3575E+01 3.9741E+02 4.1810E+01
 3.9747E+02 5.3365E+01 3.9753E+02 7.0175E+01 3.9760E+02 9.5685E+01
 3.9766E+02 1.3620E+02 3.9769E+02 1.6538E+02 3.9772E+02 2.0311E+02
 3.9775E+02 2.5169E+02 3.9778E+02 3.1293E+02 3.9784E+02 4.6318E+02
 3.9790E+02 5.5140E+02 3.9799E+02 3.9354E+02 3.9808E+02 2.1175E+02
 3.9812E+02 1.5727E+02 3.9817E+02 1.1964E+02 3.9821E+02 9.3275E+01
 3.9825E+02 7.4360E+01 3.9834E+02 5.0020E+01 3.9839E+02 4.2002E+01
 3.9843E+02 3.5729E+01 3.9852E+02 2.6710E+01 3.9861E+02 2.0687E+01
 3.9878E+02 1.3424E+01 3.9887E+02 1.1143E+01 3.9896E+02 9.3950E+00
 3.9914E+02 6.9370E+00 3.9931E+02 5.3295E+00 3.9967E+02 3.4274E+00
 3.9984E+02 2.8380E+00 4.0002E+02 2.3889E+00 4.0037E+02 1.7610E+00
 4.0073E+02 1.3528E+00 4.0143E+02 8.7225E-01 4.0178E+02 7.2390E-01
 4.0214E+02 6.1110E-01 4.0284E+02 4.5367E-01 4.0355E+02 3.5158E-01
 4.0496E+02 2.3178E-01 4.0567E+02 1.9495E-01 4.0638E+02 1.6700E-01
 4.0779E+02 1.2821E-01 4.0920E+02 1.0329E-01 4.1202E+02 7.4610E-02
 4.1344E+02 6.6080E-02 4.1485E+02 5.9810E-02 4.1767E+02 5.1650E-02
 4.2050E+02 4.7144E-02 4.2615E+02 4.4140E-02 4.3180E+02 4.5922E-02
 4.3463E+02 4.8177E-02 4.3745E+02 5.1320E-02 4.3886E+02 5.3250E-02
 4.4027E+02 5.5430E-02 4.4098E+02 5.6625E-02 4.4169E+02 5.7890E-02
 4.4239E+02 5.9230E-02 4.4275E+02 5.9925E-02 4.4310E+02 6.0645E-02
 4.4345E+02 6.1385E-02 4.4363E+02 6.1765E-02 4.4381E+02 6.2150E-02
 4.4398E+02 6.2535E-02 4.4416E+02 6.2930E-02 4.4425E+02 6.3130E-02
 4.4434E+02 6.3330E-02 4.4442E+02 6.3530E-02 4.4451E+02 6.3735E-02
 4.4460E+02 6.3940E-02 4.4469E+02 6.4145E-02 4.4478E+02 6.4355E-02
 4.4487E+02 6.4565E-02 4.4504E+02 6.4985E-02 4.4522E+02 6.5415E-02
 4.4540E+02 6.5850E-02 4.4557E+02 6.6290E-02 4.4575E+02 6.6740E-02
 4.4592E+02 6.7190E-02 4.4628E+02 6.8120E-02 4.4663E+02 6.9070E-02
 4.4698E+02 7.0050E-02 4.4734E+02 7.1060E-02 4.4804E+02 7.3165E-02
 4.4875E+02 7.5395E-02 4.4946E+02 7.7755E-02 4.5016E+02 8.0265E-02
 4.5087E+02 8.2915E-02 4.5158E+02 8.5735E-02 4.5299E+02 9.1910E-02
 4.5440E+02 9.8900E-02 4.5581E+02 1.0685E-01 4.5723E+02 1.1593E-01
 4.5864E+02 1.2635E-01 4.6005E+02 1.3840E-01 4.6146E+02 1.5241E-01
 4.6288E+02 1.6882E-01 4.6429E+02 1.8821E-01 4.6570E+02 2.1134E-01
 4.6711E+02 2.3923E-01 4.6852E+02 2.7327E-01 4.6994E+02 3.1539E-01
 4.7135E+02 3.6839E-01 4.7276E+02 4.3632E-01 4.7417E+02 5.2535E-01
 4.7559E+02 6.4520E-01 4.7700E+02 8.1180E-01 4.7841E+02 1.0530E+00
 4.7983E+02 1.4204E+00 4.8053E+02 1.6807E+00 4.8124E+02 2.0194E+00
 4.8194E+02 2.4705E+00 4.8265E+02 3.0890E+00 4.8336E+02 3.9670E+00
 4.8406E+02 5.2665E+00 4.8442E+02 6.1600E+00 4.8477E+02 7.2895E+00
 4.8512E+02 8.7415E+00 4.8548E+02 1.0639E+01 4.8583E+02 1.3160E+01
 4.8618E+02 1.6564E+01 4.8653E+02 2.1208E+01 4.8689E+02 2.7523E+01
 4.8759E+02 4.5651E+01 4.8830E+02 5.8425E+01 4.8923E+02 3.9185E+01
 4.9016E+02 1.9738E+01 4.9062E+02 1.4383E+01 4.9109E+02 1.0801E+01
 4.9155E+02 8.3440E+00 4.9201E+02 6.6090E+00 4.9294E+02 4.4079E+00
 4.9341E+02 3.6906E+00 4.9387E+02 3.1322E+00 4.9480E+02 2.3337E+00
 4.9573E+02 1.8031E+00 4.9758E+02 1.1664E+00 4.9851E+02 9.6720E-01
 4.9944E+02 8.1485E-01 5.0130E+02 6.0095E-01 5.0316E+02 4.6137E-01
 5.0687E+02 2.9659E-01 5.0873E+02 2.4564E-01 5.1058E+02 2.0687E-01
 5.1430E+02 1.5276E-01 5.1801E+02 1.1767E-01 5.2544E+02 7.6525E-02
 5.2915E+02 6.3890E-02 5.3287E+02 5.4320E-02 5.4030E+02 4.1069E-02
 5.4772E+02 3.2602E-02 5.6258E+02 2.3016E-02 5.7001E+02 2.0269E-02
 5.7744E+02 1.8344E-02 5.9229E+02 1.6193E-02 6.0715E+02 1.5685E-02
 6.2201E+02 1.6608E-02 6.3686E+02 1.9235E-02 6.4429E+02 2.1445E-02
 6.5172E+02 2.4530E-02 6.5915E+02 2.8860E-02 6.6658E+02 3.5058E-02
 6.7029E+02 3.9175E-02 6.7400E+02 4.4230E-02 6.7586E+02 4.7198E-02
 6.7772E+02 5.0520E-02 6.7865E+02 5.2335E-02 6.7957E+02 5.4255E-02
 6.8004E+02 5.5260E-02 6.8050E+02 5.6300E-02 6.8097E+02 5.7370E-02
 6.8143E+02 5.8470E-02 6.8166E+02 5.9035E-02 6.8190E+02 5.9610E-02
 6.8201E+02 5.9900E-02 6.8213E+02 6.0195E-02 6.8224E+02 6.0490E-02
 6.8230E+02 6.0635E-02 6.8236E+02 6.0785E-02 6.8242E+02 6.0935E-02
 6.8248E+02 6.1085E-02 6.8253E+02 6.1235E-02 6.8259E+02 6.1385E-02
 6.8265E+02 6.1540E-02 6.8271E+02 6.1690E-02 6.8277E+02 6.1845E-02
 6.8282E+02 6.2000E-02 6.8294E+02 6.2310E-02 6.8306E+02 6.2620E-02
 6.8317E+02 6.2935E-02 6.8329E+02 6.3250E-02 6.8352E+02 6.3895E-02
 6.8375E+02 6.4545E-02 6.8399E+02 6.5210E-02 6.8422E+02 6.5890E-02
 6.8468E+02 6.7270E-02 6.8515E+02 6.8700E-02 6.8561E+02 7.0185E-02
 6.8607E+02 7.1720E-02 6.8654E+02 7.3305E-02 6.8700E+02 7.4950E-02
 6.8793E+02 7.8425E-02 6.8886E+02 8.2160E-02 6.8979E+02 8.6185E-02
 6.9072E+02 9.0535E-02 6.9165E+02 9.5240E-02 6.9257E+02 1.0035E-01
 6.9443E+02 1.1192E-01 6.9629E+02 1.2573E-01 6.9815E+02 1.4236E-01
 7.0000E+02 1.6266E-01 7.0186E+02 1.8777E-01 7.0372E+02 2.1934E-01
 7.0557E+02 2.5977E-01 7.0743E+02 3.1273E-01 7.0929E+02 3.8393E-01
 7.1114E+02 4.8275E-01 7.1207E+02 5.4720E-01 7.1300E+02 6.2550E-01
 7.1393E+02 7.2185E-01 7.1486E+02 8.4220E-01 7.1579E+02 9.9515E-01
 7.1672E+02 1.1934E+00 7.1764E+02 1.4564E+00 7.1857E+02 1.8148E+00
 7.1950E+02 2.3190E+00 7.2043E+02 3.0559E+00 7.2089E+02 3.5562E+00
 7.2136E+02 4.1818E+00 7.2182E+02 4.9737E+00 7.2229E+02 5.9890E+00
 7.2275E+02 7.3060E+00 7.2321E+02 9.0265E+00 7.2368E+02 1.1274E+01
 7.2414E+02 1.4159E+01 7.2507E+02 2.1489E+01 7.2600E+02 2.5944E+01
 7.2775E+02 1.4848E+01 7.2862E+02 9.6820E+00 7.2906E+02 7.8965E+00
 7.2950E+02 6.5105E+00 7.3037E+02 4.5805E+00 7.3125E+02 3.3620E+00
 7.3212E+02 2.5575E+00 7.3300E+02 2.0040E+00 7.3475E+02 1.3188E+00
 7.3562E+02 1.0994E+00 7.3649E+02 9.2990E-01 7.3824E+02 6.8950E-01
 7.3999E+02 5.3110E-01 7.4349E+02 3.4232E-01 7.4524E+02 2.8356E-01
 7.4699E+02 2.3870E-01 7.5049E+02 1.7586E-01 7.5399E+02 1.3496E-01
 7.6098E+02 8.6740E-02 7.6448E+02 7.1840E-02 7.6798E+02 6.0505E-02
 7.7498E+02 4.4682E-02 7.8197E+02 3.4410E-02 7.9597E+02 2.2330E-02
 8.0297E+02 1.8603E-02 8.0996E+02 1.5768E-02 8.2396E+02 1.1810E-02
 8.3795E+02 9.2400E-03 8.6594E+02 6.2240E-03 8.7993E+02 5.3035E-03
 8.9392E+02 4.6191E-03 9.0792E+02 4.1227E-03 9.2191E+02 3.8394E-03
 9.2891E+02 3.8637E-03 9.3591E+02 4.2834E-03 9.3765E+02 4.5645E-03
 9.3940E+02 5.0185E-03 9.4115E+02 5.7945E-03 9.4290E+02 7.2515E-03
 9.4378E+02 8.5020E-03 9.4465E+02 1.0436E-02 9.4509E+02 1.1827E-02
 9.4553E+02 1.3655E-02 9.4596E+02 1.6129E-02 9.4640E+02 1.9591E-02
 9.4684E+02 2.4642E-02 9.4728E+02 3.2427E-02 9.4749E+02 3.8005E-02
 9.4771E+02 4.5340E-02 9.4793E+02 5.5255E-02 9.4815E+02 6.9110E-02
 9.4837E+02 8.9320E-02 9.4859E+02 1.2044E-01 9.4870E+02 1.4274E-01
 9.4881E+02 1.7204E-01 9.4892E+02 2.1163E-01 9.4903E+02 2.6693E-01
 9.4913E+02 3.4754E-01 9.4924E+02 4.7159E-01 9.4930E+02 5.6035E-01
 9.4935E+02 6.7690E-01 9.4941E+02 8.3420E-01 9.4946E+02 1.0536E+00
 9.4952E+02 1.3726E+00 9.4957E+02 1.8618E+00 9.4960E+02 2.2104E+00
 9.4963E+02 2.6667E+00 9.4965E+02 3.2795E+00 9.4968E+02 4.1288E+00
 9.4971E+02 5.3520E+00 9.4974E+02 7.2025E+00 9.4975E+02 8.5025E+00
 9.4976E+02 1.0181E+01 9.4978E+02 1.2396E+01 9.4979E+02 1.5390E+01
 9.4980E+02 1.7296E+01 9.4980E+02 1.9561E+01 9.4981E+02 2.2279E+01
 9.4982E+02 2.5567E+01 9.4983E+02 2.9584E+01 9.4983E+02 3.4540E+01
 9.4984E+02 4.0711E+01 9.4985E+02 4.8456E+01 9.4985E+02 5.8230E+01
 9.4986E+02 7.0570E+01 9.4987E+02 8.5985E+01 9.4987E+02 1.0470E+02
 9.4989E+02 1.4752E+02 9.4990E+02 1.7079E+02 9.4991E+02 1.5631E+02
 9.4992E+02 1.2459E+02 9.4993E+02 9.3110E+01 9.4994E+02 6.8780E+01
 9.4995E+02 5.1485E+01 9.4996E+02 3.9380E+01 9.4997E+02 3.0818E+01
 9.4998E+02 2.4637E+01 9.5001E+02 1.6633E+01 9.5001E+02 1.3982E+01
 9.5003E+02 1.1905E+01 9.5005E+02 8.9120E+00 9.5007E+02 6.9085E+00
 9.5011E+02 4.4877E+00 9.5013E+02 3.7262E+00 9.5015E+02 3.1425E+00
 9.5019E+02 2.3208E+00 9.5024E+02 1.7832E+00 9.5032E+02 1.1465E+00
 9.5036E+02 9.4915E-01 9.5040E+02 7.9870E-01 9.5049E+02 5.8830E-01
 9.5057E+02 4.5146E-01 9.5074E+02 2.9025E-01 9.5082E+02 2.4046E-01
 9.5090E+02 2.0256E-01 9.5107E+02 1.4964E-01 9.5124E+02 1.1528E-01
 9.5158E+02 7.4845E-02 9.5174E+02 6.2370E-02 9.5191E+02 5.2875E-02
 9.5225E+02 3.9628E-02 9.5258E+02 3.1026E-02 9.5325E+02 2.0907E-02
 9.5359E+02 1.7784E-02 9.5392E+02 1.5407E-02 9.5459E+02 1.2089E-02
 9.5526E+02 9.9320E-03 9.5660E+02 7.3915E-03 9.5794E+02 6.0060E-03
 9.5928E+02 5.1675E-03 9.6063E+02 4.6206E-03 9.6599E+02 3.6280E-03
 9.7135E+02 3.3253E-03 9.7671E+02 3.3407E-03 9.8208E+02 3.8818E-03
 9.8342E+02 4.2316E-03 9.8476E+02 4.7891E-03 9.8610E+02 5.7335E-03
 9.8744E+02 7.4960E-03 9.8811E+02 9.0035E-03 9.8878E+02 1.1333E-02
 9.8911E+02 1.3004E-02 9.8945E+02 1.5203E-02 9.8978E+02 1.8177E-02
 9.9012E+02 2.2336E-02 9.9045E+02 2.8404E-02 9.9079E+02 3.7754E-02
 9.9096E+02 4.4453E-02 9.9112E+02 5.3260E-02 9.9129E+02 6.5165E-02
 9.9146E+02 8.1800E-02 9.9163E+02 1.0605E-01 9.9179E+02 1.4341E-01
 9.9188E+02 1.7017E-01 9.9196E+02 2.0532E-01 9.9205E+02 2.5281E-01
 9.9213E+02 3.1913E-01 9.9221E+02 4.1575E-01 9.9230E+02 5.6435E-01
 9.9234E+02 6.7055E-01 9.9238E+02 8.1000E-01 9.9242E+02 9.9795E-01
 9.9247E+02 1.2598E+00 9.9251E+02 1.6398E+00 9.9255E+02 2.2210E+00
 9.9257E+02 2.6341E+00 9.9259E+02 3.1732E+00 9.9261E+02 3.8948E+00
 9.9263E+02 4.8898E+00 9.9265E+02 6.3135E+00 9.9267E+02 8.4445E+00
 9.9269E+02 9.9265E+00 9.9269E+02 1.1822E+01 9.9271E+02 1.4290E+01
 9.9272E+02 1.7572E+01 9.9272E+02 1.9628E+01 9.9273E+02 2.2040E+01
 9.9273E+02 2.4887E+01 9.9274E+02 2.8269E+01 9.9274E+02 3.2308E+01
 9.9275E+02 3.7156E+01 9.9275E+02 4.2992E+01 9.9276E+02 5.0020E+01
 9.9276E+02 5.8455E+01 9.9277E+02 6.8460E+01 9.9277E+02 8.0055E+01
 9.9278E+02 9.2935E+01 9.9279E+02 1.1831E+02 9.9280E+02 1.3015E+02
 9.9281E+02 1.2631E+02 9.9281E+02 1.1603E+02 9.9282E+02 1.0217E+02
 9.9282E+02 8.7535E+01 9.9283E+02 6.2110E+01 9.9285E+02 4.4157E+01
 9.9286E+02 3.2193E+01 9.9287E+02 2.4184E+01 9.9288E+02 1.8690E+01
 9.9289E+02 1.4809E+01 9.9292E+02 9.8830E+00 9.9293E+02 8.2770E+00
 9.9294E+02 7.0265E+00 9.9296E+02 5.2380E+00 9.9299E+02 4.0491E+00
 9.9303E+02 2.6215E+00 9.9305E+02 2.1745E+00 9.9308E+02 1.8324E+00
 9.9312E+02 1.3519E+00 9.9317E+02 1.0381E+00 9.9326E+02 6.6715E-01
 9.9331E+02 5.5225E-01 9.9335E+02 4.6475E-01 9.9345E+02 3.4239E-01
 9.9354E+02 2.6286E-01 9.9372E+02 1.6920E-01 9.9382E+02 1.4028E-01
 9.9391E+02 1.1828E-01 9.9409E+02 8.7545E-02 9.9428E+02 6.7595E-02
 9.9465E+02 4.4124E-02 9.9483E+02 3.6881E-02 9.9502E+02 3.1371E-02
 9.9539E+02 2.3678E-02 9.9576E+02 1.8683E-02 9.9649E+02 1.2805E-02
 9.9687E+02 1.0989E-02 9.9723E+02 9.6080E-03 9.9797E+02 7.6770E-03
 9.9871E+02 6.4210E-03 1.0002E+03 4.9366E-03 1.0017E+03 4.1230E-03
 1.0032E+03 3.6263E-03 1.0046E+03 3.2987E-03 1.0105E+03 2.6741E-03
 1.0165E+03 2.4239E-03 1.0283E+03 2.1945E-03 1.0401E+03 2.0747E-03
 1.0638E+03 1.9417E-03 1.0874E+03 1.8816E-03 1.1111E+03 1.8796E-03
 1.1347E+03 1.9598E-03 1.1465E+03 2.0715E-03 1.1583E+03 2.3546E-03
 1.1613E+03 2.5012E-03 1.1643E+03 2.7217E-03 1.1672E+03 3.0800E-03
 1.1702E+03 3.7292E-03 1.1717E+03 4.2765E-03 1.1731E+03 5.1160E-03
 1.1746E+03 6.5025E-03 1.1761E+03 9.0480E-03 1.1768E+03 1.1210E-02
 1.1776E+03 1.4537E-02 1.1779E+03 1.6920E-02 1.1783E+03 2.0052E-02
 1.1787E+03 2.4283E-02 1.1790E+03 3.0198E-02 1.1794E+03 3.8822E-02
 1.1798E+03 5.2105E-02 1.1800E+03 6.1620E-02 1.1802E+03 7.4130E-02
 1.1803E+03 9.1030E-02 1.1805E+03 1.1466E-01 1.1807E+03 1.4910E-01
 1.1809E+03 2.0214E-01 1.1810E+03 2.4011E-01 1.1811E+03 2.9002E-01
 1.1812E+03 3.5744E-01 1.1813E+03 4.5159E-01 1.1813E+03 5.8875E-01
 1.1814E+03 7.9965E-01 1.1815E+03 9.5045E-01 1.1815E+03 1.1483E+00
 1.1816E+03 1.4150E+00 1.1816E+03 1.7867E+00 1.1817E+03 2.3259E+00
 1.1817E+03 3.1503E+00 1.1818E+03 3.7363E+00 1.1818E+03 4.5009E+00
 1.1818E+03 5.5240E+00 1.1818E+03 6.9340E+00 1.1818E+03 7.3700E+00
 1.1818E+03 7.8475E+00 1.1818E+03 8.3725E+00 1.1818E+03 8.9510E+00
 1.1818E+03 9.5900E+00 1.1818E+03 1.0299E+01 1.1819E+03 1.1088E+01
 1.1819E+03 1.1967E+01 1.1819E+03 1.2954E+01 1.1819E+03 1.4065E+01
 1.1819E+03 1.5319E+01 1.1819E+03 1.6744E+01 1.1819E+03 1.8368E+01
 1.1819E+03 2.0230E+01 1.1819E+03 2.2375E+01 1.1819E+03 2.4861E+01
 1.1819E+03 2.7759E+01 1.1819E+03 3.1156E+01 1.1819E+03 3.5163E+01
 1.1819E+03 3.9915E+01 1.1819E+03 4.5583E+01 1.1819E+03 5.2375E+01
 1.1819E+03 6.0535E+01 1.1819E+03 7.0340E+01 1.1820E+03 8.2065E+01
 1.1820E+03 9.5930E+01 1.1820E+03 1.1193E+02 1.1820E+03 1.2962E+02
 1.1820E+03 1.6422E+02 1.1820E+03 1.8025E+02 1.1820E+03 1.6081E+02
 1.1820E+03 1.2150E+02 1.1820E+03 8.6320E+01 1.1821E+03 6.1425E+01
 1.1821E+03 4.4810E+01 1.1821E+03 3.3677E+01 1.1821E+03 2.6033E+01
 1.1821E+03 2.0630E+01 1.1821E+03 1.3771E+01 1.1821E+03 1.1534E+01
 1.1822E+03 9.7925E+00 1.1822E+03 7.3000E+00 1.1822E+03 5.6430E+00
 1.1823E+03 3.6533E+00 1.1823E+03 3.0302E+00 1.1823E+03 2.5534E+00
 1.1824E+03 1.8835E+00 1.1824E+03 1.4461E+00 1.1825E+03 9.2890E-01
 1.1826E+03 7.6860E-01 1.1826E+03 6.4665E-01 1.1827E+03 4.7604E-01
 1.1828E+03 3.6516E-01 1.1830E+03 2.3458E-01 1.1831E+03 1.9426E-01
 1.1832E+03 1.6357E-01 1.1834E+03 1.2073E-01 1.1836E+03 9.2920E-02
 1.1841E+03 6.0205E-02 1.1843E+03 5.0110E-02 1.1845E+03 4.2432E-02
 1.1849E+03 3.1716E-02 1.1853E+03 2.4761E-02 1.1861E+03 1.6585E-02
 1.1865E+03 1.4064E-02 1.1869E+03 1.2146E-02 1.1878E+03 9.4730E-03
 1.1886E+03 7.7400E-03 1.1902E+03 5.7075E-03 1.1919E+03 4.6098E-03
 1.1935E+03 3.9531E-03 1.1952E+03 3.5319E-03 1.2017E+03 2.8001E-03
 1.2083E+03 2.5876E-03 1.2215E+03 2.5415E-03 1.2346E+03 2.6639E-03
 1.2609E+03 3.1793E-03 1.2873E+03 4.1681E-03 1.3004E+03 4.9917E-03
 1.3136E+03 6.2330E-03 1.3201E+03 7.1075E-03 1.3267E+03 8.2430E-03
 1.3333E+03 9.7610E-03 1.3399E+03 1.1860E-02 1.3464E+03 1.4892E-02
 1.3530E+03 1.9518E-02 1.3563E+03 2.2814E-02 1.3596E+03 2.7129E-02
 1.3629E+03 3.2941E-02 1.3662E+03 4.1039E-02 1.3670E+03 4.3564E-02
 1.3678E+03 4.6343E-02 1.3687E+03 4.9412E-02 1.3691E+03 5.1070E-02
 1.3695E+03 5.2815E-02 1.3697E+03 5.3720E-02 1.3699E+03 5.4655E-02
 1.3701E+03 5.5610E-02 1.3703E+03 5.6595E-02 1.3705E+03 5.7610E-02
 1.3707E+03 5.8650E-02 1.3709E+03 5.9720E-02 1.3711E+03 6.0820E-02
 1.3713E+03 6.1955E-02 1.3715E+03 6.3120E-02 1.3717E+03 6.4320E-02
 1.3719E+03 6.5555E-02 1.3723E+03 6.8145E-02 1.3728E+03 7.0895E-02
 1.3732E+03 7.3820E-02 1.3736E+03 7.6935E-02 1.3740E+03 8.0265E-02
 1.3744E+03 8.3815E-02 1.3752E+03 9.1695E-02 1.3761E+03 1.0078E-01
 1.3769E+03 1.1131E-01 1.3777E+03 1.2364E-01 1.3785E+03 1.3819E-01
 1.3793E+03 1.5552E-01 1.3802E+03 1.7641E-01 1.3810E+03 2.0187E-01
 1.3818E+03 2.3336E-01 1.3826E+03 2.7293E-01 1.3835E+03 3.2360E-01
 1.3843E+03 3.8993E-01 1.3851E+03 4.7903E-01 1.3859E+03 6.0260E-01
 1.3863E+03 6.8315E-01 1.3867E+03 7.8085E-01 1.3872E+03 9.0095E-01
 1.3876E+03 1.0508E+00 1.3880E+03 1.2409E+00 1.3884E+03 1.4867E+00
 1.3888E+03 1.8117E+00 1.3892E+03 2.2528E+00 1.3896E+03 2.8697E+00
 1.3900E+03 3.7634E+00 1.3902E+03 4.3650E+00 1.3904E+03 5.1115E+00
 1.3907E+03 6.0470E+00 1.3909E+03 7.2315E+00 1.3911E+03 8.7430E+00
 1.3913E+03 1.0678E+01 1.3915E+03 1.3139E+01 1.3917E+03 1.6192E+01
 1.3921E+03 2.3462E+01 1.3925E+03 2.7585E+01 1.3932E+03 1.8263E+01
 1.3939E+03 9.0730E+00 1.3943E+03 6.5875E+00 1.3946E+03 4.9352E+00
 1.3949E+03 3.8070E+00 1.3953E+03 3.0126E+00 1.3960E+03 2.0076E+00
 1.3963E+03 1.6807E+00 1.3967E+03 1.4265E+00 1.3974E+03 1.0632E+00
 1.3981E+03 8.2200E-01 1.3995E+03 5.3270E-01 1.4002E+03 4.4220E-01
 1.4009E+03 3.7298E-01 1.4023E+03 2.7579E-01 1.4037E+03 2.1237E-01
 1.4065E+03 1.3748E-01 1.4079E+03 1.1432E-01 1.4093E+03 9.6695E-02
 1.4121E+03 7.2100E-02 1.4149E+03 5.6160E-02 1.4205E+03 3.7519E-02
 1.4233E+03 3.1823E-02 1.4261E+03 2.7530E-02 1.4317E+03 2.1649E-02
 1.4373E+03 1.7979E-02 1.4484E+03 1.4089E-02 1.4596E+03 1.2614E-02
 1.4708E+03 1.2528E-02 1.4820E+03 1.3555E-02 1.4932E+03 1.5810E-02
 1.5044E+03 1.9821E-02 1.5100E+03 2.2836E-02 1.5156E+03 2.6871E-02
 1.5184E+03 2.9405E-02 1.5198E+03 3.0832E-02 1.5212E+03 3.2383E-02
 1.5219E+03 3.3208E-02 1.5226E+03 3.4070E-02 1.5229E+03 3.4515E-02
 1.5233E+03 3.4970E-02 1.5236E+03 3.5435E-02 1.5238E+03 3.5672E-02
 1.5239E+03 3.5910E-02 1.5240E+03 3.6031E-02 1.5241E+03 3.6152E-02
 1.5242E+03 3.6274E-02 1.5243E+03 3.6335E-02 1.5243E+03 3.6396E-02
 1.5243E+03 3.6458E-02 1.5244E+03 3.6520E-02 1.5244E+03 3.6550E-02
 1.5244E+03 3.6582E-02 1.5245E+03 3.6612E-02 1.5245E+03 3.6628E-02
 1.5245E+03 3.6644E-02 1.5245E+03 3.6659E-02 1.5245E+03 3.6667E-02
 1.5245E+03 3.6674E-02 1.5245E+03 3.6682E-02 1.5245E+03 3.6686E-02
 1.5245E+03 3.6690E-02 1.5245E+03 3.6694E-02 1.5245E+03 3.6698E-02
 1.5245E+03 3.6702E-02 1.5245E+03 3.6706E-02 1.5245E+03 3.6709E-02
 1.5245E+03 3.6714E-02 1.5245E+03 3.6718E-02 1.5245E+03 3.6721E-02
 1.5245E+03 3.6726E-02 1.5245E+03 3.6729E-02 1.5245E+03 3.6733E-02
 1.5245E+03 3.6737E-02 1.5246E+03 3.6745E-02 1.5246E+03 3.6753E-02
 1.5246E+03 3.6761E-02 1.5246E+03 3.6768E-02 1.5246E+03 3.6784E-02
 1.5246E+03 3.6799E-02 1.5246E+03 3.6815E-02 1.5246E+03 3.6831E-02
 1.5246E+03 3.6862E-02 1.5247E+03 3.6894E-02 1.5247E+03 3.6957E-02
 1.5247E+03 3.7019E-02 1.5248E+03 3.7083E-02 1.5248E+03 3.7146E-02
 1.5249E+03 3.7274E-02 1.5250E+03 3.7402E-02 1.5252E+03 3.7660E-02
 1.5253E+03 3.7922E-02 1.5255E+03 3.8186E-02 1.5257E+03 3.8454E-02
 1.5259E+03 3.8725E-02 1.5261E+03 3.8998E-02 1.5264E+03 3.9556E-02
 1.5268E+03 4.0127E-02 1.5274E+03 4.1308E-02 1.5282E+03 4.2548E-02
 1.5288E+03 4.3849E-02 1.5296E+03 4.5216E-02 1.5309E+03 4.8164E-02
 1.5323E+03 5.1430E-02 1.5337E+03 5.5070E-02 1.5351E+03 5.9130E-02
 1.5365E+03 6.3680E-02 1.5379E+03 6.8810E-02 1.5393E+03 7.4610E-02
 1.5407E+03 8.1210E-02 1.5421E+03 8.8765E-02 1.5435E+03 9.7445E-02
 1.5449E+03 1.0751E-01 1.5463E+03 1.1928E-01 1.5477E+03 1.3311E-01
 1.5491E+03 1.4956E-01 1.5505E+03 1.6931E-01 1.5519E+03 1.9329E-01
 1.5533E+03 2.2279E-01 1.5547E+03 2.5965E-01 1.5561E+03 3.0649E-01
 1.5575E+03 3.6719E-01 1.5589E+03 4.4771E-01 1.5603E+03 5.5745E-01
 1.5617E+03 7.1195E-01 1.5631E+03 9.3785E-01 1.5638E+03 1.0914E+00
 1.5645E+03 1.2833E+00 1.5652E+03 1.5268E+00 1.5659E+03 1.8392E+00
 1.5666E+03 2.2449E+00 1.5673E+03 2.7762E+00 1.5680E+03 3.4721E+00
 1.5687E+03 4.3686E+00 1.5701E+03 6.6640E+00 1.5715E+03 8.0735E+00
 1.5737E+03 5.2695E+00 1.5759E+03 2.5859E+00 1.5770E+03 1.8727E+00
 1.5781E+03 1.4017E+00 1.5792E+03 1.0816E+00 1.5803E+03 8.5710E-01
 1.5825E+03 5.7455E-01 1.5836E+03 4.8332E-01 1.5847E+03 4.1276E-01
 1.5869E+03 3.1326E-01 1.5892E+03 2.4931E-01 1.5914E+03 2.0780E-01
 1.5936E+03 1.8247E-01 1.5958E+03 1.7161E-01 1.5980E+03 1.7894E-01
 1.5991E+03 1.9365E-01 1.6002E+03 2.2152E-01 1.6013E+03 2.7315E-01
 1.6024E+03 3.7398E-01 1.6029E+03 4.6170E-01 1.6035E+03 5.9800E-01
 1.6038E+03 6.9595E-01 1.6040E+03 8.2475E-01 1.6043E+03 9.9860E-01
 1.6046E+03 1.2409E+00 1.6047E+03 1.3992E+00 1.6049E+03 1.5920E+00
 1.6050E+03 1.8297E+00 1.6051E+03 1.9700E+00 1.6052E+03 2.1275E+00
 1.6052E+03 2.3053E+00 1.6053E+03 2.5069E+00 1.6053E+03 2.7367E+00
 1.6054E+03 3.0002E+00 1.6055E+03 3.3042E+00 1.6056E+03 3.6572E+00
 1.6056E+03 4.0703E+00 1.6057E+03 4.5574E+00 1.6058E+03 5.1370E+00
 1.6058E+03 5.8330E+00 1.6059E+03 6.6780E+00 1.6060E+03 7.7160E+00
 1.6060E+03 9.0075E+00 1.6061E+03 1.0637E+01 1.6062E+03 1.2723E+01
 1.6063E+03 1.5438E+01 1.6063E+03 1.9026E+01 1.6064E+03 2.3834E+01
 1.6065E+03 3.0326E+01 1.6065E+03 3.9035E+01 1.6067E+03 6.3300E+01
 1.6068E+03 7.9850E+01 1.6069E+03 7.4040E+01 1.6069E+03 6.0785E+01
 1.6070E+03 4.6825E+01 1.6071E+03 3.5437E+01 1.6072E+03 2.7001E+01
 1.6073E+03 2.0921E+01 1.6073E+03 1.6528E+01 1.6074E+03 1.3309E+01
 1.6076E+03 9.0765E+00 1.6076E+03 7.6600E+00 1.6077E+03 6.5440E+00
 1.6079E+03 4.9273E+00 1.6080E+03 3.8392E+00 1.6083E+03 2.5180E+00
 1.6085E+03 2.1010E+00 1.6086E+03 1.7806E+00 1.6089E+03 1.3289E+00
 1.6092E+03 1.0326E+00 1.6098E+03 6.8065E-01 1.6101E+03 5.7120E-01
 1.6104E+03 4.8756E-01 1.6110E+03 3.7015E-01 1.6116E+03 2.9333E-01
 1.6128E+03 2.0184E-01 1.6134E+03 1.7317E-01 1.6140E+03 1.5110E-01
 1.6153E+03 1.1973E-01 1.6165E+03 9.8765E-02 1.6189E+03 7.2885E-02
 1.6213E+03 5.7695E-02 1.6237E+03 4.7731E-02 1.6261E+03 4.0672E-02
 1.6309E+03 3.1277E-02 1.6358E+03 2.5254E-02 1.6406E+03 2.1038E-02
 1.6454E+03 1.7914E-02 1.6551E+03 1.3602E-02 1.6648E+03 1.0785E-02
 1.6744E+03 8.8210E-03 1.6841E+03 7.3895E-03 1.7034E+03 5.4785E-03
 1.7227E+03 4.2960E-03 1.7420E+03 3.5197E-03 1.7613E+03 2.9917E-03
 1.8000E+03 2.3828E-03 1.8386E+03 2.1650E-03 1.8579E+03 2.1965E-03
 1.8773E+03 2.3897E-03 1.8869E+03 2.6286E-03 1.8966E+03 3.1911E-03
 1.8990E+03 3.4709E-03 1.9014E+03 3.8846E-03 1.9038E+03 4.5464E-03
 1.9062E+03 5.7300E-03 1.9074E+03 6.7205E-03 1.9087E+03 8.2335E-03
 1.9093E+03 9.3115E-03 1.9099E+03 1.0725E-02 1.9105E+03 1.2630E-02
 1.9111E+03 1.5288E-02 1.9117E+03 1.9156E-02 1.9123E+03 2.5109E-02
 1.9126E+03 2.9371E-02 1.9129E+03 3.4970E-02 1.9132E+03 4.2534E-02
 1.9135E+03 5.3105E-02 1.9138E+03 6.8515E-02 1.9141E+03 9.2245E-02
 1.9142E+03 1.0924E-01 1.9144E+03 1.3158E-01 1.9145E+03 1.6176E-01
 1.9147E+03 2.0392E-01 1.9148E+03 2.6539E-01 1.9150E+03 3.5998E-01
 1.9151E+03 4.2768E-01 1.9152E+03 5.1660E-01 1.9152E+03 6.3660E-01
 1.9153E+03 8.0405E-01 1.9154E+03 1.0476E+00 1.9154E+03 1.4214E+00
 1.9155E+03 1.6881E+00 1.9155E+03 2.0372E+00 1.9156E+03 2.5065E+00
 1.9156E+03 3.1577E+00 1.9156E+03 3.5821E+00 1.9156E+03 4.0974E+00
 1.9157E+03 4.3974E+00 1.9157E+03 4.7312E+00 1.9157E+03 5.1040E+00
 1.9157E+03 5.5225E+00 1.9157E+03 5.7505E+00 1.9157E+03 5.9935E+00
 1.9157E+03 6.2515E+00 1.9157E+03 6.5265E+00 1.9157E+03 6.8195E+00
 1.9157E+03 7.1325E+00 1.9157E+03 7.4675E+00 1.9157E+03 7.8255E+00
 1.9157E+03 8.6230E+00 1.9157E+03 9.5455E+00 1.9157E+03 1.0620E+01
 1.9158E+03 1.1882E+01 1.9158E+03 1.3374E+01 1.9158E+03 1.5156E+01
 1.9158E+03 1.7301E+01 1.9158E+03 1.9911E+01 1.9158E+03 2.3119E+01
 1.9158E+03 2.7108E+01 1.9158E+03 3.2122E+01 1.9158E+03 3.8492E+01
 1.9158E+03 4.6658E+01 1.9158E+03 5.7170E+01 1.9158E+03 7.0630E+01
 1.9159E+03 8.7485E+01 1.9159E+03 1.2832E+02 1.9159E+03 1.5197E+02
 1.9159E+03 1.4238E+02 1.9159E+03 1.1973E+02 1.9159E+03 9.4645E+01
 1.9159E+03 7.3175E+01 1.9160E+03 5.6655E+01 1.9160E+03 4.4401E+01
 1.9160E+03 3.5362E+01 1.9160E+03 2.8637E+01 1.9160E+03 1.9662E+01
 1.9160E+03 1.6623E+01 1.9160E+03 1.4216E+01 1.9161E+03 1.0711E+01
 1.9161E+03 8.3390E+00 1.9161E+03 5.4455E+00 1.9162E+03 4.5290E+00
 1.9162E+03 3.8243E+00 1.9162E+03 2.8293E+00 1.9163E+03 2.1763E+00
 1.9164E+03 1.4010E+00 1.9164E+03 1.1602E+00 1.9164E+03 9.7650E-01
 1.9165E+03 7.1940E-01 1.9166E+03 5.5205E-01 1.9168E+03 3.5478E-01
 1.9169E+03 2.9381E-01 1.9170E+03 2.4741E-01 1.9172E+03 1.8260E-01
 1.9174E+03 1.4051E-01 1.9177E+03 9.0985E-02 1.9179E+03 7.5710E-02
 1.9181E+03 6.4085E-02 1.9184E+03 4.7863E-02 1.9188E+03 3.7336E-02
 1.9196E+03 2.4966E-02 1.9199E+03 2.1154E-02 1.9203E+03 1.8259E-02
 1.9210E+03 1.4225E-02 1.9217E+03 1.1617E-02 1.9232E+03 8.5745E-03
 1.9247E+03 6.9505E-03 1.9261E+03 5.9980E-03 1.9276E+03 5.4055E-03
 1.9334E+03 4.5136E-03 1.9393E+03 4.4796E-03 1.9451E+03 4.7811E-03
 1.9509E+03 5.3275E-03 1.9568E+03 6.1440E-03 1.9626E+03 7.3305E-03
 1.9684E+03 9.0890E-03 1.9743E+03 1.1814E-02 1.9772E+03 1.3768E-02
 1.9801E+03 1.6336E-02 1.9830E+03 1.9806E-02 1.9859E+03 2.4653E-02
 1.9889E+03 3.1713E-02 1.9918E+03 4.2577E-02 1.9933E+03 5.0350E-02
 1.9947E+03 6.0560E-02 1.9962E+03 7.4345E-02 1.9976E+03 9.3585E-02
 1.9980E+03 9.9590E-02 1.9983E+03 1.0620E-01 1.9987E+03 1.1350E-01
 1.9989E+03 1.1744E-01 1.9991E+03 1.2159E-01 1.9992E+03 1.2376E-01
 1.9993E+03 1.2597E-01 1.9994E+03 1.2825E-01 1.9994E+03 1.2942E-01
 1.9994E+03 1.3059E-01 1.9995E+03 1.3179E-01 1.9995E+03 1.3240E-01
 1.9995E+03 1.3301E-01 1.9996E+03 1.3361E-01 1.9996E+03 1.3423E-01
 1.9996E+03 1.3486E-01 1.9996E+03 1.3548E-01 1.9997E+03 1.3611E-01
 1.9997E+03 1.3675E-01 1.9997E+03 1.3739E-01 1.9997E+03 1.3803E-01
 1.9998E+03 1.3867E-01 1.9998E+03 1.3933E-01 1.9998E+03 1.3998E-01
 1.9998E+03 1.4064E-01 1.9999E+03 1.4199E-01 1.9999E+03 1.4335E-01
 1.9999E+03 1.4472E-01 2.0000E+03 1.4612E-01 2.0001E+03 1.4897E-01
 2.0002E+03 1.5192E-01 2.0003E+03 1.5495E-01 2.0004E+03 1.5807E-01
 2.0004E+03 1.6129E-01 2.0005E+03 1.6462E-01 2.0007E+03 1.7158E-01
 2.0009E+03 1.7899E-01 2.0011E+03 1.8690E-01 2.0013E+03 1.9536E-01
 2.0016E+03 2.1408E-01 2.0020E+03 2.3566E-01 2.0024E+03 2.6068E-01
 2.0027E+03 2.8993E-01 2.0031E+03 3.2440E-01 2.0035E+03 3.6543E-01
 2.0038E+03 4.1476E-01 2.0042E+03 4.7479E-01 2.0046E+03 5.4880E-01
 2.0049E+03 6.4155E-01 2.0053E+03 7.5970E-01 2.0057E+03 9.1350E-01
 2.0060E+03 1.1185E+00 2.0064E+03 1.3998E+00 2.0068E+03 1.7994E+00
 2.0071E+03 2.3914E+00 2.0073E+03 2.7988E+00 2.0075E+03 3.3145E+00
 2.0077E+03 3.9778E+00 2.0078E+03 4.8457E+00 2.0080E+03 6.0010E+00
 2.0082E+03 7.5645E+00 2.0084E+03 9.7045E+00 2.0086E+03 1.2627E+01
 2.0089E+03 2.1102E+01 2.0093E+03 2.7180E+01 2.0096E+03 2.1896E+01
 2.0098E+03 1.7617E+01 2.0100E+03 1.3834E+01 2.0103E+03 8.5730E+00
 2.0105E+03 6.8740E+00 2.0106E+03 5.5950E+00 2.0110E+03 3.8676E+00
 2.0113E+03 2.8082E+00 2.0116E+03 2.1216E+00 2.0120E+03 1.6548E+00
 2.0126E+03 1.0833E+00 2.0130E+03 9.0170E-01 2.0133E+03 7.6190E-01
 2.0140E+03 5.6435E-01 2.0146E+03 4.3450E-01 2.0160E+03 2.8022E-01
 2.0166E+03 2.3226E-01 2.0173E+03 1.9568E-01 2.0186E+03 1.4447E-01
 2.0200E+03 1.1113E-01 2.0226E+03 7.1845E-02 2.0240E+03 5.9710E-02
 2.0253E+03 5.0480E-02 2.0280E+03 3.7600E-02 2.0307E+03 2.9250E-02
 2.0360E+03 1.9468E-02 2.0387E+03 1.6470E-02 2.0413E+03 1.4204E-02
 2.0467E+03 1.1081E-02 2.0520E+03 9.1065E-03 2.0627E+03 6.9425E-03
 2.0734E+03 6.0040E-03 2.0840E+03 5.7425E-03 2.0947E+03 5.9850E-03
 2.1054E+03 6.7470E-03 2.1161E+03 8.2205E-03 2.1214E+03 9.3590E-03
 2.1267E+03 1.0901E-02 2.1321E+03 1.3027E-02 2.1374E+03 1.6037E-02
 2.1427E+03 2.0463E-02 2.1481E+03 2.7311E-02 2.1507E+03 3.2225E-02
 2.1534E+03 3.8685E-02 2.1561E+03 4.7413E-02 2.1574E+03 5.2970E-02
 2.1581E+03 5.6135E-02 2.1588E+03 5.9600E-02 2.1591E+03 6.1455E-02
 2.1594E+03 6.3400E-02 2.1598E+03 6.5440E-02 2.1599E+03 6.6500E-02
 2.1601E+03 6.7585E-02 2.1603E+03 6.8700E-02 2.1603E+03 6.9265E-02
 2.1604E+03 6.9840E-02 2.1605E+03 7.0420E-02 2.1605E+03 7.0715E-02
 2.1606E+03 7.1010E-02 2.1606E+03 7.1305E-02 2.1607E+03 7.1605E-02
 2.1607E+03 7.1755E-02 2.1607E+03 7.1905E-02 2.1607E+03 7.2055E-02
 2.1608E+03 7.2210E-02 2.1608E+03 7.2360E-02 2.1608E+03 7.2515E-02
 2.1608E+03 7.2665E-02 2.1608E+03 7.2820E-02 2.1609E+03 7.3130E-02
 2.1609E+03 7.3440E-02 2.1610E+03 7.3750E-02 2.1610E+03 7.4065E-02
 2.1610E+03 7.4385E-02 2.1611E+03 7.4705E-02 2.1612E+03 7.5345E-02
 2.1613E+03 7.6000E-02 2.1613E+03 7.6660E-02 2.1614E+03 7.7330E-02
 2.1616E+03 7.8700E-02 2.1618E+03 8.0105E-02 2.1619E+03 8.1545E-02
 2.1621E+03 8.3030E-02 2.1624E+03 8.6120E-02 2.1628E+03 8.9390E-02
 2.1631E+03 9.2850E-02 2.1634E+03 9.6520E-02 2.1638E+03 1.0041E-01
 2.1641E+03 1.0455E-01 2.1648E+03 1.1364E-01 2.1654E+03 1.2397E-01
 2.1661E+03 1.3579E-01 2.1668E+03 1.4940E-01 2.1674E+03 1.6517E-01
 2.1681E+03 1.8359E-01 2.1688E+03 2.0528E-01 2.1694E+03 2.3104E-01
 2.1701E+03 2.6197E-01 2.1708E+03 2.9952E-01 2.1714E+03 3.4573E-01
 2.1721E+03 4.0342E-01 2.1728E+03 4.7665E-01 2.1734E+03 5.7150E-01
 2.1741E+03 6.9705E-01 2.1748E+03 8.6780E-01 2.1754E+03 1.1073E+00
 2.1761E+03 1.4558E+00 2.1764E+03 1.6912E+00 2.1768E+03 1.9845E+00
 2.1771E+03 2.3537E+00 2.1774E+03 2.8239E+00 2.1778E+03 3.4285E+00
 2.1781E+03 4.2097E+00 2.1784E+03 5.2155E+00 2.1788E+03 6.4825E+00
 2.1794E+03 9.5890E+00 2.1801E+03 1.1409E+01 2.1813E+03 7.0615E+00
 2.1825E+03 3.2959E+00 2.1831E+03 2.3544E+00 2.1837E+03 1.7452E+00
 2.1843E+03 1.3365E+00 2.1849E+03 1.0522E+00 2.1861E+03 6.9670E-01
 2.1867E+03 5.8205E-01 2.1873E+03 4.9317E-01 2.1885E+03 3.6666E-01
 2.1897E+03 2.8298E-01 2.1921E+03 1.8294E-01 2.1933E+03 1.5171E-01
 2.1945E+03 1.2785E-01 2.1969E+03 9.4380E-02 2.1993E+03 7.2550E-02
 2.2041E+03 4.6772E-02 2.2065E+03 3.8795E-02 2.2089E+03 3.2722E-02
 2.2137E+03 2.4233E-02 2.2185E+03 1.8715E-02 2.2281E+03 1.2216E-02
 2.2329E+03 1.0209E-02 2.2377E+03 8.6805E-03 2.2473E+03 6.5455E-03
 2.2569E+03 5.1580E-03 2.2760E+03 3.5254E-03 2.2856E+03 3.0227E-03
 2.2952E+03 2.6421E-03 2.3144E+03 2.1177E-03 2.3336E+03 1.7906E-03
 2.3528E+03 1.5865E-03 2.3720E+03 1.4718E-03 2.3912E+03 1.4390E-03
 2.4104E+03 1.5118E-03 2.4199E+03 1.6126E-03 2.4295E+03 1.7902E-03
 2.4391E+03 2.1054E-03 2.4487E+03 2.7037E-03 2.4535E+03 3.2168E-03
 2.4583E+03 4.0082E-03 2.4607E+03 4.5747E-03 2.4631E+03 5.3185E-03
 2.4655E+03 6.3215E-03 2.4679E+03 7.7215E-03 2.4703E+03 9.7580E-03
 2.4727E+03 1.2887E-02 2.4739E+03 1.5125E-02 2.4751E+03 1.8064E-02
 2.4763E+03 2.2030E-02 2.4775E+03 2.7568E-02 2.4787E+03 3.5634E-02
 2.4799E+03 4.8046E-02 2.4805E+03 5.6930E-02 2.4811E+03 6.8605E-02
 2.4817E+03 8.4370E-02 2.4823E+03 1.0639E-01 2.4829E+03 1.3847E-01
 2.4835E+03 1.8784E-01 2.4838E+03 2.2315E-01 2.4841E+03 2.6954E-01
 2.4844E+03 3.3211E-01 2.4847E+03 4.1941E-01 2.4848E+03 4.4664E-01
 2.4849E+03 4.7661E-01 2.4849E+03 4.9273E-01 2.4849E+03 5.0970E-01
 2.4849E+03 5.1850E-01 2.4850E+03 5.2755E-01 2.4850E+03 5.3215E-01
 2.4850E+03 5.3685E-01 2.4850E+03 5.4155E-01 2.4850E+03 5.4395E-01
 2.4850E+03 5.4635E-01 2.4850E+03 5.4875E-01 2.4850E+03 5.5120E-01
 2.4850E+03 5.5245E-01 2.4850E+03 5.5365E-01 2.4850E+03 5.5430E-01
 2.4850E+03 5.5490E-01 2.4850E+03 5.5550E-01 2.4850E+03 5.5615E-01
 2.4850E+03 5.5645E-01 2.4850E+03 5.5675E-01 2.4850E+03 5.5705E-01
 2.4850E+03 5.5740E-01 2.4850E+03 5.5770E-01 2.4850E+03 5.5800E-01
 2.4850E+03 5.5830E-01 2.4850E+03 5.5860E-01 2.4850E+03 5.5895E-01
 2.4850E+03 5.5925E-01 2.4850E+03 5.5955E-01 2.4850E+03 5.5985E-01
 2.4850E+03 5.6050E-01 2.4850E+03 5.6115E-01 2.4850E+03 5.6240E-01
 2.4850E+03 5.6365E-01 2.4850E+03 5.6490E-01 2.4850E+03 5.6620E-01
 2.4850E+03 5.6875E-01 2.4851E+03 5.7130E-01 2.4851E+03 5.7390E-01
 2.4851E+03 5.7650E-01 2.4851E+03 5.8180E-01 2.4851E+03 5.8710E-01
 2.4851E+03 5.9800E-01 2.4851E+03 6.0920E-01 2.4851E+03 6.2075E-01
 2.4851E+03 6.3260E-01 2.4852E+03 6.5735E-01 2.4852E+03 6.8360E-01
 2.4853E+03 7.1145E-01 2.4853E+03 7.4105E-01 2.4853E+03 7.7250E-01
 2.4854E+03 8.0600E-01 2.4854E+03 8.4170E-01 2.4854E+03 8.7985E-01
 2.4855E+03 9.6430E-01 2.4856E+03 1.0615E+00 2.4857E+03 1.1741E+00
 2.4858E+03 1.3055E+00 2.4858E+03 1.4602E+00 2.4859E+03 1.6439E+00
 2.4860E+03 1.8642E+00 2.4861E+03 2.1315E+00 2.4861E+03 2.4600E+00
 2.4862E+03 2.8695E+00 2.4863E+03 3.3887E+00 2.4864E+03 4.0592E+00
 2.4864E+03 4.9448E+00 2.4865E+03 6.1440E+00 2.4866E+03 7.8175E+00
 2.4866E+03 1.0233E+01 2.4867E+03 1.1854E+01 2.4867E+03 1.3857E+01
 2.4868E+03 1.6360E+01 2.4868E+03 1.9512E+01 2.4868E+03 2.3508E+01
 2.4869E+03 2.8581E+01 2.4869E+03 3.4968E+01 2.4869E+03 4.2791E+01
 2.4870E+03 6.0980E+01 2.4871E+03 7.1050E+01 2.4873E+03 3.8511E+01
 2.4874E+03 2.4492E+01 2.4874E+03 1.9806E+01 2.4874E+03 1.6224E+01
 2.4875E+03 1.1314E+01 2.4876E+03 8.2590E+00 2.4877E+03 6.2610E+00
 2.4878E+03 4.8952E+00 2.4879E+03 3.2130E+00 2.4880E+03 2.6766E+00
 2.4881E+03 2.2630E+00 2.4883E+03 1.6771E+00 2.4885E+03 1.2916E+00
 2.4888E+03 8.3265E-01 2.4890E+03 6.8980E-01 2.4891E+03 5.8080E-01
 2.4895E+03 4.2812E-01 2.4898E+03 3.2867E-01 2.4905E+03 2.1140E-01
 2.4908E+03 1.7516E-01 2.4912E+03 1.4758E-01 2.4919E+03 1.0909E-01
 2.4925E+03 8.4120E-02 2.4939E+03 5.4870E-02 2.4946E+03 4.5910E-02
 2.4952E+03 3.9154E-02 2.4966E+03 2.9911E-02 2.4979E+03 2.4230E-02
 2.4993E+03 2.0793E-02 2.5007E+03 1.9049E-02 2.5020E+03 1.8982E-02
 2.5034E+03 2.1319E-02 2.5041E+03 2.4064E-02 2.5047E+03 2.8758E-02
 2.5051E+03 3.2285E-02 2.5054E+03 3.7028E-02 2.5058E+03 4.3549E-02
 2.5061E+03 5.2780E-02 2.5064E+03 6.6370E-02 2.5068E+03 8.7440E-02
 2.5069E+03 1.0258E-01 2.5071E+03 1.2252E-01 2.5073E+03 1.4949E-01
 2.5074E+03 1.8723E-01 2.5076E+03 2.4227E-01 2.5078E+03 3.2705E-01
 2.5079E+03 3.8774E-01 2.5079E+03 4.6746E-01 2.5080E+03 5.7505E-01
 2.5081E+03 7.2520E-01 2.5082E+03 9.4360E-01 2.5083E+03 1.2786E+00
 2.5083E+03 1.5175E+00 2.5084E+03 1.8304E+00 2.5084E+03 2.2508E+00
 2.5085E+03 2.8337E+00 2.5085E+03 3.2135E+00 2.5085E+03 3.6745E+00
 2.5085E+03 3.9426E+00 2.5085E+03 4.2411E+00 2.5085E+03 4.4031E+00
 2.5085E+03 4.5743E+00 2.5085E+03 4.7557E+00 2.5086E+03 4.9479E+00
 2.5086E+03 5.1520E+00 2.5086E+03 5.3685E+00 2.5086E+03 5.5990E+00
 2.5086E+03 5.8445E+00 2.5086E+03 6.3855E+00 2.5086E+03 7.0035E+00
 2.5086E+03 7.7140E+00 2.5086E+03 8.5355E+00 2.5086E+03 9.4920E+00
 2.5086E+03 1.0613E+01 2.5086E+03 1.1938E+01 2.5086E+03 1.3518E+01
 2.5087E+03 1.5416E+01 2.5087E+03 1.7721E+01 2.5087E+03 2.0549E+01
 2.5087E+03 2.4052E+01 2.5087E+03 2.8440E+01 2.5087E+03 3.3989E+01
 2.5087E+03 4.1056E+01 2.5087E+03 5.0080E+01 2.5088E+03 6.1530E+01
 2.5088E+03 7.5680E+01 2.5088E+03 1.0917E+02 2.5088E+03 1.2804E+02
 2.5088E+03 1.2017E+02 2.5088E+03 1.0147E+02 2.5088E+03 8.0570E+01
 2.5089E+03 6.2535E+01 2.5089E+03 4.8562E+01 2.5089E+03 3.8145E+01
 2.5089E+03 3.0431E+01 2.5089E+03 2.4674E+01 2.5089E+03 1.6970E+01
 2.5089E+03 1.4356E+01 2.5090E+03 1.2284E+01 2.5090E+03 9.2615E+00
 2.5090E+03 7.2145E+00 2.5091E+03 4.7148E+00 2.5091E+03 3.9225E+00
 2.5091E+03 3.3131E+00 2.5092E+03 2.4524E+00 2.5092E+03 1.8874E+00
 2.5093E+03 1.2164E+00 2.5094E+03 1.0078E+00 2.5094E+03 8.4880E-01
 2.5095E+03 6.2615E-01 2.5096E+03 4.8124E-01 2.5098E+03 3.1034E-01
 2.5099E+03 2.5750E-01 2.5101E+03 2.1727E-01 2.5103E+03 1.6107E-01
 2.5105E+03 1.2454E-01 2.5109E+03 8.1485E-02 2.5111E+03 6.8175E-02
 2.5113E+03 5.8030E-02 2.5117E+03 4.3831E-02 2.5121E+03 3.4573E-02
 2.5130E+03 2.3595E-02 2.5134E+03 2.0170E-02 2.5138E+03 1.7544E-02
 2.5146E+03 1.3827E-02 2.5155E+03 1.1361E-02 2.5171E+03 8.3555E-03
 2.5188E+03 6.6265E-03 2.5205E+03 5.5155E-03 2.5221E+03 4.7460E-03
 2.5255E+03 3.7533E-03 2.5288E+03 3.1425E-03 2.5322E+03 2.7305E-03
 2.5355E+03 2.4354E-03 2.5489E+03 1.8065E-03 2.5555E+03 1.6505E-03
 2.5622E+03 1.5461E-03 2.5889E+03 1.3900E-03 2.6156E+03 1.4548E-03
 2.6289E+03 1.5564E-03 2.6423E+03 1.7218E-03 2.6556E+03 1.9910E-03
 2.6690E+03 2.4621E-03 2.6757E+03 2.8464E-03 2.6824E+03 3.4221E-03
 2.6890E+03 4.3527E-03 2.6957E+03 6.0295E-03 2.6990E+03 7.4380E-03
 2.7024E+03 9.5935E-03 2.7040E+03 1.1131E-02 2.7057E+03 1.3147E-02
 2.7074E+03 1.5867E-02 2.7091E+03 1.9661E-02 2.7107E+03 2.5187E-02
 2.7124E+03 3.3687E-02 2.7132E+03 3.9771E-02 2.7141E+03 4.7764E-02
 2.7149E+03 5.8560E-02 2.7157E+03 7.3640E-02 2.7166E+03 9.5610E-02
 2.7174E+03 1.2942E-01 2.7178E+03 1.5361E-01 2.7182E+03 1.8538E-01
 2.7184E+03 2.0513E-01 2.7185E+03 2.1622E-01 2.7186E+03 2.2824E-01
 2.7187E+03 2.3464E-01 2.7188E+03 2.4130E-01 2.7188E+03 2.4826E-01
 2.7188E+03 2.5185E-01 2.7189E+03 2.5553E-01 2.7189E+03 2.5927E-01
 2.7189E+03 2.6311E-01 2.7189E+03 2.6704E-01 2.7190E+03 2.7104E-01
 2.7190E+03 2.7515E-01 2.7190E+03 2.7935E-01 2.7190E+03 2.8364E-01
 2.7191E+03 2.8804E-01 2.7191E+03 2.9714E-01 2.7192E+03 3.0668E-01
 2.7192E+03 3.1670E-01 2.7193E+03 3.2721E-01 2.7194E+03 3.4988E-01
 2.7195E+03 3.7500E-01 2.7196E+03 4.0292E-01 2.7197E+03 4.3409E-01
 2.7198E+03 4.6903E-01 2.7199E+03 5.0835E-01 2.7200E+03 5.5285E-01
 2.7201E+03 6.0345E-01 2.7202E+03 6.6140E-01 2.7203E+03 7.2795E-01
 2.7204E+03 8.0510E-01 2.7205E+03 8.9520E-01 2.7206E+03 1.0012E+00
 2.7207E+03 1.1271E+00 2.7208E+03 1.2781E+00 2.7209E+03 1.4613E+00
 2.7210E+03 1.6865E+00 2.7211E+03 1.9674E+00 2.7213E+03 2.3235E+00
 2.7214E+03 2.7836E+00 2.7215E+03 3.3914E+00 2.7216E+03 4.2151E+00
 2.7217E+03 5.3650E+00 2.7218E+03 7.0270E+00 2.7218E+03 8.1425E+00
 2.7219E+03 9.5235E+00 2.7219E+03 1.1249E+01 2.7220E+03 1.3427E+01
 2.7220E+03 1.6193E+01 2.7221E+03 1.9712E+01 2.7221E+03 2.4154E+01
 2.7222E+03 2.9614E+01 2.7223E+03 4.2392E+01 2.7224E+03 4.9511E+01
 2.7226E+03 3.0386E+01 2.7228E+03 1.4076E+01 2.7229E+03 1.0037E+01
 2.7230E+03 7.4300E+00 2.7231E+03 5.6855E+00 2.7232E+03 4.4737E+00
 2.7234E+03 2.9600E+00 2.7235E+03 2.4722E+00 2.7236E+03 2.0942E+00
 2.7238E+03 1.5564E+00 2.7240E+03 1.2009E+00 2.7244E+03 7.7595E-01
 2.7246E+03 6.4330E-01 2.7248E+03 5.4195E-01 2.7252E+03 3.9977E-01
 2.7256E+03 3.0706E-01 2.7264E+03 1.9760E-01 2.7268E+03 1.6373E-01
 2.7272E+03 1.3795E-01 2.7281E+03 1.0191E-01 2.7289E+03 7.8500E-02
 2.7305E+03 5.0955E-02 2.7313E+03 4.2454E-02 2.7321E+03 3.5991E-02
 2.7337E+03 2.6977E-02 2.7353E+03 2.1134E-02 2.7386E+03 1.4287E-02
 2.7402E+03 1.2185E-02 2.7418E+03 1.0594E-02 2.7450E+03 8.3935E-03
 2.7482E+03 6.9895E-03 2.7547E+03 5.4020E-03 2.7612E+03 4.6187E-03
 2.7676E+03 4.2265E-03 2.7741E+03 4.0548E-03 2.7870E+03 4.0970E-03
 2.7999E+03 4.4858E-03 2.8128E+03 5.1865E-03 2.8258E+03 6.2715E-03
 2.8387E+03 7.9225E-03 2.8516E+03 1.0512E-02 2.8581E+03 1.2379E-02
 2.8645E+03 1.4835E-02 2.8677E+03 1.6364E-02 2.8710E+03 1.8153E-02
 2.8726E+03 1.9165E-02 2.8734E+03 1.9703E-02 2.8742E+03 2.0266E-02
 2.8746E+03 2.0557E-02 2.8750E+03 2.0854E-02 2.8754E+03 2.1158E-02
 2.8756E+03 2.1313E-02 2.8758E+03 2.1469E-02 2.8759E+03 2.1548E-02
 2.8760E+03 2.1626E-02 2.8761E+03 2.1706E-02 2.8762E+03 2.1787E-02
 2.8763E+03 2.1867E-02 2.8764E+03 2.1907E-02 2.8764E+03 2.1948E-02
 2.8765E+03 2.2030E-02 2.8766E+03 2.2111E-02 2.8767E+03 2.2194E-02
 2.8768E+03 2.2277E-02 2.8769E+03 2.2360E-02 2.8770E+03 2.2444E-02
 2.8772E+03 2.2613E-02 2.8774E+03 2.2784E-02 2.8776E+03 2.2957E-02
 2.8778E+03 2.3133E-02 2.8780E+03 2.3310E-02 2.8782E+03 2.3489E-02
 2.8786E+03 2.3855E-02 2.8790E+03 2.4229E-02 2.8799E+03 2.5004E-02
 2.8806E+03 2.5818E-02 2.8815E+03 2.6672E-02 2.8823E+03 2.7572E-02
 2.8831E+03 2.8518E-02 2.8839E+03 2.9516E-02 2.8855E+03 3.1676E-02
 2.8871E+03 3.4086E-02 2.8887E+03 3.6787E-02 2.8903E+03 3.9826E-02
 2.8920E+03 4.3263E-02 2.8936E+03 4.7168E-02 2.8952E+03 5.1630E-02
 2.8968E+03 5.6760E-02 2.8984E+03 6.2700E-02 2.9000E+03 6.9625E-02
 2.9016E+03 7.7765E-02 2.9033E+03 8.7415E-02 2.9049E+03 9.8970E-02
 2.9065E+03 1.1296E-01 2.9081E+03 1.3010E-01 2.9097E+03 1.5141E-01
 2.9113E+03 1.7833E-01 2.9129E+03 2.1291E-01 2.9146E+03 2.5828E-01
 2.9162E+03 3.1920E-01 2.9178E+03 4.0320E-01 2.9194E+03 5.2245E-01
 2.9210E+03 6.9705E-01 2.9226E+03 9.5950E-01 2.9259E+03 1.9283E+00
 2.9291E+03 2.9047E+00 2.9315E+03 2.2722E+00 2.9327E+03 1.7869E+00
 2.9339E+03 1.3757E+00 2.9351E+03 1.0616E+00 2.9363E+03 8.3005E-01
 2.9374E+03 6.5985E-01 2.9386E+03 5.3370E-01 2.9410E+03 3.6582E-01
 2.9422E+03 3.0911E-01 2.9434E+03 2.6425E-01 2.9458E+03 1.9898E-01
 2.9482E+03 1.5486E-01 2.9529E+03 1.0112E-01 2.9553E+03 8.4110E-02
 2.9577E+03 7.1045E-02 2.9625E+03 5.2605E-02 2.9673E+03 4.0510E-02
 2.9768E+03 2.6168E-02 2.9816E+03 2.1718E-02 2.9863E+03 1.8327E-02
 2.9959E+03 1.3588E-02 3.0054E+03 1.0511E-02 3.0245E+03 6.9065E-03
 3.0340E+03 5.8050E-03 3.0354E+03 5.6840E-03 3.0354E+03 1.9186E-01
 4.6500E+03 1.5532E-01 7.0000E+03 1.2632E-01 1.0000E+04 1.0423E-01
 1.5000E+04 8.2615E-02 2.1500E+04 6.6904E-02 2.4500E+04 6.2088E-02
 3.0000E+04 5.5554E-02 4.6500E+04 4.5140E-02 7.0000E+04 3.9024E-02
 1.0000E+05 2.0586E-02 1.5000E+05 1.3576E-02 2.1500E+05 1.0640E-02
 3.0000E+05 9.1211E-03 4.6500E+05 8.0868E-03 7.0000E+05 8.1487E-03
 1.0000E+06 9.4669E-03 1.5000E+06 1.1828E-02 2.1500E+06 7.4798E-03
 3.0000E+06 2.9847E-03 4.6500E+06 5.1334E-04 7.0000E+06 3.4402E-04
 1.0000E+07 9.1025E-04 1.2000E+07 9.4402E-04 1.3000E+07 8.9438E-04
 1.4000E+07 8.4116E-04 1.5000E+07 7.7666E-04 1.6000E+07 7.2395E-04
 1.7000E+07 6.6801E-04 1.8000E+07 6.1708E-04 1.9000E+07 5.7168E-04
 2.0000E+07 5.3236E-04
