 1.0000E-05 3.4878E+03 1.2553E-05 3.1129E+03 1.5107E-05 2.8378E+03
 1.7660E-05 2.6245E+03 2.0213E-05 2.4532E+03 2.5320E-05 2.1918E+03
 3.0427E-05 1.9995E+03 3.5533E-05 1.8503E+03 4.0640E-05 1.7301E+03
 4.5746E-05 1.6307E+03 5.0853E-05 1.5466E+03 6.1066E-05 1.4114E+03
 7.1279E-05 1.3064E+03 8.1493E-05 1.2218E+03 9.1706E-05 1.1517E+03
 1.1213E-04 1.0415E+03 1.3256E-04 9.5793E+02 1.5299E-04 8.9168E+02
 1.7341E-04 8.3753E+02 2.1426E-04 7.5347E+02 2.5512E-04 6.9051E+02
 2.9597E-04 6.4108E+02 3.3682E-04 6.0093E+02 4.1853E-04 5.3911E+02
 5.0024E-04 4.9311E+02 5.8194E-04 4.5718E+02 6.6365E-04 4.2811E+02
 8.2706E-04 3.8349E+02 9.9047E-04 3.5042E+02 1.1539E-03 3.2466E+02
 1.3173E-03 3.0386E+02 1.6441E-03 2.7197E+02 1.9709E-03 2.4839E+02
 2.2978E-03 2.3005E+02 2.6246E-03 2.1524E+02 3.2782E-03 1.9258E+02
 3.9319E-03 1.7584E+02 4.5855E-03 1.6282E+02 5.2392E-03 1.5232E+02
 6.5465E-03 1.3624E+02 7.8538E-03 1.2438E+02 9.1611E-03 1.1515E+02
 1.0468E-02 1.0771E+02 1.3083E-02 9.6325E+01 1.5698E-02 8.7920E+01
 1.8312E-02 8.1386E+01 2.0927E-02 7.6114E+01 2.5300E-02 6.9200E+01
 2.6156E-02 6.8054E+01 3.1385E-02 6.2101E+01 3.6614E-02 5.7472E+01
 4.1843E-02 5.3738E+01 5.2302E-02 4.8026E+01 6.2760E-02 4.3807E+01
 7.3219E-02 4.0522E+01 8.3677E-02 3.7874E+01 1.0459E-01 3.3820E+01
 1.2551E-01 3.0822E+01 1.4643E-01 2.8489E+01 1.6734E-01 2.6605E+01
 2.0918E-01 2.3717E+01 2.5101E-01 2.1580E+01 2.9284E-01 1.9913E+01
 3.3468E-01 1.8566E+01 4.1835E-01 1.6497E+01 5.0201E-01 1.4961E+01
 5.8568E-01 1.3761E+01 6.6935E-01 1.2789E+01 8.3668E-01 1.1291E+01
 1.0040E+00 1.0175E+01 1.1713E+00 9.3008E+00 1.3387E+00 8.5903E+00
 1.6733E+00 7.4922E+00 2.0080E+00 6.6714E+00 2.3427E+00 6.0266E+00
 2.6774E+00 5.5022E+00 3.0120E+00 5.0647E+00 3.3467E+00 4.6922E+00
 3.6814E+00 4.3705E+00 4.0160E+00 4.0887E+00 4.6854E+00 3.6172E+00
 5.3547E+00 3.2364E+00 6.0240E+00 2.9216E+00 6.6934E+00 2.6563E+00
 7.3627E+00 2.4293E+00 8.0320E+00 2.2330E+00 9.3707E+00 1.9101E+00
 1.0709E+01 1.6559E+00 1.2048E+01 1.4511E+00 1.3387E+01 1.2827E+00
 1.4725E+01 1.1424E+00 1.6064E+01 1.0241E+00 1.7403E+01 9.2318E-01
 1.8741E+01 8.3639E-01 2.0080E+01 7.6112E-01 2.1419E+01 6.9542E-01
 2.4096E+01 5.8672E-01 2.5435E+01 5.4146E-01 2.6773E+01 5.0111E-01
 2.9451E+01 4.3250E-01 3.2128E+01 3.7668E-01 3.4805E+01 3.3068E-01
 3.7483E+01 2.9238E-01 4.0160E+01 2.6014E-01 4.2838E+01 2.3278E-01
 4.5515E+01 2.0939E-01 4.8192E+01 1.8922E-01 5.0870E+01 1.7176E-01
 5.3547E+01 1.5653E-01 5.8902E+01 1.3139E-01 6.1579E+01 1.2097E-01
 6.4256E+01 1.1172E-01 6.9611E+01 9.6061E-02 7.4966E+01 8.3422E-02
 8.0320E+01 7.3095E-02 8.5675E+01 6.4563E-02 9.1030E+01 5.7446E-02
 9.6384E+01 5.1459E-02 1.0174E+02 4.6384E-02 1.0709E+02 4.2053E-02
 1.1245E+02 3.8336E-02 1.1780E+02 3.5128E-02 1.2316E+02 3.2346E-02
 1.2851E+02 2.9926E-02 1.3922E+02 2.5964E-02 1.4993E+02 2.2921E-02
 1.6064E+02 2.0580E-02 1.7135E+02 1.8795E-02 1.8206E+02 1.7467E-02
 1.9277E+02 1.6536E-02 2.0348E+02 1.5966E-02 2.1419E+02 1.5757E-02
 2.2490E+02 1.5930E-02 2.3561E+02 1.6555E-02 2.4096E+02 1.7074E-02
 2.4632E+02 1.7761E-02 2.5167E+02 1.8646E-02 2.5702E+02 1.9774E-02
 2.6238E+02 2.1205E-02 2.6773E+02 2.3018E-02 2.7309E+02 2.5332E-02
 2.7844E+02 2.8307E-02 2.8112E+02 3.0114E-02 2.8380E+02 3.2186E-02
 2.8648E+02 3.4574E-02 2.8915E+02 3.7342E-02 2.9183E+02 4.0568E-02
 2.9451E+02 4.4358E-02 2.9718E+02 4.8846E-02 2.9986E+02 5.4209E-02
 3.0254E+02 6.0687E-02 3.0522E+02 6.8607E-02 3.0790E+02 7.8422E-02
 3.1057E+02 9.0792E-02 3.1191E+02 9.8218E-02 3.1325E+02 1.0668E-01
 3.1459E+02 1.1637E-01 3.1593E+02 1.2755E-01 3.1726E+02 1.4053E-01
 3.1860E+02 1.5572E-01 3.1994E+02 1.7366E-01 3.2128E+02 1.9507E-01
 3.2262E+02 2.2086E-01 3.2396E+02 2.5236E-01 3.2530E+02 2.9136E-01
 3.2664E+02 3.4047E-01 3.2731E+02 3.6995E-01 3.2798E+02 4.0353E-01
 3.2864E+02 4.4199E-01 3.2931E+02 4.8634E-01 3.2998E+02 5.3786E-01
 3.3065E+02 5.9814E-01 3.3132E+02 6.6937E-01 3.3199E+02 7.5429E-01
 3.3233E+02 8.0303E-01 3.3266E+02 8.5670E-01 3.3283E+02 8.8559E-01
 3.3300E+02 9.1599E-01 3.3308E+02 9.3179E-01 3.3316E+02 9.4800E-01
 3.3325E+02 9.6464E-01 3.3333E+02 9.8174E-01 3.3341E+02 9.9929E-01
 3.3350E+02 1.0173E+00 3.3354E+02 1.0265E+00 3.3358E+02 1.0359E+00
 3.3362E+02 1.0453E+00 3.3366E+02 1.0549E+00 3.3371E+02 1.0646E+00
 3.3375E+02 1.0745E+00 3.3377E+02 1.0795E+00 3.3379E+02 1.0845E+00
 3.3381E+02 1.0895E+00 3.3383E+02 1.0946E+00 3.3385E+02 1.0997E+00
 3.3387E+02 1.1049E+00 3.3389E+02 1.1101E+00 3.3391E+02 1.1127E+00
 3.3392E+02 1.1153E+00 3.3392E+02 1.1179E+00 3.3394E+02 1.1206E+00
 3.3395E+02 1.1232E+00 3.3396E+02 1.1259E+00 3.3397E+02 1.1285E+00
 3.3397E+02 1.1299E+00 3.3398E+02 1.1312E+00 3.3398E+02 1.1326E+00
 3.3399E+02 1.1339E+00 3.3399E+02 1.1353E+00 3.3400E+02 1.1366E+00
 3.3400E+02 1.1380E+00 3.3401E+02 1.1386E+00 3.3401E+02 1.1393E+00
 3.3401E+02 1.1400E+00 3.3401E+02 1.1407E+00 3.3402E+02 1.1414E+00
 3.3402E+02 1.1420E+00 3.3402E+02 1.1427E+00 3.3402E+02 1.1434E+00
 3.3403E+02 1.1437E+00 3.3403E+02 1.1441E+00 3.3403E+02 1.1444E+00
 3.3403E+02 1.1448E+00 3.3403E+02 1.1451E+00 3.3403E+02 1.1454E+00
 3.3403E+02 1.1458E+00 3.3403E+02 1.1461E+00 3.3404E+02 1.1465E+00
 3.3404E+02 1.1468E+00 3.3404E+02 1.1472E+00 3.3404E+02 1.1475E+00
 3.3404E+02 1.1478E+00 3.3404E+02 1.1482E+00 3.3404E+02 1.1485E+00
 3.3405E+02 1.1489E+00 3.3405E+02 1.1492E+00 3.3405E+02 1.1496E+00
 3.3405E+02 1.1499E+00 3.3405E+02 1.1502E+00 3.3405E+02 1.1506E+00
 3.3405E+02 1.1509E+00 3.3406E+02 1.1513E+00 3.3406E+02 1.1516E+00
 3.3406E+02 1.1523E+00 3.3406E+02 1.1530E+00 3.3406E+02 1.1537E+00
 3.3407E+02 1.1544E+00 3.3407E+02 1.1551E+00 3.3407E+02 1.1558E+00
 3.3407E+02 1.1565E+00 3.3408E+02 1.1572E+00 3.3408E+02 1.1579E+00
 3.3408E+02 1.1585E+00 3.3409E+02 1.1599E+00 3.3409E+02 1.1613E+00
 3.3410E+02 1.1627E+00 3.3410E+02 1.1641E+00 3.3411E+02 1.1655E+00
 3.3411E+02 1.1669E+00 3.3412E+02 1.1683E+00 3.3412E+02 1.1697E+00
 3.3414E+02 1.1726E+00 3.3415E+02 1.1754E+00 3.3416E+02 1.1783E+00
 3.3417E+02 1.1811E+00 3.3418E+02 1.1840E+00 3.3419E+02 1.1869E+00
 3.3420E+02 1.1897E+00 3.3421E+02 1.1927E+00 3.3423E+02 1.1985E+00
 3.3425E+02 1.2044E+00 3.3427E+02 1.2103E+00 3.3429E+02 1.2162E+00
 3.3431E+02 1.2223E+00 3.3433E+02 1.2283E+00 3.3435E+02 1.2344E+00
 3.3438E+02 1.2405E+00 3.3440E+02 1.2467E+00 3.3442E+02 1.2530E+00
 3.3446E+02 1.2656E+00 3.3450E+02 1.2784E+00 3.3454E+02 1.2914E+00
 3.3458E+02 1.3046E+00 3.3463E+02 1.3180E+00 3.3467E+02 1.3316E+00
 3.3471E+02 1.3455E+00 3.3475E+02 1.3595E+00 3.3479E+02 1.3738E+00
 3.3483E+02 1.3883E+00 3.3492E+02 1.4180E+00 3.3500E+02 1.4487E+00
 3.3509E+02 1.4804E+00 3.3517E+02 1.5132E+00 3.3525E+02 1.5470E+00
 3.3534E+02 1.5820E+00 3.3542E+02 1.6183E+00 3.3550E+02 1.6557E+00
 3.3559E+02 1.6945E+00 3.3567E+02 1.7347E+00 3.3576E+02 1.7764E+00
 3.3584E+02 1.8196E+00 3.3592E+02 1.8643E+00 3.3601E+02 1.9109E+00
 3.3617E+02 2.0092E+00 3.3634E+02 2.1154E+00 3.3651E+02 2.2303E+00
 3.3668E+02 2.3547E+00 3.3684E+02 2.4901E+00 3.3701E+02 2.6374E+00
 3.3718E+02 2.7983E+00 3.3734E+02 2.9743E+00 3.3751E+02 3.1678E+00
 3.3768E+02 3.3807E+00 3.3785E+02 3.6158E+00 3.3801E+02 3.8764E+00
 3.3818E+02 4.1664E+00 3.3835E+02 4.4903E+00 3.3852E+02 4.8533E+00
 3.3868E+02 5.2624E+00 3.3885E+02 5.7257E+00 3.3902E+02 6.2528E+00
 3.3919E+02 6.8562E+00 3.3935E+02 7.5514E+00 3.3952E+02 8.3582E+00
 3.3969E+02 9.3012E+00 3.3985E+02 1.0413E+01 3.4002E+02 1.1736E+01
 3.4011E+02 1.2495E+01 3.4019E+02 1.3328E+01 3.4027E+02 1.4247E+01
 3.4036E+02 1.5266E+01 3.4044E+02 1.6397E+01 3.4052E+02 1.7658E+01
 3.4061E+02 1.9068E+01 3.4069E+02 2.0655E+01 3.4078E+02 2.2447E+01
 3.4086E+02 2.4480E+01 3.4094E+02 2.6800E+01 3.4103E+02 2.9463E+01
 3.4111E+02 3.2539E+01 3.4119E+02 3.6118E+01 3.4128E+02 4.0312E+01
 3.4136E+02 4.5270E+01 3.4144E+02 5.1186E+01 3.4153E+02 5.8314E+01
 3.4161E+02 6.7004E+01 3.4170E+02 7.7732E+01 3.4174E+02 8.4058E+01
 3.4178E+02 9.1162E+01 3.4182E+02 9.9172E+01 3.4186E+02 1.0824E+02
 3.4191E+02 1.1855E+02 3.4195E+02 1.3034E+02 3.4199E+02 1.4386E+02
 3.4203E+02 1.5947E+02 3.4207E+02 1.7757E+02 3.4211E+02 1.9864E+02
 3.4216E+02 2.2336E+02 3.4220E+02 2.5241E+02 3.4224E+02 2.8674E+02
 3.4228E+02 3.2739E+02 3.4232E+02 3.7557E+02 3.4236E+02 4.3253E+02
 3.4241E+02 4.9934E+02 3.4245E+02 5.7653E+02 3.4249E+02 6.6329E+02
 3.4253E+02 7.5642E+02 3.4257E+02 8.4913E+02 3.4262E+02 9.3057E+02
 3.4266E+02 9.8732E+02 3.4270E+02 1.0077E+03 3.4294E+02 6.0374E+02
 3.4317E+02 2.7417E+02 3.4329E+02 1.9453E+02 3.4341E+02 1.4354E+02
 3.4353E+02 1.0959E+02 3.4365E+02 8.6089E+01 3.4389E+02 5.6833E+01
 3.4400E+02 4.7428E+01 3.4412E+02 4.0149E+01 3.4436E+02 2.9804E+01
 3.4460E+02 2.2972E+01 3.4507E+02 1.4814E+01 3.4531E+02 1.2272E+01
 3.4554E+02 1.0329E+01 3.4602E+02 7.6055E+00 3.4649E+02 5.8303E+00
 3.4744E+02 3.7355E+00 3.4791E+02 3.0878E+00 3.4839E+02 2.5947E+00
 3.4934E+02 1.9061E+00 3.5028E+02 1.4588E+00 3.5218E+02 9.3297E-01
 3.5313E+02 7.7078E-01 3.5408E+02 6.4747E-01 3.5597E+02 4.7546E-01
 3.5787E+02 3.6393E-01 3.6166E+02 2.3301E-01 3.6356E+02 1.9268E-01
 3.6545E+02 1.6204E-01 3.6925E+02 1.1935E-01 3.7304E+02 9.1707E-02
 3.8062E+02 5.9291E-02 3.8441E+02 4.9322E-02 3.8821E+02 4.1753E-02
 3.9579E+02 3.1218E-02 4.0338E+02 2.4404E-02 4.1854E+02 1.6437E-02
 4.2613E+02 1.3999E-02 4.3371E+02 1.2160E-02 4.4888E+02 9.6382E-03
 4.6405E+02 8.0805E-03 4.7922E+02 7.1287E-03 4.9439E+02 6.6311E-03
 5.0956E+02 6.5775E-03 5.2472E+02 7.1480E-03 5.3231E+02 7.8370E-03
 5.3989E+02 9.0214E-03 5.4748E+02 1.1110E-02 5.5506E+02 1.5084E-02
 5.5885E+02 1.8507E-02 5.6265E+02 2.3808E-02 5.6454E+02 2.7616E-02
 5.6644E+02 3.2626E-02 5.6833E+02 3.9403E-02 5.7023E+02 4.8879E-02
 5.7213E+02 6.2703E-02 5.7402E+02 8.3993E-02 5.7497E+02 9.9245E-02
 5.7592E+02 1.1929E-01 5.7687E+02 1.4638E-01 5.7782E+02 1.8422E-01
 5.7876E+02 2.3942E-01 5.7971E+02 3.2442E-01 5.8019E+02 3.8529E-01
 5.8066E+02 4.6530E-01 5.8113E+02 5.7339E-01 5.8161E+02 7.2445E-01
 5.8208E+02 9.4466E-01 5.8256E+02 1.2837E+00 5.8279E+02 1.5264E+00
 5.8303E+02 1.8454E+00 5.8327E+02 2.2762E+00 5.8338E+02 2.5505E+00
 5.8350E+02 2.8778E+00 5.8353E+02 2.9693E+00 5.8356E+02 3.0654E+00
 5.8359E+02 3.1663E+00 5.8362E+02 3.2722E+00 5.8364E+02 3.3272E+00
 5.8365E+02 3.3836E+00 5.8366E+02 3.4122E+00 5.8367E+02 3.4413E+00
 5.8367E+02 3.4708E+00 5.8368E+02 3.5007E+00 5.8369E+02 3.5157E+00
 5.8369E+02 3.5308E+00 5.8369E+02 3.5461E+00 5.8370E+02 3.5614E+00
 5.8370E+02 3.5925E+00 5.8371E+02 3.6239E+00 5.8372E+02 3.6557E+00
 5.8373E+02 3.6880E+00 5.8373E+02 3.7207E+00 5.8374E+02 3.7538E+00
 5.8376E+02 3.8214E+00 5.8377E+02 3.8908E+00 5.8378E+02 3.9622E+00
 5.8380E+02 4.0355E+00 5.8383E+02 4.1884E+00 5.8386E+02 4.3501E+00
 5.8389E+02 4.5214E+00 5.8392E+02 4.7030E+00 5.8395E+02 4.8958E+00
 5.8398E+02 5.1007E+00 5.8404E+02 5.5511E+00 5.8410E+02 6.0636E+00
 5.8416E+02 6.6504E+00 5.8422E+02 7.3267E+00 5.8427E+02 8.1114E+00
 5.8433E+02 9.0292E+00 5.8439E+02 1.0111E+01 5.8445E+02 1.1400E+01
 5.8451E+02 1.2950E+01 5.8457E+02 1.4839E+01 5.8463E+02 1.7170E+01
 5.8469E+02 2.0093E+01 5.8475E+02 2.3826E+01 5.8481E+02 2.8692E+01
 5.8487E+02 3.5197E+01 5.8493E+02 4.4158E+01 5.8499E+02 5.6950E+01
 5.8504E+02 7.6045E+01 5.8507E+02 8.9287E+01 5.8510E+02 1.0617E+02
 5.8513E+02 1.2808E+02 5.8516E+02 1.5708E+02 5.8519E+02 1.9632E+02
 5.8522E+02 2.5054E+02 5.8525E+02 3.2697E+02 5.8528E+02 4.3574E+02
 5.8534E+02 7.8304E+02 5.8540E+02 1.0663E+03 5.8547E+02 6.9508E+02
 5.8554E+02 3.4000E+02 5.8558E+02 2.4582E+02 5.8562E+02 1.8364E+02
 5.8565E+02 1.4138E+02 5.8569E+02 1.1171E+02 5.8576E+02 7.4297E+01
 5.8580E+02 6.2153E+01 5.8583E+02 5.2716E+01 5.8590E+02 3.9243E+01
 5.8598E+02 3.0307E+01 5.8612E+02 1.9595E+01 5.8619E+02 1.6246E+01
 5.8626E+02 1.3684E+01 5.8641E+02 1.0087E+01 5.8655E+02 7.7403E+00
 5.8684E+02 4.9666E+00 5.8698E+02 4.1080E+00 5.8713E+02 3.4541E+00
 5.8742E+02 2.5401E+00 5.8770E+02 1.9461E+00 5.8828E+02 1.2468E+00
 5.8857E+02 1.0309E+00 5.8885E+02 8.6670E-01 5.8943E+02 6.3741E-01
 5.9001E+02 4.8858E-01 5.9116E+02 3.1355E-01 5.9173E+02 2.5957E-01
 5.9231E+02 2.1849E-01 5.9346E+02 1.6118E-01 5.9461E+02 1.2401E-01
 5.9692E+02 8.0314E-02 5.9807E+02 6.6837E-02 5.9922E+02 5.6589E-02
 6.0152E+02 4.2293E-02 6.0383E+02 3.3018E-02 6.0843E+02 2.2117E-02
 6.1073E+02 1.8754E-02 6.1304E+02 1.6197E-02 6.1764E+02 1.2627E-02
 6.2225E+02 1.0311E-02 6.3146E+02 7.5880E-03 6.4067E+02 6.1136E-03
 6.4989E+02 5.2334E-03 6.5910E+02 4.6749E-03 6.7753E+02 4.0670E-03
 6.9595E+02 3.8245E-03 7.1438E+02 3.8028E-03 7.3280E+02 3.9649E-03
 7.5122E+02 4.3342E-03 7.6965E+02 4.9997E-03 7.8808E+02 6.1738E-03
 8.0650E+02 8.3783E-03 8.1571E+02 1.0256E-02 8.2492E+02 1.3143E-02
 8.2953E+02 1.5207E-02 8.3414E+02 1.7911E-02 8.3874E+02 2.1561E-02
 8.4335E+02 2.6647E-02 8.4796E+02 3.4053E-02 8.5256E+02 4.5432E-02
 8.5487E+02 5.3572E-02 8.5717E+02 6.4262E-02 8.5947E+02 7.8693E-02
 8.6178E+02 9.8847E-02 8.6408E+02 1.2821E-01 8.6638E+02 1.7341E-01
 8.6753E+02 2.0576E-01 8.6868E+02 2.4828E-01 8.6984E+02 3.0568E-01
 8.7099E+02 3.8589E-01 8.7156E+02 4.3851E-01 8.7214E+02 5.0276E-01
 8.7243E+02 5.4036E-01 8.7272E+02 5.8236E-01 8.7286E+02 6.0524E-01
 8.7300E+02 6.2949E-01 8.7308E+02 6.4217E-01 8.7315E+02 6.5524E-01
 8.7322E+02 6.6871E-01 8.7329E+02 6.8261E-01 8.7333E+02 6.8972E-01
 8.7336E+02 6.9693E-01 8.7340E+02 7.0428E-01 8.7342E+02 7.0800E-01
 8.7344E+02 7.1174E-01 8.7345E+02 7.1551E-01 8.7347E+02 7.1932E-01
 8.7349E+02 7.2314E-01 8.7351E+02 7.2701E-01 8.7354E+02 7.3483E-01
 8.7358E+02 7.4278E-01 8.7362E+02 7.5086E-01 8.7365E+02 7.5907E-01
 8.7369E+02 7.6742E-01 8.7372E+02 7.7591E-01 8.7379E+02 7.9332E-01
 8.7387E+02 8.1132E-01 8.7394E+02 8.2993E-01 8.7401E+02 8.4920E-01
 8.7408E+02 8.6916E-01 8.7415E+02 8.8982E-01 8.7430E+02 9.3343E-01
 8.7444E+02 9.8036E-01 8.7459E+02 1.0309E+00 8.7473E+02 1.0855E+00
 8.7487E+02 1.1445E+00 8.7502E+02 1.2085E+00 8.7531E+02 1.3537E+00
 8.7559E+02 1.5268E+00 8.7588E+02 1.7357E+00 8.7617E+02 1.9901E+00
 8.7646E+02 2.3051E+00 8.7674E+02 2.7013E+00 8.7703E+02 3.2089E+00
 8.7732E+02 3.8738E+00 8.7761E+02 4.7683E+00 8.7790E+02 6.0107E+00
 8.7804E+02 6.8212E+00 8.7819E+02 7.8062E+00 8.7833E+02 9.0188E+00
 8.7847E+02 1.0534E+01 8.7862E+02 1.2462E+01 8.7876E+02 1.4961E+01
 8.7890E+02 1.8278E+01 8.7905E+02 2.2803E+01 8.7919E+02 2.9176E+01
 8.7934E+02 3.8505E+01 8.7941E+02 4.4849E+01 8.7948E+02 5.2789E+01
 8.7955E+02 6.2861E+01 8.7962E+02 7.5801E+01 8.7970E+02 9.2628E+01
 8.7977E+02 1.1469E+02 8.7984E+02 1.4364E+02 8.7991E+02 1.8104E+02
 8.8006E+02 2.7729E+02 8.8020E+02 3.3697E+02 8.8044E+02 2.1117E+02
 8.8068E+02 9.9622E+01 8.8080E+02 7.1353E+01 8.8092E+02 5.2978E+01
 8.8104E+02 4.0614E+01 8.8116E+02 3.1999E+01 8.8140E+02 2.1203E+01
 8.8152E+02 1.7716E+01 8.8164E+02 1.5012E+01 8.8188E+02 1.1161E+01
 8.8211E+02 8.6113E+00 8.8259E+02 5.5618E+00 8.8283E+02 4.6097E+00
 8.8307E+02 3.8818E+00 8.8355E+02 2.8607E+00 8.8403E+02 2.1946E+00
 8.8499E+02 1.4082E+00 8.8546E+02 1.1647E+00 8.8594E+02 9.7939E-01
 8.8690E+02 7.2047E-01 8.8786E+02 5.5225E-01 8.8977E+02 3.5430E-01
 8.9073E+02 2.9321E-01 8.9168E+02 2.4675E-01 8.9360E+02 1.8192E-01
 8.9551E+02 1.3987E-01 8.9934E+02 9.0482E-02 9.0126E+02 7.5278E-02
 9.0317E+02 6.3732E-02 9.0700E+02 4.7671E-02 9.1083E+02 3.7312E-02
 9.1848E+02 2.5311E-02 9.2231E+02 2.1707E-02 9.2614E+02 1.9043E-02
 9.3379E+02 1.5576E-02 9.4145E+02 1.3739E-02 9.4911E+02 1.3067E-02
 9.5676E+02 1.3492E-02 9.6442E+02 1.5350E-02 9.7208E+02 1.9759E-02
 9.7590E+02 2.3807E-02 9.7973E+02 3.0224E-02 9.8165E+02 3.4882E-02
 9.8356E+02 4.1046E-02 9.8547E+02 4.9414E-02 9.8739E+02 6.1154E-02
 9.8930E+02 7.8317E-02 9.9122E+02 1.0480E-01 9.9217E+02 1.2378E-01
 9.9313E+02 1.4874E-01 9.9409E+02 1.8249E-01 9.9504E+02 2.2966E-01
 9.9600E+02 2.9843E-01 9.9696E+02 4.0438E-01 9.9744E+02 4.8024E-01
 9.9792E+02 5.7995E-01 9.9839E+02 7.1463E-01 9.9887E+02 9.0278E-01
 9.9911E+02 1.0262E+00 9.9935E+02 1.1769E+00 9.9947E+02 1.2651E+00
 9.9959E+02 1.3636E+00 9.9965E+02 1.4172E+00 9.9971E+02 1.4741E+00
 9.9974E+02 1.5038E+00 9.9977E+02 1.5345E+00 9.9978E+02 1.5503E+00
 9.9980E+02 1.5661E+00 9.9981E+02 1.5822E+00 9.9982E+02 1.5904E+00
 9.9983E+02 1.5986E+00 9.9984E+02 1.6068E+00 9.9984E+02 1.6111E+00
 9.9984E+02 1.6153E+00 9.9985E+02 1.6195E+00 9.9985E+02 1.6238E+00
 9.9985E+02 1.6259E+00 9.9985E+02 1.6280E+00 9.9986E+02 1.6301E+00
 9.9986E+02 1.6322E+00 9.9986E+02 1.6343E+00 9.9986E+02 1.6364E+00
 9.9986E+02 1.6387E+00 9.9987E+02 1.6408E+00 9.9987E+02 1.6451E+00
 9.9987E+02 1.6495E+00 9.9988E+02 1.6538E+00 9.9988E+02 1.6582E+00
 9.9988E+02 1.6625E+00 9.9989E+02 1.6668E+00 9.9990E+02 1.6758E+00
 9.9990E+02 1.6847E+00 9.9991E+02 1.6937E+00 9.9992E+02 1.7028E+00
 9.9993E+02 1.7211E+00 9.9995E+02 1.7397E+00 9.9998E+02 1.7779E+00
 1.0000E+03 1.8172E+00 1.0000E+03 1.8582E+00 1.0001E+03 1.9003E+00
 1.0001E+03 1.9891E+00 1.0002E+03 2.0843E+00 1.0003E+03 2.1864E+00
 1.0003E+03 2.2964E+00 1.0004E+03 2.4147E+00 1.0004E+03 2.5426E+00
 1.0005E+03 2.6808E+00 1.0005E+03 2.8307E+00 1.0007E+03 3.1705E+00
 1.0008E+03 3.5754E+00 1.0009E+03 4.0632E+00 1.0010E+03 4.6576E+00
 1.0011E+03 5.3925E+00 1.0013E+03 6.3154E+00 1.0014E+03 7.4961E+00
 1.0015E+03 9.0393E+00 1.0016E+03 1.1110E+01 1.0017E+03 1.3972E+01
 1.0018E+03 1.5834E+01 1.0019E+03 1.8089E+01 1.0019E+03 2.0853E+01
 1.0020E+03 2.4289E+01 1.0020E+03 2.8632E+01 1.0021E+03 3.4217E+01
 1.0022E+03 4.1551E+01 1.0022E+03 5.1412E+01 1.0023E+03 6.5029E+01
 1.0023E+03 8.4407E+01 1.0024E+03 1.1287E+02 1.0025E+03 1.5587E+02
 1.0026E+03 3.1683E+02 1.0027E+03 4.8312E+02 1.0028E+03 3.7908E+02
 1.0029E+03 2.3032E+02 1.0029E+03 1.7793E+02 1.0030E+03 1.3924E+02
 1.0030E+03 1.1077E+02 1.0030E+03 8.9626E+01 1.0031E+03 6.1466E+01
 1.0032E+03 5.1945E+01 1.0032E+03 4.4411E+01 1.0033E+03 3.3443E+01
 1.0034E+03 2.6028E+01 1.0036E+03 1.6987E+01 1.0037E+03 1.4125E+01
 1.0037E+03 1.1925E+01 1.0039E+03 8.8193E+00 1.0041E+03 6.7817E+00
 1.0044E+03 4.3630E+00 1.0046E+03 3.6118E+00 1.0048E+03 3.0389E+00
 1.0051E+03 2.2370E+00 1.0055E+03 1.7153E+00 1.0062E+03 1.1001E+00
 1.0065E+03 9.1008E-01 1.0068E+03 7.6543E-01 1.0075E+03 5.6341E-01
 1.0082E+03 4.3222E-01 1.0096E+03 2.7787E-01 1.0103E+03 2.3022E-01
 1.0110E+03 1.9400E-01 1.0124E+03 1.4342E-01 1.0138E+03 1.1059E-01
 1.0165E+03 7.1970E-02 1.0179E+03 6.0053E-02 1.0193E+03 5.0986E-02
 1.0221E+03 3.8324E-02 1.0248E+03 3.0099E-02 1.0304E+03 2.0414E-02
 1.0331E+03 1.7420E-02 1.0359E+03 1.5139E-02 1.0414E+03 1.1955E-02
 1.0470E+03 9.8853E-03 1.0580E+03 7.4604E-03 1.0691E+03 6.1703E-03
 1.0802E+03 5.4357E-03 1.0913E+03 5.0189E-03 1.1134E+03 4.7774E-03
 1.1355E+03 5.2922E-03 1.1411E+03 5.6321E-03 1.1466E+03 6.1509E-03
 1.1521E+03 6.9888E-03 1.1577E+03 8.4811E-03 1.1604E+03 9.7211E-03
 1.1632E+03 1.1604E-02 1.1660E+03 1.4687E-02 1.1687E+03 2.0305E-02
 1.1701E+03 2.5055E-02 1.1715E+03 3.2351E-02 1.1722E+03 3.7567E-02
 1.1729E+03 4.4418E-02 1.1736E+03 5.3668E-02 1.1743E+03 6.6589E-02
 1.1750E+03 8.5422E-02 1.1757E+03 1.1442E-01 1.1760E+03 1.3518E-01
 1.1763E+03 1.6247E-01 1.1767E+03 1.9936E-01 1.1770E+03 2.5089E-01
 1.1774E+03 3.2603E-01 1.1777E+03 4.4172E-01 1.1779E+03 5.2461E-01
 1.1781E+03 6.3349E-01 1.1782E+03 7.8059E-01 1.1784E+03 9.8609E-01
 1.1786E+03 1.2855E+00 1.1788E+03 1.7461E+00 1.1788E+03 2.0757E+00
 1.1789E+03 2.5082E+00 1.1790E+03 3.0914E+00 1.1791E+03 3.9047E+00
 1.1792E+03 4.4372E+00 1.1792E+03 5.0863E+00 1.1792E+03 5.4655E+00
 1.1792E+03 5.8886E+00 1.1793E+03 6.1186E+00 1.1793E+03 6.3624E+00
 1.1793E+03 6.6211E+00 1.1793E+03 6.8958E+00 1.1793E+03 7.0396E+00
 1.1793E+03 7.1879E+00 1.1793E+03 7.3409E+00 1.1793E+03 7.4988E+00
 1.1793E+03 7.6618E+00 1.1793E+03 7.8303E+00 1.1793E+03 8.0043E+00
 1.1793E+03 8.1842E+00 1.1793E+03 8.5624E+00 1.1793E+03 8.9674E+00
 1.1794E+03 9.4016E+00 1.1794E+03 9.8679E+00 1.1794E+03 1.0370E+01
 1.1794E+03 1.0910E+01 1.1794E+03 1.1494E+01 1.1794E+03 1.2125E+01
 1.1794E+03 1.3554E+01 1.1794E+03 1.5247E+01 1.1795E+03 1.7275E+01
 1.1795E+03 1.9730E+01 1.1795E+03 2.2739E+01 1.1795E+03 2.6478E+01
 1.1796E+03 3.1197E+01 1.1796E+03 3.7264E+01 1.1796E+03 4.5218E+01
 1.1796E+03 5.5896E+01 1.1797E+03 7.0607E+01 1.1797E+03 9.1470E+01
 1.1797E+03 1.0522E+02 1.1797E+03 1.2197E+02 1.1797E+03 1.4247E+02
 1.1797E+03 1.6772E+02 1.1797E+03 1.9882E+02 1.1797E+03 2.3684E+02
 1.1798E+03 2.8258E+02 1.1798E+03 3.3561E+02 1.1798E+03 4.4763E+02
 1.1798E+03 5.0366E+02 1.1798E+03 4.0759E+02 1.1798E+03 3.2912E+02
 1.1799E+03 2.5924E+02 1.1799E+03 1.6136E+02 1.1799E+03 1.2956E+02
 1.1799E+03 1.0556E+02 1.1799E+03 7.3075E+01 1.1800E+03 5.3101E+01
 1.1800E+03 4.0137E+01 1.1800E+03 3.1314E+01 1.1801E+03 2.0503E+01
 1.1801E+03 1.7064E+01 1.1802E+03 1.4418E+01 1.1802E+03 1.0675E+01
 1.1803E+03 8.2147E+00 1.1804E+03 5.2903E+00 1.1804E+03 4.3808E+00
 1.1805E+03 3.6870E+00 1.1806E+03 2.7153E+00 1.1808E+03 2.0828E+00
 1.1810E+03 1.3367E+00 1.1811E+03 1.1061E+00 1.1812E+03 9.3055E-01
 1.1815E+03 6.8536E-01 1.1817E+03 5.2611E-01 1.1822E+03 3.3871E-01
 1.1824E+03 2.8088E-01 1.1827E+03 2.3688E-01 1.1831E+03 1.7547E-01
 1.1836E+03 1.3563E-01 1.1846E+03 8.8779E-02 1.1850E+03 7.4334E-02
 1.1855E+03 6.3354E-02 1.1864E+03 4.8045E-02 1.1874E+03 3.8128E-02
 1.1893E+03 2.6513E-02 1.1902E+03 2.2951E-02 1.1912E+03 2.0257E-02
 1.1931E+03 1.6536E-02 1.1950E+03 1.4166E-02 1.1988E+03 1.1501E-02
 1.2026E+03 1.0205E-02 1.2064E+03 9.5771E-03 1.2102E+03 9.3275E-03
 1.2178E+03 9.4989E-03 1.2254E+03 1.0287E-02 1.2330E+03 1.1645E-02
 1.2406E+03 1.3714E-02 1.2481E+03 1.6839E-02 1.2557E+03 2.1722E-02
 1.2595E+03 2.5236E-02 1.2633E+03 2.9857E-02 1.2671E+03 3.6107E-02
 1.2709E+03 4.4838E-02 1.2747E+03 5.7566E-02 1.2785E+03 7.7157E-02
 1.2804E+03 9.1180E-02 1.2823E+03 1.0961E-01 1.2842E+03 1.3449E-01
 1.2861E+03 1.6925E-01 1.2871E+03 1.9207E-01 1.2880E+03 2.1989E-01
 1.2890E+03 2.5439E-01 1.2894E+03 2.7482E-01 1.2897E+03 2.8597E-01
 1.2899E+03 2.9786E-01 1.2902E+03 3.1047E-01 1.2903E+03 3.1709E-01
 1.2904E+03 3.2392E-01 1.2905E+03 3.3097E-01 1.2906E+03 3.3461E-01
 1.2906E+03 3.3828E-01 1.2907E+03 3.4203E-01 1.2907E+03 3.4582E-01
 1.2908E+03 3.4968E-01 1.2909E+03 3.5362E-01 1.2909E+03 3.5762E-01
 1.2910E+03 3.6168E-01 1.2910E+03 3.6583E-01 1.2911E+03 3.7004E-01
 1.2912E+03 3.7868E-01 1.2913E+03 3.8764E-01 1.2914E+03 3.9692E-01
 1.2916E+03 4.0654E-01 1.2917E+03 4.1653E-01 1.2918E+03 4.2687E-01
 1.2921E+03 4.4878E-01 1.2923E+03 4.7242E-01 1.2925E+03 4.9800E-01
 1.2928E+03 5.2574E-01 1.2930E+03 5.5587E-01 1.2932E+03 5.8868E-01
 1.2935E+03 6.2450E-01 1.2937E+03 6.6370E-01 1.2942E+03 7.5412E-01
 1.2947E+03 8.6443E-01 1.2951E+03 1.0009E+00 1.2956E+03 1.1726E+00
 1.2961E+03 1.3925E+00 1.2966E+03 1.6807E+00 1.2970E+03 2.0683E+00
 1.2975E+03 2.6067E+00 1.2977E+03 2.9579E+00 1.2980E+03 3.3847E+00
 1.2982E+03 3.9103E+00 1.2984E+03 4.5671E+00 1.2987E+03 5.4022E+00
 1.2989E+03 6.4854E+00 1.2992E+03 7.9232E+00 1.2994E+03 9.8845E+00
 1.2996E+03 1.2648E+01 1.2999E+03 1.6693E+01 1.3000E+03 1.9443E+01
 1.3001E+03 2.2889E+01 1.3002E+03 2.7261E+01 1.3003E+03 3.2876E+01
 1.3005E+03 4.0182E+01 1.3006E+03 4.9767E+01 1.3007E+03 6.2353E+01
 1.3008E+03 7.8624E+01 1.3011E+03 1.2057E+02 1.3013E+03 1.4663E+02
 1.3016E+03 1.0418E+02 1.3019E+03 5.5761E+01 1.3021E+03 4.1349E+01
 1.3023E+03 3.1422E+01 1.3024E+03 2.4478E+01 1.3026E+03 1.9504E+01
 1.3029E+03 1.3110E+01 1.3031E+03 1.1006E+01 1.3033E+03 9.3600E+00
 1.3036E+03 6.9953E+00 1.3039E+03 5.4164E+00 1.3046E+03 3.5136E+00
 1.3049E+03 2.9161E+00 1.3052E+03 2.4583E+00 1.3059E+03 1.8146E+00
 1.3065E+03 1.3937E+00 1.3078E+03 8.9578E-01 1.3085E+03 7.4147E-01
 1.3091E+03 6.2391E-01 1.3104E+03 4.5953E-01 1.3117E+03 3.5268E-01
 1.3143E+03 2.2688E-01 1.3156E+03 1.8804E-01 1.3169E+03 1.5850E-01
 1.3195E+03 1.1726E-01 1.3221E+03 9.0513E-02 1.3273E+03 5.9091E-02
 1.3299E+03 4.9413E-02 1.3326E+03 4.2064E-02 1.3378E+03 3.1834E-02
 1.3430E+03 2.5228E-02 1.3534E+03 1.7542E-02 1.3586E+03 1.5211E-02
 1.3638E+03 1.3464E-02 1.3742E+03 1.1103E-02 1.3846E+03 9.6666E-03
 1.4055E+03 8.2525E-03 1.4263E+03 7.8780E-03 1.4471E+03 8.1251E-03
 1.4679E+03 8.8808E-03 1.4888E+03 1.0186E-02 1.5096E+03 1.2219E-02
 1.5304E+03 1.5363E-02 1.5513E+03 2.0400E-02 1.5617E+03 2.4101E-02
 1.5721E+03 2.9062E-02 1.5825E+03 3.5920E-02 1.5877E+03 4.0376E-02
 1.5903E+03 4.2943E-02 1.5929E+03 4.5779E-02 1.5942E+03 4.7309E-02
 1.5955E+03 4.8922E-02 1.5968E+03 5.0622E-02 1.5975E+03 5.1508E-02
 1.5982E+03 5.2418E-02 1.5988E+03 5.3354E-02 1.5994E+03 5.4316E-02
 1.5998E+03 5.4807E-02 1.6001E+03 5.5307E-02 1.6004E+03 5.5811E-02
 1.6008E+03 5.6324E-02 1.6011E+03 5.6843E-02 1.6014E+03 5.7372E-02
 1.6017E+03 5.7908E-02 1.6021E+03 5.8451E-02 1.6027E+03 5.9563E-02
 1.6033E+03 6.0707E-02 1.6040E+03 6.1887E-02 1.6047E+03 6.3103E-02
 1.6053E+03 6.4357E-02 1.6060E+03 6.5651E-02 1.6073E+03 6.8364E-02
 1.6086E+03 7.1257E-02 1.6099E+03 7.4347E-02 1.6112E+03 7.7655E-02
 1.6125E+03 8.1201E-02 1.6138E+03 8.5009E-02 1.6164E+03 9.3536E-02
 1.6190E+03 1.0353E-01 1.6216E+03 1.1543E-01 1.6242E+03 1.2994E-01
 1.6268E+03 1.4854E-01 1.6294E+03 1.7586E-01 1.6307E+03 1.9864E-01
 1.6320E+03 2.4480E-01 1.6323E+03 2.6682E-01 1.6327E+03 2.9907E-01
 1.6330E+03 3.5047E-01 1.6333E+03 4.4229E-01 1.6335E+03 5.1913E-01
 1.6336E+03 6.3647E-01 1.6337E+03 7.2007E-01 1.6338E+03 8.2961E-01
 1.6339E+03 9.7712E-01 1.6339E+03 1.1826E+00 1.6340E+03 1.4812E+00
 1.6341E+03 1.9389E+00 1.6342E+03 2.2653E+00 1.6342E+03 2.6925E+00
 1.6342E+03 3.2667E+00 1.6343E+03 4.0636E+00 1.6343E+03 5.2137E+00
 1.6344E+03 6.9582E+00 1.6344E+03 8.1882E+00 1.6344E+03 9.7807E+00
 1.6344E+03 1.1890E+01 1.6344E+03 1.4758E+01 1.6345E+03 1.8782E+01
 1.6345E+03 2.4637E+01 1.6345E+03 3.3522E+01 1.6345E+03 4.7641E+01
 1.6345E+03 5.7813E+01 1.6345E+03 7.0963E+01 1.6346E+03 8.7903E+01
 1.6346E+03 1.0926E+02 1.6346E+03 1.3476E+02 1.6346E+03 1.6172E+02
 1.6346E+03 1.8382E+02 1.6346E+03 1.9257E+02 1.6346E+03 1.7086E+02
 1.6346E+03 1.2771E+02 1.6346E+03 1.0738E+02 1.6347E+03 8.9901E+01
 1.6347E+03 7.5407E+01 1.6347E+03 6.3589E+01 1.6347E+03 5.4009E+01
 1.6347E+03 4.6233E+01 1.6347E+03 3.9893E+01 1.6347E+03 3.4692E+01
 1.6347E+03 2.6809E+01 1.6347E+03 2.3801E+01 1.6347E+03 2.1258E+01
 1.6348E+03 1.4234E+01 1.6348E+03 1.1949E+01 1.6348E+03 1.0172E+01
 1.6348E+03 7.6322E+00 1.6349E+03 5.9459E+00 1.6349E+03 3.9232E+00
 1.6350E+03 3.2904E+00 1.6350E+03 2.8063E+00 1.6351E+03 2.1268E+00
 1.6351E+03 1.6834E+00 1.6353E+03 1.1601E+00 1.6353E+03 9.9838E-01
 1.6354E+03 8.7541E-01 1.6355E+03 7.0403E-01 1.6357E+03 5.9326E-01
 1.6359E+03 4.6434E-01 1.6362E+03 3.9593E-01 1.6365E+03 3.5620E-01
 1.6367E+03 3.3182E-01 1.6378E+03 2.9684E-01 1.6388E+03 2.9689E-01
 1.6410E+03 3.2629E-01 1.6431E+03 3.7466E-01 1.6452E+03 4.3995E-01
 1.6473E+03 5.2647E-01 1.6495E+03 6.4268E-01 1.6516E+03 8.0270E-01
 1.6537E+03 1.0305E+00 1.6558E+03 1.3689E+00 1.6569E+03 1.6022E+00
 1.6580E+03 1.8983E+00 1.6590E+03 2.2800E+00 1.6601E+03 2.7809E+00
 1.6612E+03 3.4508E+00 1.6622E+03 4.3625E+00 1.6633E+03 5.6201E+00
 1.6643E+03 7.3566E+00 1.6665E+03 1.2516E+01 1.6686E+03 1.6321E+01
 1.6708E+03 1.2287E+01 1.6730E+03 7.0666E+00 1.6741E+03 5.3601E+00
 1.6752E+03 4.1392E+00 1.6763E+03 3.2618E+00 1.6774E+03 2.6214E+00
 1.6796E+03 1.7830E+00 1.6807E+03 1.5033E+00 1.6818E+03 1.2833E+00
 1.6840E+03 9.6526E-01 1.6862E+03 7.5186E-01 1.6905E+03 4.9409E-01
 1.6927E+03 4.1334E-01 1.6949E+03 3.5178E-01 1.6993E+03 2.6638E-01
 1.7037E+03 2.1271E-01 1.7081E+03 1.7891E-01 1.7125E+03 1.5964E-01
 1.7169E+03 1.5391E-01 1.7213E+03 1.6622E-01 1.7234E+03 1.8372E-01
 1.7256E+03 2.1504E-01 1.7267E+03 2.3897E-01 1.7278E+03 2.7143E-01
 1.7289E+03 3.1629E-01 1.7300E+03 3.8003E-01 1.7311E+03 4.7403E-01
 1.7322E+03 6.1982E-01 1.7328E+03 7.2454E-01 1.7333E+03 8.6228E-01
 1.7339E+03 1.0483E+00 1.7344E+03 1.3078E+00 1.7347E+03 1.4778E+00
 1.7350E+03 1.6847E+00 1.7351E+03 1.8057E+00 1.7352E+03 1.9407E+00
 1.7353E+03 2.0139E+00 1.7354E+03 2.0916E+00 1.7354E+03 2.1739E+00
 1.7355E+03 2.2614E+00 1.7356E+03 2.3546E+00 1.7357E+03 2.4536E+00
 1.7357E+03 2.5591E+00 1.7358E+03 2.6717E+00 1.7359E+03 2.9207E+00
 1.7361E+03 3.2068E+00 1.7362E+03 3.5378E+00 1.7363E+03 3.9230E+00
 1.7365E+03 4.3751E+00 1.7366E+03 4.9103E+00 1.7367E+03 5.5497E+00
 1.7369E+03 6.3221E+00 1.7370E+03 7.2658E+00 1.7372E+03 8.4339E+00
 1.7373E+03 9.9017E+00 1.7374E+03 1.1776E+01 1.7376E+03 1.4216E+01
 1.7377E+03 1.7455E+01 1.7378E+03 2.1857E+01 1.7380E+03 2.7978E+01
 1.7381E+03 3.6678E+01 1.7383E+03 4.9208E+01 1.7385E+03 9.0443E+01
 1.7388E+03 1.2551E+02 1.7390E+03 1.0121E+02 1.7391E+03 8.1497E+01
 1.7392E+03 6.4039E+01 1.7394E+03 3.9736E+01 1.7396E+03 3.1878E+01
 1.7397E+03 2.5958E+01 1.7399E+03 1.7962E+01 1.7401E+03 1.3055E+01
 1.7403E+03 9.8737E+00 1.7405E+03 7.7108E+00 1.7410E+03 5.0613E+00
 1.7412E+03 4.2195E+00 1.7414E+03 3.5713E+00 1.7418E+03 2.6547E+00
 1.7423E+03 2.0524E+00 1.7431E+03 1.3361E+00 1.7435E+03 1.1132E+00
 1.7440E+03 9.4305E-01 1.7448E+03 7.0458E-01 1.7457E+03 5.4903E-01
 1.7474E+03 3.6501E-01 1.7483E+03 3.0786E-01 1.7492E+03 2.6418E-01
 1.7509E+03 2.0279E-01 1.7526E+03 1.6250E-01 1.7561E+03 1.1420E-01
 1.7578E+03 9.8922E-02 1.7595E+03 8.7093E-02 1.7629E+03 7.0111E-02
 1.7664E+03 5.8607E-02 1.7733E+03 4.4162E-02 1.7802E+03 3.5528E-02
 1.7871E+03 2.9817E-02 1.7940E+03 2.5787E-02 1.8078E+03 2.0582E-02
 1.8216E+03 1.7557E-02 1.8354E+03 1.5858E-02 1.8492E+03 1.5162E-02
 1.8630E+03 1.5430E-02 1.8768E+03 1.6893E-02 1.8906E+03 2.0242E-02
 1.9044E+03 2.7264E-02 1.9113E+03 3.3512E-02 1.9182E+03 4.3308E-02
 1.9217E+03 5.0386E-02 1.9251E+03 5.9726E-02 1.9286E+03 7.2383E-02
 1.9320E+03 9.0107E-02 1.9354E+03 1.1597E-01 1.9389E+03 1.5580E-01
 1.9406E+03 1.8430E-01 1.9423E+03 2.2172E-01 1.9428E+03 2.3291E-01
 1.9432E+03 2.4497E-01 1.9434E+03 2.5138E-01 1.9436E+03 2.5804E-01
 1.9439E+03 2.6497E-01 1.9440E+03 2.6855E-01 1.9441E+03 2.7218E-01
 1.9442E+03 2.7592E-01 1.9443E+03 2.7972E-01 1.9443E+03 2.8164E-01
 1.9444E+03 2.8361E-01 1.9444E+03 2.8558E-01 1.9445E+03 2.8757E-01
 1.9446E+03 2.8958E-01 1.9446E+03 2.9162E-01 1.9447E+03 2.9368E-01
 1.9447E+03 2.9576E-01 1.9448E+03 2.9999E-01 1.9449E+03 3.0432E-01
 1.9451E+03 3.0872E-01 1.9452E+03 3.1324E-01 1.9453E+03 3.1786E-01
 1.9454E+03 3.2257E-01 1.9456E+03 3.3234E-01 1.9458E+03 3.4257E-01
 1.9460E+03 3.5328E-01 1.9462E+03 3.6449E-01 1.9464E+03 3.7628E-01
 1.9467E+03 3.8862E-01 1.9471E+03 4.1526E-01 1.9475E+03 4.4478E-01
 1.9480E+03 4.7757E-01 1.9484E+03 5.1414E-01 1.9488E+03 5.5514E-01
 1.9493E+03 6.0126E-01 1.9497E+03 6.5339E-01 1.9501E+03 7.1264E-01
 1.9505E+03 7.8036E-01 1.9510E+03 8.5818E-01 1.9514E+03 9.4828E-01
 1.9518E+03 1.0533E+00 1.9523E+03 1.1766E+00 1.9527E+03 1.3229E+00
 1.9531E+03 1.4980E+00 1.9536E+03 1.7099E+00 1.9540E+03 1.9693E+00
 1.9544E+03 2.2918E+00 1.9549E+03 2.6986E+00 1.9553E+03 3.2209E+00
 1.9557E+03 3.9051E+00 1.9562E+03 4.8222E+00 1.9566E+03 6.0837E+00
 1.9570E+03 7.8683E+00 1.9574E+03 1.0468E+01 1.9579E+03 1.4347E+01
 1.9587E+03 2.8368E+01 1.9596E+03 4.2068E+01 1.9605E+03 2.7822E+01
 1.9614E+03 1.3807E+01 1.9618E+03 1.0022E+01 1.9623E+03 7.5066E+00
 1.9627E+03 5.7896E+00 1.9632E+03 4.5809E+00 1.9640E+03 3.0522E+00
 1.9645E+03 2.5550E+00 1.9649E+03 2.1683E+00 1.9658E+03 1.6158E+00
 1.9667E+03 1.2490E+00 1.9685E+03 8.0901E-01 1.9693E+03 6.7136E-01
 1.9702E+03 5.6604E-01 1.9720E+03 4.1818E-01 1.9738E+03 3.2166E-01
 1.9773E+03 2.0759E-01 1.9791E+03 1.7228E-01 1.9809E+03 1.4538E-01
 1.9844E+03 1.0778E-01 1.9880E+03 8.3343E-02 1.9951E+03 5.4579E-02
 1.9986E+03 4.5703E-02 2.0022E+03 3.8953E-02 2.0093E+03 2.9555E-02
 2.0163E+03 2.3500E-02 2.0305E+03 1.6637E-02 2.0376E+03 1.4799E-02
 2.0447E+03 1.3843E-02 2.0483E+03 1.3782E-02 2.0518E+03 1.4145E-02
 2.0554E+03 1.5229E-02 2.0589E+03 1.7747E-02 2.0607E+03 2.0082E-02
 2.0625E+03 2.3811E-02 2.0642E+03 3.0149E-02 2.0660E+03 4.1995E-02
 2.0669E+03 5.2137E-02 2.0678E+03 6.7813E-02 2.0682E+03 7.9063E-02
 2.0687E+03 9.3867E-02 2.0691E+03 1.1389E-01 2.0696E+03 1.4189E-01
 2.0700E+03 1.8274E-01 2.0704E+03 2.4568E-01 2.0707E+03 2.9078E-01
 2.0709E+03 3.5003E-01 2.0711E+03 4.3011E-01 2.0713E+03 5.4197E-01
 2.0716E+03 7.0503E-01 2.0718E+03 9.5589E-01 2.0719E+03 1.1354E+00
 2.0720E+03 1.3711E+00 2.0721E+03 1.6891E+00 2.0722E+03 2.1325E+00
 2.0723E+03 2.7771E+00 2.0724E+03 3.7651E+00 2.0725E+03 4.4691E+00
 2.0726E+03 5.3897E+00 2.0726E+03 6.6257E+00 2.0727E+03 8.3368E+00
 2.0727E+03 8.8674E+00 2.0727E+03 9.4497E+00 2.0727E+03 1.0091E+01
 2.0727E+03 1.0799E+01 2.0727E+03 1.1583E+01 2.0727E+03 1.2455E+01
 2.0728E+03 1.3428E+01 2.0728E+03 1.4516E+01 2.0728E+03 1.5739E+01
 2.0728E+03 1.7122E+01 2.0728E+03 1.8693E+01 2.0728E+03 2.0484E+01
 2.0728E+03 2.2537E+01 2.0729E+03 2.4907E+01 2.0729E+03 2.7657E+01
 2.0729E+03 3.0871E+01 2.0729E+03 3.4655E+01 2.0729E+03 3.9143E+01
 2.0729E+03 4.4512E+01 2.0729E+03 5.0987E+01 2.0729E+03 5.8864E+01
 2.0730E+03 6.8533E+01 2.0730E+03 8.0495E+01 2.0730E+03 9.5393E+01
 2.0730E+03 1.1401E+02 2.0730E+03 1.3722E+02 2.0730E+03 1.6580E+02
 2.0730E+03 1.9984E+02 2.0731E+03 2.7514E+02 2.0731E+03 3.1468E+02
 2.0731E+03 2.8678E+02 2.0731E+03 2.2653E+02 2.0732E+03 1.6778E+02
 2.0732E+03 1.2307E+02 2.0732E+03 9.1678E+01 2.0732E+03 6.9887E+01
 2.0733E+03 5.4561E+01 2.0733E+03 4.3543E+01 2.0733E+03 2.9332E+01
 2.0734E+03 2.4639E+01 2.0734E+03 2.0968E+01 2.0734E+03 1.5684E+01
 2.0735E+03 1.2152E+01 2.0736E+03 7.8892E+00 2.0736E+03 6.5497E+00
 2.0736E+03 5.5232E+00 2.0737E+03 4.0787E+00 2.0738E+03 3.1339E+00
 2.0740E+03 2.0157E+00 2.0741E+03 1.6689E+00 2.0742E+03 1.4047E+00
 2.0744E+03 1.0353E+00 2.0746E+03 7.9500E-01 2.0749E+03 5.1196E-01
 2.0751E+03 4.2453E-01 2.0753E+03 3.5799E-01 2.0756E+03 2.6507E-01
 2.0760E+03 2.0472E-01 2.0768E+03 1.3371E-01 2.0771E+03 1.1179E-01
 2.0775E+03 9.5103E-02 2.0782E+03 7.1799E-02 2.0789E+03 5.6655E-02
 2.0804E+03 3.8807E-02 2.0811E+03 3.3282E-02 2.0819E+03 2.9068E-02
 2.0833E+03 2.3162E-02 2.0848E+03 1.9300E-02 2.0877E+03 1.4695E-02
 2.0906E+03 1.2131E-02 2.0935E+03 1.0536E-02 2.0964E+03 9.4636E-03
 2.1081E+03 7.3439E-03 2.1198E+03 6.4918E-03 2.1431E+03 5.9882E-03
 2.1665E+03 6.4664E-03 2.1782E+03 7.1705E-03 2.1899E+03 8.4062E-03
 2.1957E+03 9.3392E-03 2.2015E+03 1.0595E-02 2.2074E+03 1.2319E-02
 2.2132E+03 1.4757E-02 2.2190E+03 1.8337E-02 2.2249E+03 2.3880E-02
 2.2278E+03 2.7859E-02 2.2307E+03 3.3093E-02 2.2336E+03 4.0174E-02
 2.2366E+03 5.0072E-02 2.2395E+03 6.4509E-02 2.2424E+03 8.6741E-02
 2.2439E+03 1.0266E-01 2.2453E+03 1.2358E-01 2.2468E+03 1.5183E-01
 2.2482E+03 1.9128E-01 2.2497E+03 2.4875E-01 2.2511E+03 3.3711E-01
 2.2515E+03 3.6664E-01 2.2519E+03 4.0028E-01 2.2521E+03 4.1886E-01
 2.2522E+03 4.3878E-01 2.2523E+03 4.4928E-01 2.2524E+03 4.6016E-01
 2.2525E+03 4.7143E-01 2.2526E+03 4.7724E-01 2.2526E+03 4.8314E-01
 2.2526E+03 4.8916E-01 2.2527E+03 4.9222E-01 2.2527E+03 4.9530E-01
 2.2527E+03 4.9839E-01 2.2527E+03 4.9997E-01 2.2527E+03 5.0154E-01
 2.2528E+03 5.0313E-01 2.2528E+03 5.0471E-01 2.2528E+03 5.0551E-01
 2.2528E+03 5.0632E-01 2.2528E+03 5.0711E-01 2.2528E+03 5.0791E-01
 2.2528E+03 5.0872E-01 2.2528E+03 5.0953E-01 2.2528E+03 5.1033E-01
 2.2528E+03 5.1114E-01 2.2528E+03 5.1278E-01 2.2528E+03 5.1439E-01
 2.2528E+03 5.1604E-01 2.2529E+03 5.1768E-01 2.2529E+03 5.1936E-01
 2.2529E+03 5.2103E-01 2.2529E+03 5.2437E-01 2.2529E+03 5.2776E-01
 2.2529E+03 5.3118E-01 2.2530E+03 5.3464E-01 2.2530E+03 5.4164E-01
 2.2531E+03 5.4880E-01 2.2531E+03 5.5611E-01 2.2531E+03 5.6354E-01
 2.2532E+03 5.7888E-01 2.2533E+03 5.9486E-01 2.2534E+03 6.1150E-01
 2.2535E+03 6.2886E-01 2.2536E+03 6.4697E-01 2.2537E+03 6.6588E-01
 2.2539E+03 7.0628E-01 2.2541E+03 7.5045E-01 2.2542E+03 7.9891E-01
 2.2544E+03 8.5222E-01 2.2546E+03 9.1107E-01 2.2548E+03 9.7620E-01
 2.2550E+03 1.0486E+00 2.2552E+03 1.1293E+00 2.2553E+03 1.2196E+00
 2.2555E+03 1.3213E+00 2.2559E+03 1.5664E+00 2.2563E+03 1.8864E+00
 2.2564E+03 2.0841E+00 2.2566E+03 2.3142E+00 2.2568E+03 2.5843E+00
 2.2570E+03 2.9039E+00 2.2572E+03 3.2858E+00 2.2574E+03 3.7468E+00
 2.2575E+03 4.3099E+00 2.2577E+03 5.0068E+00 2.2579E+03 5.8822E+00
 2.2581E+03 6.9997E+00 2.2583E+03 8.4529E+00 2.2584E+03 1.0382E+01
 2.2586E+03 1.2999E+01 2.2588E+03 1.6636E+01 2.2590E+03 2.1793E+01
 2.2592E+03 2.9203E+01 2.2595E+03 5.3425E+01 2.2599E+03 7.3832E+01
 2.2603E+03 4.8682E+01 2.2608E+03 2.4082E+01 2.2610E+03 1.7463E+01
 2.2612E+03 1.3072E+01 2.2614E+03 1.0077E+01 2.2616E+03 7.9709E+00
 2.2620E+03 5.3082E+00 2.2622E+03 4.4426E+00 2.2624E+03 3.7695E+00
 2.2629E+03 2.8078E+00 2.2633E+03 2.1695E+00 2.2641E+03 1.4039E+00
 2.2646E+03 1.1645E+00 2.2650E+03 9.8132E-01 2.2658E+03 7.2407E-01
 2.2667E+03 5.5614E-01 2.2684E+03 3.5772E-01 2.2692E+03 2.9628E-01
 2.2701E+03 2.4949E-01 2.2718E+03 1.8411E-01 2.2735E+03 1.4161E-01
 2.2769E+03 9.1572E-02 2.2786E+03 7.6129E-02 2.2803E+03 6.4383E-02
 2.2836E+03 4.7989E-02 2.2870E+03 3.7354E-02 2.2938E+03 2.4862E-02
 2.2972E+03 2.1017E-02 2.3006E+03 1.8099E-02 2.3074E+03 1.4045E-02
 2.3142E+03 1.1439E-02 2.3277E+03 8.4525E-03 2.3413E+03 6.9479E-03
 2.3549E+03 6.1903E-03 2.3684E+03 5.8961E-03 2.3820E+03 5.9693E-03
 2.3956E+03 6.4328E-03 2.4092E+03 7.4508E-03 2.4227E+03 9.4907E-03
 2.4295E+03 1.1252E-02 2.4363E+03 1.3963E-02 2.4397E+03 1.5899E-02
 2.4431E+03 1.8436E-02 2.4465E+03 2.1850E-02 2.4499E+03 2.6607E-02
 2.4533E+03 3.3518E-02 2.4566E+03 4.4130E-02 2.4583E+03 5.1716E-02
 2.4600E+03 6.1672E-02 2.4617E+03 7.5112E-02 2.4634E+03 9.3874E-02
 2.4651E+03 1.2120E-01 2.4668E+03 1.6324E-01 2.4677E+03 1.9332E-01
 2.4685E+03 2.3282E-01 2.4694E+03 2.8614E-01 2.4702E+03 3.6058E-01
 2.4706E+03 4.0936E-01 2.4709E+03 4.3761E-01 2.4711E+03 4.6889E-01
 2.4712E+03 4.8583E-01 2.4713E+03 5.0370E-01 2.4714E+03 5.2259E-01
 2.4714E+03 5.3243E-01 2.4715E+03 5.4257E-01 2.4715E+03 5.5300E-01
 2.4716E+03 5.5832E-01 2.4716E+03 5.6372E-01 2.4716E+03 5.6921E-01
 2.4716E+03 5.7199E-01 2.4716E+03 5.7478E-01 2.4717E+03 5.7759E-01
 2.4717E+03 5.8043E-01 2.4717E+03 5.8328E-01 2.4717E+03 5.8616E-01
 2.4717E+03 5.8905E-01 2.4717E+03 5.9197E-01 2.4717E+03 5.9492E-01
 2.4718E+03 5.9788E-01 2.4718E+03 6.0387E-01 2.4718E+03 6.0996E-01
 2.4718E+03 6.1614E-01 2.4719E+03 6.2241E-01 2.4719E+03 6.2878E-01
 2.4719E+03 6.3525E-01 2.4720E+03 6.4849E-01 2.4720E+03 6.6214E-01
 2.4721E+03 6.7626E-01 2.4721E+03 6.9082E-01 2.4722E+03 7.2139E-01
 2.4723E+03 7.5405E-01 2.4724E+03 7.8897E-01 2.4726E+03 8.2641E-01
 2.4726E+03 8.6658E-01 2.4728E+03 9.0975E-01 2.4730E+03 1.0064E+00
 2.4732E+03 1.1193E+00 2.4734E+03 1.2524E+00 2.4736E+03 1.4107E+00
 2.4738E+03 1.6009E+00 2.4740E+03 1.8322E+00 2.4742E+03 2.1172E+00
 2.4745E+03 2.4739E+00 2.4747E+03 2.9282E+00 2.4749E+03 3.5182E+00
 2.4751E+03 4.3032E+00 2.4753E+03 5.3771E+00 2.4755E+03 6.8967E+00
 2.4757E+03 9.1350E+00 2.4758E+03 1.0667E+01 2.4759E+03 1.2595E+01
 2.4761E+03 1.5059E+01 2.4761E+03 1.8255E+01 2.4763E+03 2.2461E+01
 2.4764E+03 2.8064E+01 2.4765E+03 3.5578E+01 2.4766E+03 4.5557E+01
 2.4768E+03 7.2772E+01 2.4770E+03 9.0862E+01 2.4774E+03 5.1937E+01
 2.4776E+03 3.3828E+01 2.4776E+03 2.7578E+01 2.4777E+03 2.2732E+01
 2.4779E+03 1.5989E+01 2.4781E+03 1.1735E+01 2.4783E+03 8.9287E+00
 2.4785E+03 6.9980E+00 2.4788E+03 4.6079E+00 2.4790E+03 3.8428E+00
 2.4792E+03 3.2514E+00 2.4796E+03 2.4129E+00 2.4799E+03 1.8600E+00
 2.4807E+03 1.2009E+00 2.4811E+03 9.9562E-01 2.4814E+03 8.3884E-01
 2.4821E+03 6.1912E-01 2.4829E+03 4.7597E-01 2.4844E+03 3.0708E-01
 2.4851E+03 2.5487E-01 2.4858E+03 2.1513E-01 2.4873E+03 1.5964E-01
 2.4888E+03 1.2362E-01 2.4917E+03 8.1322E-02 2.4932E+03 6.8307E-02
 2.4947E+03 5.8433E-02 2.4976E+03 4.4726E-02 2.5006E+03 3.5922E-02
 2.5064E+03 2.5828E-02 2.5094E+03 2.2853E-02 2.5123E+03 2.0689E-02
 2.5182E+03 1.7968E-02 2.5241E+03 1.6636E-02 2.5359E+03 1.6562E-02
 2.5476E+03 1.9589E-02 2.5535E+03 2.3047E-02 2.5594E+03 3.0222E-02
 2.5609E+03 3.3516E-02 2.5624E+03 3.8211E-02 2.5638E+03 4.5472E-02
 2.5653E+03 5.8088E-02 2.5661E+03 6.8470E-02 2.5668E+03 8.4172E-02
 2.5671E+03 9.5301E-02 2.5675E+03 1.0984E-01 2.5679E+03 1.2938E-01
 2.5683E+03 1.5657E-01 2.5686E+03 1.9607E-01 2.5690E+03 2.5670E-01
 2.5692E+03 3.0007E-01 2.5694E+03 3.5697E-01 2.5695E+03 4.3382E-01
 2.5697E+03 5.4109E-01 2.5699E+03 6.9729E-01 2.5701E+03 9.3747E-01
 2.5702E+03 1.1092E+00 2.5703E+03 1.3346E+00 2.5704E+03 1.6386E+00
 2.5705E+03 2.0622E+00 2.5705E+03 2.3396E+00 2.5706E+03 2.6775E+00
 2.5706E+03 3.0951E+00 2.5706E+03 3.3418E+00 2.5706E+03 3.4764E+00
 2.5706E+03 3.6193E+00 2.5707E+03 3.7714E+00 2.5707E+03 3.8511E+00
 2.5707E+03 3.9332E+00 2.5707E+03 3.9753E+00 2.5707E+03 4.0180E+00
 2.5707E+03 4.0614E+00 2.5707E+03 4.1057E+00 2.5707E+03 4.1505E+00
 2.5707E+03 4.1961E+00 2.5707E+03 4.2425E+00 2.5707E+03 4.2897E+00
 2.5707E+03 4.3378E+00 2.5707E+03 4.3864E+00 2.5707E+03 4.4361E+00
 2.5707E+03 4.4864E+00 2.5707E+03 4.5900E+00 2.5707E+03 4.6971E+00
 2.5707E+03 4.8080E+00 2.5707E+03 4.9229E+00 2.5707E+03 5.0420E+00
 2.5707E+03 5.1654E+00 2.5708E+03 5.4262E+00 2.5708E+03 5.7072E+00
 2.5708E+03 6.0107E+00 2.5708E+03 6.3389E+00 2.5708E+03 6.6946E+00
 2.5708E+03 7.0811E+00 2.5708E+03 7.5016E+00 2.5708E+03 7.9605E+00
 2.5709E+03 9.0132E+00 2.5709E+03 1.0287E+01 2.5709E+03 1.1847E+01
 2.5709E+03 1.3783E+01 2.5709E+03 1.6226E+01 2.5710E+03 1.9361E+01
 2.5710E+03 2.3462E+01 2.5710E+03 2.8955E+01 2.5710E+03 3.6499E+01
 2.5711E+03 4.7149E+01 2.5711E+03 5.4138E+01 2.5711E+03 6.2614E+01
 2.5711E+03 7.2950E+01 2.5711E+03 8.5592E+01 2.5711E+03 1.0105E+02
 2.5711E+03 1.1979E+02 2.5711E+03 1.4211E+02 2.5711E+03 1.6764E+02
 2.5712E+03 2.2051E+02 2.5712E+03 2.4639E+02 2.5713E+03 1.6289E+02
 2.5713E+03 8.0783E+01 2.5713E+03 5.8628E+01 2.5713E+03 4.3911E+01
 2.5714E+03 3.3868E+01 2.5714E+03 2.6800E+01 2.5714E+03 1.7861E+01
 2.5715E+03 1.4954E+01 2.5715E+03 1.2693E+01 2.5715E+03 9.4622E+00
 2.5716E+03 7.3174E+00 2.5717E+03 4.7447E+00 2.5717E+03 3.9399E+00
 2.5718E+03 3.3241E+00 2.5719E+03 2.4593E+00 2.5720E+03 1.8950E+00
 2.5722E+03 1.2279E+00 2.5723E+03 1.0214E+00 2.5724E+03 8.6409E-01
 2.5726E+03 6.4432E-01 2.5727E+03 5.0157E-01 2.5731E+03 3.3366E-01
 2.5733E+03 2.8191E-01 2.5735E+03 2.4261E-01 2.5739E+03 1.8786E-01
 2.5743E+03 1.5253E-01 2.5750E+03 1.1141E-01 2.5758E+03 8.9622E-02
 2.5766E+03 7.6996E-02 2.5774E+03 6.9288E-02 2.5804E+03 5.8822E-02
 2.5835E+03 6.0482E-02 2.5866E+03 6.7321E-02 2.5896E+03 7.8362E-02
 2.5927E+03 9.4361E-02 2.5958E+03 1.1736E-01 2.5973E+03 1.3261E-01
 2.5981E+03 1.4143E-01 2.5989E+03 1.5128E-01 2.5993E+03 1.5659E-01
 2.5996E+03 1.6221E-01 2.5998E+03 1.6514E-01 2.6000E+03 1.6814E-01
 2.6001E+03 1.6968E-01 2.6002E+03 1.7125E-01 2.6003E+03 1.7284E-01
 2.6004E+03 1.7443E-01 2.6005E+03 1.7525E-01 2.6005E+03 1.7607E-01
 2.6006E+03 1.7689E-01 2.6006E+03 1.7732E-01 2.6006E+03 1.7772E-01
 2.6006E+03 1.7814E-01 2.6006E+03 1.7857E-01 2.6007E+03 1.7897E-01
 2.6007E+03 1.7939E-01 2.6007E+03 1.7983E-01 2.6008E+03 1.8025E-01
 2.6008E+03 1.8068E-01 2.6008E+03 1.8111E-01 2.6008E+03 1.8197E-01
 2.6009E+03 1.8283E-01 2.6009E+03 1.8371E-01 2.6010E+03 1.8459E-01
 2.6011E+03 1.8637E-01 2.6012E+03 1.8817E-01 2.6013E+03 1.9001E-01
 2.6014E+03 1.9187E-01 2.6015E+03 1.9376E-01 2.6016E+03 1.9567E-01
 2.6018E+03 1.9961E-01 2.6019E+03 2.0364E-01 2.6023E+03 2.1213E-01
 2.6027E+03 2.2117E-01 2.6031E+03 2.3082E-01 2.6035E+03 2.4111E-01
 2.6039E+03 2.5214E-01 2.6043E+03 2.6393E-01 2.6046E+03 2.7662E-01
 2.6050E+03 2.9024E-01 2.6058E+03 3.2072E-01 2.6066E+03 3.5633E-01
 2.6073E+03 3.9828E-01 2.6081E+03 4.4812E-01 2.6089E+03 5.0797E-01
 2.6096E+03 5.8068E-01 2.6104E+03 6.7014E-01 2.6112E+03 7.8188E-01
 2.6119E+03 9.2379E-01 2.6127E+03 1.1076E+00 2.6135E+03 1.3511E+00
 2.6143E+03 1.6825E+00 2.6150E+03 2.1478E+00 2.6158E+03 2.8257E+00
 2.6162E+03 3.2842E+00 2.6166E+03 3.8559E+00 2.6169E+03 4.5770E+00
 2.6173E+03 5.4970E+00 2.6177E+03 6.6826E+00 2.6181E+03 8.2193E+00
 2.6185E+03 1.0205E+01 2.6189E+03 1.2721E+01 2.6196E+03 1.8947E+01
 2.6204E+03 2.2636E+01 2.6214E+03 1.7286E+01 2.6219E+03 1.3346E+01
 2.6223E+03 1.0119E+01 2.6228E+03 7.7187E+00 2.6233E+03 5.9842E+00
 2.6238E+03 4.7286E+00 2.6243E+03 3.8070E+00 2.6252E+03 2.5939E+00
 2.6257E+03 2.1875E+00 2.6262E+03 1.8671E+00 2.6272E+03 1.4028E+00
 2.6281E+03 1.0902E+00 2.6301E+03 7.1057E-01 2.6310E+03 5.9074E-01
 2.6320E+03 4.9872E-01 2.6339E+03 3.6903E-01 2.6359E+03 2.8404E-01
 2.6397E+03 1.8330E-01 2.6417E+03 1.5207E-01 2.6436E+03 1.2825E-01
 2.6475E+03 9.4992E-02 2.6514E+03 7.3441E-02 2.6552E+03 5.8770E-02
 2.6591E+03 4.8468E-02 2.6630E+03 4.1195E-02 2.6668E+03 3.6353E-02
 2.6707E+03 3.4216E-02 2.6746E+03 3.7801E-02 2.6755E+03 4.1018E-02
 2.6765E+03 4.6455E-02 2.6775E+03 5.6016E-02 2.6784E+03 7.4264E-02
 2.6789E+03 9.0036E-02 2.6794E+03 1.1452E-01 2.6796E+03 1.3213E-01
 2.6799E+03 1.5533E-01 2.6801E+03 1.8674E-01 2.6804E+03 2.3068E-01
 2.6806E+03 2.9486E-01 2.6809E+03 3.9370E-01 2.6810E+03 4.6450E-01
 2.6811E+03 5.5754E-01 2.6812E+03 6.8318E-01 2.6813E+03 8.5863E-01
 2.6814E+03 1.1140E+00 2.6816E+03 1.5064E+00 2.6816E+03 1.7867E+00
 2.6817E+03 2.1542E+00 2.6818E+03 2.6488E+00 2.6818E+03 3.3364E+00
 2.6819E+03 4.3317E+00 2.6819E+03 5.8472E+00 2.6820E+03 6.9199E+00
 2.6820E+03 8.3139E+00 2.6820E+03 1.0169E+01 2.6821E+03 1.2708E+01
 2.6821E+03 1.4341E+01 2.6821E+03 1.6303E+01 2.6821E+03 1.8682E+01
 2.6821E+03 2.1600E+01 2.6821E+03 2.3312E+01 2.6821E+03 2.5228E+01
 2.6821E+03 2.7378E+01 2.6821E+03 2.9797E+01 2.6822E+03 3.2536E+01
 2.6822E+03 3.5643E+01 2.6822E+03 3.9182E+01 2.6822E+03 4.3230E+01
 2.6822E+03 4.7878E+01 2.6822E+03 5.3230E+01 2.6822E+03 5.9414E+01
 2.6822E+03 6.6580E+01 2.6822E+03 7.4888E+01 2.6822E+03 8.4518E+01
 2.6822E+03 9.5646E+01 2.6822E+03 1.0842E+02 2.6823E+03 1.3900E+02
 2.6823E+03 1.7407E+02 2.6823E+03 2.0511E+02 2.6823E+03 2.1808E+02
 2.6823E+03 2.1042E+02 2.6823E+03 1.9036E+02 2.6823E+03 1.6426E+02
 2.6824E+03 1.3780E+02 2.6824E+03 9.4380E+01 2.6824E+03 6.5493E+01
 2.6824E+03 4.7000E+01 2.6824E+03 3.4943E+01 2.6825E+03 2.6817E+01
 2.6825E+03 2.1143E+01 2.6825E+03 1.4028E+01 2.6826E+03 1.1727E+01
 2.6826E+03 9.9420E+00 2.6826E+03 7.3984E+00 2.6827E+03 5.7139E+00
 2.6828E+03 3.6982E+00 2.6828E+03 3.0686E+00 2.6829E+03 2.5871E+00
 2.6829E+03 1.9116E+00 2.6830E+03 1.4708E+00 2.6832E+03 9.5017E-01
 2.6833E+03 7.8901E-01 2.6834E+03 6.6625E-01 2.6836E+03 4.9467E-01
 2.6838E+03 3.8312E-01 2.6841E+03 2.5172E-01 2.6843E+03 2.1112E-01
 2.6845E+03 1.8020E-01 2.6849E+03 1.3697E-01 2.6852E+03 1.0885E-01
 2.6860E+03 7.5625E-02 2.6863E+03 6.5307E-02 2.6867E+03 5.7418E-02
 2.6874E+03 4.6312E-02 2.6882E+03 3.8995E-02 2.6896E+03 3.0150E-02
 2.6911E+03 2.5097E-02 2.6926E+03 2.1853E-02 2.6940E+03 1.9586E-02
 2.6999E+03 1.4614E-02 2.7058E+03 1.2060E-02 2.7175E+03 9.1247E-03
 2.7293E+03 7.3608E-03 2.7528E+03 5.2986E-03 2.7763E+03 4.1647E-03
 2.7997E+03 3.4909E-03 2.8232E+03 3.0847E-03 2.8467E+03 2.8580E-03
 2.8702E+03 2.7714E-03 2.8937E+03 2.8176E-03 2.9172E+03 3.0200E-03
 2.9407E+03 3.4514E-03 2.9641E+03 4.2957E-03 2.9759E+03 5.0055E-03
 2.9876E+03 6.0683E-03 2.9994E+03 7.7571E-03 3.0111E+03 1.0693E-02
 3.0170E+03 1.3068E-02 3.0229E+03 1.6582E-02 3.0258E+03 1.9018E-02
 3.0287E+03 2.2147E-02 3.0317E+03 2.6272E-02 3.0346E+03 3.1888E-02
 3.0376E+03 3.9859E-02 3.0405E+03 5.1803E-02 3.0419E+03 6.0188E-02
 3.0434E+03 7.1062E-02 3.0449E+03 8.5558E-02 3.0464E+03 1.0556E-01
 3.0478E+03 1.3436E-01 3.0493E+03 1.7818E-01 3.0500E+03 2.0934E-01
 3.0508E+03 2.5007E-01 3.0515E+03 3.0480E-01 3.0519E+03 3.3955E-01
 3.0520E+03 3.5930E-01 3.0522E+03 3.8089E-01 3.0524E+03 4.0459E-01
 3.0525E+03 4.1732E-01 3.0526E+03 4.3064E-01 3.0526E+03 4.3757E-01
 3.0527E+03 4.4467E-01 3.0527E+03 4.5195E-01 3.0528E+03 4.5941E-01
 3.0528E+03 4.6707E-01 3.0529E+03 4.7492E-01 3.0529E+03 4.8297E-01
 3.0530E+03 4.9126E-01 3.0530E+03 4.9975E-01 3.0531E+03 5.0847E-01
 3.0531E+03 5.1743E-01 3.0531E+03 5.2664E-01 3.0532E+03 5.4586E-01
 3.0533E+03 5.6614E-01 3.0534E+03 5.8762E-01 3.0535E+03 6.1039E-01
 3.0536E+03 6.3454E-01 3.0537E+03 6.6018E-01 3.0539E+03 7.1651E-01
 3.0541E+03 7.8055E-01 3.0543E+03 8.5379E-01 3.0544E+03 9.3807E-01
 3.0546E+03 1.0357E+00 3.0548E+03 1.1497E+00 3.0550E+03 1.2840E+00
 3.0552E+03 1.4436E+00 3.0554E+03 1.6350E+00 3.0555E+03 1.8676E+00
 3.0557E+03 2.1539E+00 3.0559E+03 2.5116E+00 3.0561E+03 2.9662E+00
 3.0563E+03 3.5555E+00 3.0564E+03 4.3372E+00 3.0566E+03 5.4026E+00
 3.0568E+03 6.9022E+00 3.0570E+03 9.0946E+00 3.0571E+03 1.0584E+01
 3.0572E+03 1.2446E+01 3.0573E+03 1.4804E+01 3.0574E+03 1.7829E+01
 3.0575E+03 2.1754E+01 3.0576E+03 2.6887E+01 3.0576E+03 3.3597E+01
 3.0577E+03 4.2225E+01 3.0579E+03 6.4220E+01 3.0581E+03 7.7714E+01
 3.0584E+03 4.4722E+01 3.0586E+03 2.9225E+01 3.0587E+03 2.3857E+01
 3.0588E+03 1.9686E+01 3.0590E+03 1.3872E+01 3.0591E+03 1.0198E+01
 3.0593E+03 7.7707E+00 3.0595E+03 6.1001E+00 3.0598E+03 4.0308E+00
 3.0600E+03 3.3682E+00 3.0602E+03 2.8564E+00 3.0605E+03 2.1307E+00
 3.0609E+03 1.6525E+00 3.0615E+03 1.0837E+00 3.0619E+03 9.0726E-01
 3.0622E+03 7.7297E-01 3.0629E+03 5.8614E-01 3.0636E+03 4.6622E-01
 3.0650E+03 3.3013E-01 3.0657E+03 2.9121E-01 3.0664E+03 2.6411E-01
 3.0677E+03 2.3457E-01 3.0691E+03 2.2936E-01 3.0705E+03 2.4592E-01
 3.0719E+03 2.8907E-01 3.0725E+03 3.2484E-01 3.0732E+03 3.7451E-01
 3.0739E+03 4.4403E-01 3.0746E+03 5.4332E-01 3.0749E+03 6.0914E-01
 3.0753E+03 6.8989E-01 3.0755E+03 7.3724E-01 3.0756E+03 7.6296E-01
 3.0756E+03 7.9018E-01 3.0757E+03 8.0441E-01 3.0757E+03 8.1904E-01
 3.0758E+03 8.3412E-01 3.0758E+03 8.4964E-01 3.0759E+03 8.6564E-01
 3.0759E+03 8.8213E-01 3.0759E+03 8.9913E-01 3.0760E+03 9.1667E-01
 3.0760E+03 9.3475E-01 3.0761E+03 9.5341E-01 3.0761E+03 9.7268E-01
 3.0761E+03 9.9257E-01 3.0762E+03 1.0343E+00 3.0763E+03 1.0790E+00
 3.0764E+03 1.1267E+00 3.0765E+03 1.1778E+00 3.0766E+03 1.2327E+00
 3.0767E+03 1.2916E+00 3.0768E+03 1.4236E+00 3.0770E+03 1.5772E+00
 3.0772E+03 1.7583E+00 3.0774E+03 1.9730E+00 3.0775E+03 2.2304E+00
 3.0777E+03 2.5421E+00 3.0779E+03 2.9243E+00 3.0780E+03 3.3997E+00
 3.0782E+03 4.0003E+00 3.0784E+03 4.7724E+00 3.0786E+03 5.7861E+00
 3.0787E+03 7.1476E+00 3.0789E+03 9.0261E+00 3.0791E+03 1.1695E+01
 3.0791E+03 1.3457E+01 3.0792E+03 1.5607E+01 3.0793E+03 1.8243E+01
 3.0794E+03 2.1493E+01 3.0795E+03 2.5508E+01 3.0796E+03 3.0436E+01
 3.0797E+03 3.6386E+01 3.0798E+03 4.3314E+01 3.0799E+03 5.8064E+01
 3.0801E+03 6.5496E+01 3.0805E+03 3.8234E+01 3.0807E+03 2.5157E+01
 3.0808E+03 2.0582E+01 3.0809E+03 1.7014E+01 3.0811E+03 1.2018E+01
 3.0813E+03 8.8471E+00 3.0815E+03 6.7464E+00 3.0817E+03 5.2975E+00
 3.0821E+03 3.4991E+00 3.0823E+03 2.9222E+00 3.0825E+03 2.4761E+00
 3.0829E+03 1.8428E+00 3.0833E+03 1.4245E+00 3.0841E+03 9.2520E-01
 3.0846E+03 7.6941E-01 3.0850E+03 6.5032E-01 3.0858E+03 4.8312E-01
 3.0866E+03 3.7389E-01 3.0882E+03 2.4447E-01 3.0890E+03 2.0422E-01
 3.0898E+03 1.7347E-01 3.0914E+03 1.3027E-01 3.0931E+03 1.0196E-01
 3.0963E+03 6.8214E-02 3.0979E+03 5.7639E-02 3.0996E+03 4.9520E-02
 3.1028E+03 3.8034E-02 3.1061E+03 3.0447E-02 3.1125E+03 2.1339E-02
 3.1158E+03 1.8482E-02 3.1190E+03 1.6291E-02 3.1255E+03 1.3230E-02
 3.1320E+03 1.1271E-02 3.1450E+03 9.1412E-03 3.1579E+03 8.3186E-03
 3.1709E+03 8.2949E-03 3.1839E+03 8.9408E-03 3.1969E+03 1.0350E-02
 3.2099E+03 1.2869E-02 3.2163E+03 1.4771E-02 3.2228E+03 1.7324E-02
 3.2293E+03 2.0822E-02 3.2358E+03 2.5757E-02 3.2423E+03 3.2992E-02
 3.2488E+03 4.4167E-02 3.2520E+03 5.2176E-02 3.2553E+03 6.2703E-02
 3.2585E+03 7.6913E-02 3.2618E+03 9.6741E-02 3.2634E+03 1.0973E-01
 3.2642E+03 1.1725E-01 3.2646E+03 1.2130E-01 3.2650E+03 1.2558E-01
 3.2654E+03 1.3008E-01 3.2656E+03 1.3243E-01 3.2658E+03 1.3484E-01
 3.2660E+03 1.3732E-01 3.2661E+03 1.3858E-01 3.2662E+03 1.3986E-01
 3.2663E+03 1.4051E-01 3.2663E+03 1.4116E-01 3.2664E+03 1.4182E-01
 3.2664E+03 1.4247E-01 3.2664E+03 1.4282E-01 3.2665E+03 1.4314E-01
 3.2665E+03 1.4332E-01 3.2665E+03 1.4347E-01 3.2665E+03 1.4364E-01
 3.2665E+03 1.4382E-01 3.2665E+03 1.4397E-01 3.2665E+03 1.4407E-01
 3.2665E+03 1.4414E-01 3.2666E+03 1.4424E-01 3.2666E+03 1.4432E-01
 3.2666E+03 1.4441E-01 3.2666E+03 1.4449E-01 3.2666E+03 1.4466E-01
 3.2666E+03 1.4483E-01 3.2666E+03 1.4500E-01 3.2666E+03 1.4517E-01
 3.2666E+03 1.4551E-01 3.2667E+03 1.4586E-01 3.2667E+03 1.4620E-01
 3.2667E+03 1.4655E-01 3.2668E+03 1.4724E-01 3.2668E+03 1.4793E-01
 3.2669E+03 1.4936E-01 3.2670E+03 1.5079E-01 3.2671E+03 1.5225E-01
 3.2672E+03 1.5372E-01 3.2673E+03 1.5522E-01 3.2674E+03 1.5675E-01
 3.2676E+03 1.5987E-01 3.2678E+03 1.6308E-01 3.2680E+03 1.6639E-01
 3.2682E+03 1.6979E-01 3.2686E+03 1.7693E-01 3.2691E+03 1.8454E-01
 3.2694E+03 1.9266E-01 3.2699E+03 2.0132E-01 3.2703E+03 2.1058E-01
 3.2707E+03 2.2050E-01 3.2711E+03 2.3114E-01 3.2715E+03 2.4257E-01
 3.2723E+03 2.6813E-01 3.2731E+03 2.9796E-01 3.2739E+03 3.3305E-01
 3.2747E+03 3.7472E-01 3.2755E+03 4.2468E-01 3.2764E+03 4.8529E-01
 3.2772E+03 5.5972E-01 3.2780E+03 6.5250E-01 3.2788E+03 7.7001E-01
 3.2796E+03 9.2170E-01 3.2804E+03 1.1218E+00 3.2812E+03 1.3925E+00
 3.2820E+03 1.7693E+00 3.2828E+03 2.3121E+00 3.2832E+03 2.6753E+00
 3.2836E+03 3.1232E+00 3.2841E+03 3.6809E+00 3.2845E+03 4.3811E+00
 3.2849E+03 5.2647E+00 3.2853E+03 6.3804E+00 3.2857E+03 7.7745E+00
 3.2861E+03 9.4671E+00 3.2869E+03 1.3339E+01 3.2877E+03 1.5441E+01
 3.2887E+03 1.2509E+01 3.2892E+03 1.0112E+01 3.2897E+03 7.9729E+00
 3.2907E+03 4.9697E+00 3.2911E+03 3.9924E+00 3.2916E+03 3.2539E+00
 3.2926E+03 2.2538E+00 3.2936E+03 1.6384E+00 3.2946E+03 1.2388E+00
 3.2956E+03 9.6679E-01 3.2976E+03 6.3332E-01 3.2986E+03 5.2730E-01
 3.2995E+03 4.4566E-01 3.3015E+03 3.3020E-01 3.3035E+03 2.5432E-01
 3.3074E+03 1.6412E-01 3.3094E+03 1.3607E-01 3.3114E+03 1.1468E-01
 3.3153E+03 8.4725E-02 3.3193E+03 6.5228E-02 3.3272E+03 4.2247E-02
 3.3311E+03 3.5149E-02 3.3351E+03 2.9750E-02 3.3430E+03 2.2220E-02
 3.3509E+03 1.7345E-02 3.3666E+03 1.1656E-02 3.3745E+03 9.9299E-03
 3.3824E+03 8.6412E-03 3.3982E+03 6.9251E-03 3.4140E+03 5.9530E-03
 3.4298E+03 5.4937E-03 3.4456E+03 5.4900E-03 3.4614E+03 6.0450E-03
 3.4771E+03 7.5549E-03 3.4850E+03 8.9884E-03 3.4929E+03 1.1288E-02
 3.4969E+03 1.2968E-02 3.5008E+03 1.5197E-02 3.5048E+03 1.8229E-02
 3.5087E+03 2.2489E-02 3.5127E+03 2.8726E-02 3.5166E+03 3.8355E-02
 3.5186E+03 4.5259E-02 3.5206E+03 5.4338E-02 3.5225E+03 6.6609E-02
 3.5245E+03 8.3757E-02 3.5265E+03 1.0875E-01 3.5285E+03 1.4718E-01
 3.5294E+03 1.7468E-01 3.5304E+03 2.1078E-01 3.5314E+03 2.5946E-01
 3.5324E+03 3.2732E-01 3.5326E+03 3.4845E-01 3.5329E+03 3.7172E-01
 3.5330E+03 3.8424E-01 3.5331E+03 3.9739E-01 3.5333E+03 4.1125E-01
 3.5333E+03 4.1845E-01 3.5334E+03 4.2584E-01 3.5334E+03 4.3343E-01
 3.5335E+03 4.3730E-01 3.5335E+03 4.4122E-01 3.5336E+03 4.4520E-01
 3.5336E+03 4.4922E-01 3.5336E+03 4.5332E-01 3.5336E+03 4.5745E-01
 3.5337E+03 4.6164E-01 3.5337E+03 4.6589E-01 3.5337E+03 4.7022E-01
 3.5338E+03 4.7459E-01 3.5338E+03 4.8353E-01 3.5339E+03 4.9272E-01
 3.5339E+03 5.0217E-01 3.5340E+03 5.1189E-01 3.5341E+03 5.2191E-01
 3.5341E+03 5.3222E-01 3.5343E+03 5.5378E-01 3.5344E+03 5.7667E-01
 3.5345E+03 6.0100E-01 3.5346E+03 6.2691E-01 3.5348E+03 6.5453E-01
 3.5349E+03 6.8400E-01 3.5351E+03 7.4922E-01 3.5354E+03 8.2420E-01
 3.5356E+03 9.1096E-01 3.5359E+03 1.0121E+00 3.5361E+03 1.1308E+00
 3.5364E+03 1.2716E+00 3.5366E+03 1.4401E+00 3.5369E+03 1.6438E+00
 3.5371E+03 1.8934E+00 3.5373E+03 2.2032E+00 3.5376E+03 2.5936E+00
 3.5378E+03 3.0946E+00 3.5381E+03 3.7501E+00 3.5383E+03 4.6272E+00
 3.5386E+03 5.8307E+00 3.5388E+03 7.5280E+00 3.5389E+03 8.6407E+00
 3.5391E+03 9.9888E+00 3.5392E+03 1.1631E+01 3.5393E+03 1.3636E+01
 3.5398E+03 2.6578E+01 3.5403E+03 3.8876E+01 3.5409E+03 2.3489E+01
 3.5415E+03 1.0741E+01 3.5418E+03 7.6337E+00 3.5421E+03 5.6397E+00
 3.5424E+03 4.3096E+00 3.5426E+03 3.3878E+00 3.5432E+03 2.2388E+00
 3.5435E+03 1.8691E+00 3.5438E+03 1.5829E+00 3.5444E+03 1.1760E+00
 3.5450E+03 9.0705E-01 3.5462E+03 5.8588E-01 3.5468E+03 4.8568E-01
 3.5473E+03 4.0914E-01 3.5485E+03 3.0179E-01 3.5497E+03 2.3179E-01
 3.5520E+03 1.4914E-01 3.5532E+03 1.2358E-01 3.5544E+03 1.0412E-01
 3.5567E+03 7.6909E-02 3.5591E+03 5.9228E-02 3.5638E+03 3.8411E-02
 3.5661E+03 3.1980E-02 3.5685E+03 2.7086E-02 3.5732E+03 2.0249E-02
 3.5779E+03 1.5807E-02 3.5872E+03 1.0569E-02 3.5919E+03 8.9486E-03
 3.5966E+03 7.7142E-03 3.6060E+03 5.9872E-03 3.6154E+03 4.8634E-03
 3.6342E+03 3.5424E-03 3.6529E+03 2.8374E-03 3.6717E+03 2.4384E-03
 3.6905E+03 2.2221E-03 3.7093E+03 2.1407E-03 3.7281E+03 2.1895E-03
 3.7468E+03 2.4104E-03 3.7656E+03 2.9368E-03 3.7750E+03 3.4197E-03
 3.7844E+03 4.1838E-03 3.7891E+03 4.7376E-03 3.7938E+03 5.4693E-03
 3.7985E+03 6.4620E-03 3.8031E+03 7.8529E-03 3.8078E+03 9.8842E-03
 3.8125E+03 1.3016E-02 3.8149E+03 1.5261E-02 3.8172E+03 1.8209E-02
 3.8196E+03 2.2196E-02 3.8219E+03 2.7767E-02 3.8243E+03 3.5891E-02
 3.8266E+03 4.8401E-02 3.8278E+03 5.7361E-02 3.8290E+03 6.9136E-02
 3.8301E+03 8.5039E-02 3.8313E+03 1.0726E-01 3.8325E+03 1.3964E-01
 3.8337E+03 1.8947E-01 3.8343E+03 2.2511E-01 3.8348E+03 2.7192E-01
 3.8354E+03 3.3507E-01 3.8360E+03 4.2314E-01 3.8363E+03 4.8084E-01
 3.8366E+03 5.5118E-01 3.8367E+03 5.9229E-01 3.8369E+03 6.3816E-01
 3.8370E+03 6.6312E-01 3.8370E+03 6.8957E-01 3.8371E+03 7.0339E-01
 3.8371E+03 7.1764E-01 3.8371E+03 7.3232E-01 3.8372E+03 7.4743E-01
 3.8372E+03 7.5518E-01 3.8372E+03 7.6305E-01 3.8372E+03 7.6703E-01
 3.8372E+03 7.7103E-01 3.8372E+03 7.7507E-01 3.8373E+03 7.7711E-01
 3.8373E+03 7.7914E-01 3.8373E+03 7.8118E-01 3.8373E+03 7.8325E-01
 3.8373E+03 7.8532E-01 3.8373E+03 7.8738E-01 3.8373E+03 7.8946E-01
 3.8373E+03 7.9155E-01 3.8373E+03 7.9364E-01 3.8373E+03 7.9575E-01
 3.8373E+03 7.9999E-01 3.8373E+03 8.0426E-01 3.8373E+03 8.0857E-01
 3.8373E+03 8.1289E-01 3.8373E+03 8.2168E-01 3.8374E+03 8.3061E-01
 3.8374E+03 8.3967E-01 3.8374E+03 8.4889E-01 3.8374E+03 8.6779E-01
 3.8375E+03 8.8732E-01 3.8375E+03 9.0753E-01 3.8376E+03 9.2841E-01
 3.8376E+03 9.5003E-01 3.8376E+03 9.7241E-01 3.8377E+03 1.0196E+00
 3.8378E+03 1.0703E+00 3.8378E+03 1.1249E+00 3.8379E+03 1.1837E+00
 3.8380E+03 1.2472E+00 3.8381E+03 1.3159E+00 3.8382E+03 1.4714E+00
 3.8384E+03 1.6562E+00 3.8385E+03 1.8775E+00 3.8386E+03 2.1459E+00
 3.8388E+03 2.4754E+00 3.8389E+03 2.8858E+00 3.8391E+03 3.4053E+00
 3.8392E+03 4.0750E+00 3.8394E+03 4.9574E+00 3.8395E+03 6.1487E+00
 3.8397E+03 7.8037E+00 3.8398E+03 1.0178E+01 3.8399E+03 1.1761E+01
 3.8400E+03 1.3708E+01 3.8400E+03 1.6122E+01 3.8401E+03 1.9138E+01
 3.8402E+03 2.2922E+01 3.8403E+03 2.7662E+01 3.8403E+03 3.3528E+01
 3.8404E+03 4.0568E+01 3.8406E+03 5.6341E+01 3.8407E+03 6.4728E+01
 3.8409E+03 5.1611E+01 3.8410E+03 4.1180E+01 3.8411E+03 3.2097E+01
 3.8412E+03 2.5008E+01 3.8413E+03 1.9691E+01 3.8414E+03 1.5737E+01
 3.8415E+03 1.2777E+01 3.8417E+03 8.8032E+00 3.8419E+03 6.3786E+00
 3.8420E+03 4.8122E+00 3.8422E+03 3.7499E+00 3.8426E+03 2.4514E+00
 3.8428E+03 2.0395E+00 3.8430E+03 1.7226E+00 3.8434E+03 1.2748E+00
 3.8438E+03 9.8078E-01 3.8445E+03 6.3151E-01 3.8449E+03 5.2297E-01
 3.8453E+03 4.4018E-01 3.8461E+03 3.2428E-01 3.8468E+03 2.4882E-01
 3.8484E+03 1.5987E-01 3.8491E+03 1.3238E-01 3.8499E+03 1.1146E-01
 3.8514E+03 8.2237E-02 3.8530E+03 6.3261E-02 3.8560E+03 4.0936E-02
 3.8576E+03 3.4047E-02 3.8591E+03 2.8809E-02 3.8622E+03 2.1501E-02
 3.8652E+03 1.6763E-02 3.8714E+03 1.1203E-02 3.8744E+03 9.4947E-03
 3.8775E+03 8.2001E-03 3.8836E+03 6.4070E-03 3.8898E+03 5.2618E-03
 3.9020E+03 3.9705E-03 3.9143E+03 3.3536E-03 3.9265E+03 3.0900E-03
 3.9388E+03 3.0657E-03 3.9511E+03 3.2591E-03 3.9633E+03 3.7221E-03
 3.9756E+03 4.6157E-03 3.9879E+03 6.3601E-03 3.9940E+03 7.8691E-03
 4.0001E+03 1.0206E-02 4.0032E+03 1.1882E-02 4.0062E+03 1.4088E-02
 4.0093E+03 1.7068E-02 4.0124E+03 2.1234E-02 4.0154E+03 2.7305E-02
 4.0185E+03 3.6653E-02 4.0200E+03 4.3345E-02 4.0216E+03 5.2139E-02
 4.0231E+03 6.4017E-02 4.0246E+03 8.0608E-02 4.0262E+03 1.0478E-01
 4.0277E+03 1.4197E-01 4.0285E+03 1.6858E-01 4.0292E+03 2.0353E-01
 4.0300E+03 2.5064E-01 4.0308E+03 3.1638E-01 4.0311E+03 3.5943E-01
 4.0315E+03 4.1193E-01 4.0317E+03 4.4261E-01 4.0319E+03 4.7686E-01
 4.0320E+03 4.9547E-01 4.0321E+03 5.0521E-01 4.0321E+03 5.1522E-01
 4.0322E+03 5.2554E-01 4.0322E+03 5.3082E-01 4.0322E+03 5.3617E-01
 4.0322E+03 5.4161E-01 4.0322E+03 5.4436E-01 4.0323E+03 5.4712E-01
 4.0323E+03 5.4991E-01 4.0323E+03 5.5132E-01 4.0323E+03 5.5272E-01
 4.0323E+03 5.5414E-01 4.0323E+03 5.5557E-01 4.0323E+03 5.5697E-01
 4.0323E+03 5.5770E-01 4.0323E+03 5.5841E-01 4.0323E+03 5.5913E-01
 4.0323E+03 5.5986E-01 4.0323E+03 5.6057E-01 4.0323E+03 5.6129E-01
 4.0323E+03 5.6274E-01 4.0323E+03 5.6418E-01 4.0323E+03 5.6564E-01
 4.0323E+03 5.6711E-01 4.0323E+03 5.6858E-01 4.0324E+03 5.7007E-01
 4.0324E+03 5.7303E-01 4.0324E+03 5.7603E-01 4.0324E+03 5.7903E-01
 4.0324E+03 5.8207E-01 4.0324E+03 5.8822E-01 4.0324E+03 5.9447E-01
 4.0325E+03 6.0082E-01 4.0325E+03 6.0728E-01 4.0325E+03 6.2047E-01
 4.0326E+03 6.3413E-01 4.0326E+03 6.4822E-01 4.0327E+03 6.6282E-01
 4.0328E+03 6.9347E-01 4.0329E+03 7.2632E-01 4.0330E+03 7.6153E-01
 4.0331E+03 7.9937E-01 4.0332E+03 8.4009E-01 4.0333E+03 8.8397E-01
 4.0334E+03 9.3139E-01 4.0334E+03 9.8270E-01 4.0336E+03 1.0988E+00
 4.0338E+03 1.2367E+00 4.0340E+03 1.4018E+00 4.0342E+03 1.6022E+00
 4.0344E+03 1.8482E+00 4.0346E+03 2.1546E+00 4.0348E+03 2.5424E+00
 4.0350E+03 3.0425E+00 4.0352E+03 3.7014E+00 4.0354E+03 4.5913E+00
 4.0356E+03 5.8278E+00 4.0358E+03 7.6022E+00 4.0359E+03 8.7857E+00
 4.0359E+03 1.0241E+01 4.0360E+03 1.2048E+01 4.0361E+03 1.4305E+01
 4.0362E+03 1.7139E+01 4.0363E+03 2.0692E+01 4.0364E+03 2.5093E+01
 4.0365E+03 3.0380E+01 4.0367E+03 4.2249E+01 4.0369E+03 4.8572E+01
 4.0373E+03 2.7833E+01 4.0375E+03 1.8147E+01 4.0376E+03 1.4800E+01
 4.0378E+03 1.2203E+01 4.0380E+03 8.5871E+00 4.0382E+03 6.3041E+00
 4.0384E+03 4.7970E+00 4.0386E+03 3.7600E+00 4.0390E+03 2.4758E+00
 4.0393E+03 2.0645E+00 4.0395E+03 1.7468E+00 4.0399E+03 1.2961E+00
 4.0403E+03 9.9887E-01 4.0412E+03 6.4454E-01 4.0416E+03 5.3414E-01
 4.0420E+03 4.4986E-01 4.0429E+03 3.3171E-01 4.0437E+03 2.5472E-01
 4.0454E+03 1.6389E-01 4.0463E+03 1.3582E-01 4.0472E+03 1.1443E-01
 4.0489E+03 8.4562E-02 4.0506E+03 6.5172E-02 4.0540E+03 4.2382E-02
 4.0557E+03 3.5359E-02 4.0574E+03 3.0028E-02 4.0608E+03 2.2613E-02
 4.0643E+03 1.7837E-02 4.0711E+03 1.2329E-02 4.0745E+03 1.0694E-02
 4.0779E+03 9.5029E-03 4.0848E+03 8.0112E-03 4.0916E+03 7.3309E-03
 4.0984E+03 7.2800E-03 4.1053E+03 7.8911E-03 4.1087E+03 8.5197E-03
 4.1121E+03 9.4522E-03 4.1155E+03 1.0811E-02 4.1190E+03 1.2802E-02
 4.1224E+03 1.5796E-02 4.1258E+03 2.0497E-02 4.1275E+03 2.3897E-02
 4.1292E+03 2.8386E-02 4.1309E+03 3.4472E-02 4.1326E+03 4.3003E-02
 4.1343E+03 5.5461E-02 4.1360E+03 7.4672E-02 4.1369E+03 8.8438E-02
 4.1378E+03 1.0654E-01 4.1386E+03 1.3098E-01 4.1395E+03 1.6514E-01
 4.1403E+03 2.1489E-01 4.1412E+03 2.9143E-01 4.1416E+03 3.4616E-01
 4.1420E+03 4.1797E-01 4.1425E+03 5.1478E-01 4.1429E+03 6.4964E-01
 4.1430E+03 6.9167E-01 4.1431E+03 7.3789E-01 4.1431E+03 7.6275E-01
 4.1432E+03 7.8889E-01 4.1433E+03 8.1639E-01 4.1433E+03 8.3070E-01
 4.1433E+03 8.4538E-01 4.1433E+03 8.6043E-01 4.1434E+03 8.6812E-01
 4.1434E+03 8.7591E-01 4.1434E+03 8.8380E-01 4.1434E+03 8.8779E-01
 4.1434E+03 8.9180E-01 4.1434E+03 8.9584E-01 4.1434E+03 8.9991E-01
 4.1434E+03 9.0401E-01 4.1434E+03 9.0813E-01 4.1434E+03 9.1228E-01
 4.1434E+03 9.1646E-01 4.1434E+03 9.2067E-01 4.1434E+03 9.2491E-01
 4.1435E+03 9.3347E-01 4.1435E+03 9.4214E-01 4.1435E+03 9.5096E-01
 4.1435E+03 9.5989E-01 4.1435E+03 9.6893E-01 4.1435E+03 9.7812E-01
 4.1435E+03 9.9688E-01 4.1436E+03 1.0162E+00 4.1436E+03 1.0361E+00
 4.1436E+03 1.0565E+00 4.1437E+03 1.0993E+00 4.1437E+03 1.1446E+00
 4.1438E+03 1.1929E+00 4.1438E+03 1.2443E+00 4.1439E+03 1.2990E+00
 4.1440E+03 1.3574E+00 4.1441E+03 1.4866E+00 4.1442E+03 1.6350E+00
 4.1443E+03 1.8066E+00 4.1444E+03 2.0064E+00 4.1445E+03 2.2409E+00
 4.1446E+03 2.5186E+00 4.1447E+03 2.8503E+00 4.1448E+03 3.2511E+00
 4.1449E+03 3.7407E+00 4.1450E+03 4.3470E+00 4.1451E+03 5.1091E+00
 4.1452E+03 6.0828E+00 4.1453E+03 7.3505E+00 4.1455E+03 9.0357E+00
 4.1455E+03 1.1327E+01 4.1457E+03 1.4518E+01 4.1458E+03 1.9063E+01
 4.1459E+03 2.5628E+01 4.1461E+03 4.7382E+01 4.1463E+03 6.6079E+01
 4.1465E+03 5.3586E+01 4.1465E+03 4.3342E+01 4.1466E+03 3.4192E+01
 4.1468E+03 2.1328E+01 4.1469E+03 1.7138E+01 4.1470E+03 1.3970E+01
 4.1471E+03 9.6780E+00 4.1473E+03 7.0361E+00 4.1475E+03 5.3200E+00
 4.1476E+03 4.1517E+00 4.1479E+03 2.7191E+00 4.1481E+03 2.2636E+00
 4.1483E+03 1.9128E+00 4.1486E+03 1.4164E+00 4.1489E+03 1.0904E+00
 4.1496E+03 7.0257E-01 4.1499E+03 5.8197E-01 4.1502E+03 4.8995E-01
 4.1509E+03 3.6109E-01 4.1515E+03 2.7718E-01 4.1529E+03 1.7822E-01
 4.1535E+03 1.4764E-01 4.1542E+03 1.2435E-01 4.1555E+03 9.1814E-02
 4.1568E+03 7.0678E-02 4.1594E+03 4.5792E-02 4.1608E+03 3.8107E-02
 4.1621E+03 3.2257E-02 4.1647E+03 2.4084E-02 4.1673E+03 1.8772E-02
 4.1726E+03 1.2509E-02 4.1752E+03 1.0570E-02 4.1778E+03 9.0924E-03
 4.1831E+03 7.0229E-03 4.1883E+03 5.6732E-03 4.1989E+03 4.0754E-03
 4.2094E+03 3.2024E-03 4.2199E+03 2.6768E-03 4.2304E+03 2.3413E-03
 4.2514E+03 1.9732E-03 4.2724E+03 1.8242E-03 4.2934E+03 1.8075E-03
 4.3074E+03 1.8689E-03 4.3074E+03 4.8484E-01 4.6500E+03 4.6136E-01
 7.0000E+03 3.7932E-01 1.0000E+04 3.1822E-01 1.5000E+04 2.5743E-01
 2.1500E+04 2.1128E-01 2.4500E+04 1.9654E-01 3.0000E+04 1.7600E-01
 4.6500E+04 1.4153E-01 7.0000E+04 1.2073E-01 1.0000E+05 6.7539E-02
 1.5000E+05 4.6380E-02 2.1500E+05 3.6939E-02 3.0000E+05 3.1880E-02
 4.6500E+05 2.8250E-02 7.0000E+05 2.8300E-02 1.0000E+06 3.2450E-02
 1.5000E+06 4.0061E-02 2.1500E+06 3.1161E-02 3.0000E+06 1.2410E-02
 4.6500E+06 1.9100E-03 7.0000E+06 6.8000E-04 1.0000E+07 1.3800E-03
 1.2000E+07 1.3200E-03 1.3000E+07 1.2200E-03 1.4000E+07 1.1100E-03
 1.5000E+07 1.0100E-03 1.6000E+07 9.2000E-04 1.7000E+07 8.3000E-04
 1.8000E+07 7.5000E-04 1.9000E+07 6.8000E-04 2.0000E+07 6.2000E-04
