 1.0000E-05 5.7345E+02 1.1938E-05 5.2484E+02 1.3877E-05 4.8681E+02
 1.5815E-05 4.5600E+02 1.7753E-05 4.3039E+02 2.1630E-05 3.8992E+02
 2.5507E-05 3.5906E+02 3.3260E-05 3.1444E+02 3.7137E-05 2.9758E+02
 4.1014E-05 2.8316E+02 4.8767E-05 2.5968E+02 5.6520E-05 2.4121E+02
 6.4273E-05 2.2619E+02 7.2027E-05 2.1368E+02 8.7534E-05 1.9383E+02
 1.0304E-04 1.7865E+02 1.1855E-04 1.6656E+02 1.3405E-04 1.5663E+02
 1.6507E-04 1.4115E+02 1.9608E-04 1.2951E+02 2.2709E-04 1.2034E+02
 2.5811E-04 1.1288E+02 3.2013E-04 1.0135E+02 3.8216E-04 9.2766E+01
 4.4419E-04 8.6046E+01 5.0622E-04 8.0602E+01 6.3027E-04 7.2237E+01
 7.5432E-04 6.6031E+01 8.7838E-04 6.1191E+01 1.0024E-03 5.7281E+01
 1.2505E-03 5.1285E+01 1.4986E-03 4.6849E+01 1.7467E-03 4.3396E+01
 1.9949E-03 4.0608E+01 2.4911E-03 3.6341E+01 2.9873E-03 3.3187E+01
 3.4835E-03 3.0734E+01 3.9797E-03 2.8755E+01 4.9722E-03 2.5728E+01
 5.9646E-03 2.3492E+01 6.9570E-03 2.1754E+01 7.9494E-03 2.0352E+01
 9.9343E-03 1.8209E+01 1.1919E-02 1.6627E+01 1.3904E-02 1.5397E+01
 1.5889E-02 1.4406E+01 1.9859E-02 1.2890E+01 2.3828E-02 1.1771E+01
 2.5300E-02 1.1425E+01 2.7798E-02 1.0902E+01 3.1768E-02 1.0202E+01
 3.9707E-02 9.1309E+00 4.7647E-02 8.3411E+00 5.5586E-02 7.7277E+00
 6.3525E-02 7.2335E+00 7.9404E-02 6.4787E+00 9.5283E-02 5.9223E+00
 1.1116E-01 5.4905E+00 1.2704E-01 5.1429E+00 1.5880E-01 4.6126E+00
 1.9056E-01 4.2223E+00 2.2231E-01 3.9200E+00 2.5407E-01 3.6771E+00
 3.1759E-01 3.3075E+00 3.8110E-01 3.0366E+00 4.4462E-01 2.8277E+00
 5.0813E-01 2.6606E+00 6.3517E-01 2.4084E+00 7.6220E-01 2.2258E+00
 8.8923E-01 2.0870E+00 1.0163E+00 1.9779E+00 1.2703E+00 1.8181E+00
 1.5244E+00 1.7087E+00 1.7784E+00 1.6319E+00 2.0325E+00 1.5781E+00
 2.5406E+00 1.5204E+00 3.0488E+00 1.5143E+00 3.5569E+00 1.5552E+00
 4.0650E+00 1.6498E+00 4.3191E+00 1.7225E+00 4.5731E+00 1.8173E+00
 4.8272E+00 1.9401E+00 5.0813E+00 2.0995E+00 5.3353E+00 2.3083E+00
 5.5894E+00 2.5862E+00 5.7164E+00 2.7601E+00 5.8434E+00 2.9642E+00
 5.9705E+00 3.2057E+00 6.0975E+00 3.4940E+00 6.2245E+00 3.8418E+00
 6.3516E+00 4.2662E+00 6.4786E+00 4.7916E+00 6.6056E+00 5.4524E+00
 6.6691E+00 5.8485E+00 6.7327E+00 6.2993E+00 6.7962E+00 6.8153E+00
 6.8597E+00 7.4098E+00 6.9232E+00 8.0994E+00 6.9867E+00 8.9057E+00
 7.0502E+00 9.8568E+00 7.1138E+00 1.0990E+01 7.1773E+00 1.2354E+01
 7.2408E+00 1.4017E+01 7.3043E+00 1.6074E+01 7.3678E+00 1.8660E+01
 7.3996E+00 2.0210E+01 7.4313E+00 2.1974E+01 7.4631E+00 2.3993E+01
 7.4948E+00 2.6319E+01 7.5266E+00 2.9017E+01 7.5584E+00 3.2172E+01
 7.5901E+00 3.5892E+01 7.6219E+00 4.0322E+01 7.6536E+00 4.5655E+01
 7.6854E+00 5.2153E+01 7.7172E+00 6.0183E+01 7.7489E+00 7.0267E+01
 7.7648E+00 7.6305E+01 7.7807E+00 8.3168E+01 7.7965E+00 9.1014E+01
 7.8124E+00 1.0004E+02 7.8283E+00 1.1049E+02 7.8442E+00 1.2269E+02
 7.8521E+00 1.2956E+02 7.8601E+00 1.3703E+02 7.8680E+00 1.4517E+02
 7.8759E+00 1.5406E+02 7.8839E+00 1.6380E+02 7.8918E+00 1.7449E+02
 7.8958E+00 1.8023E+02 7.8998E+00 1.8626E+02 7.9037E+00 1.9260E+02
 7.9077E+00 1.9926E+02 7.9117E+00 2.0628E+02 7.9156E+00 2.1368E+02
 7.9196E+00 2.2147E+02 7.9236E+00 2.2970E+02 7.9275E+00 2.3840E+02
 7.9315E+00 2.4760E+02 7.9355E+00 2.5733E+02 7.9394E+00 2.6765E+02
 7.9434E+00 2.7860E+02 7.9474E+00 2.9023E+02 7.9514E+00 3.0259E+02
 7.9553E+00 3.1576E+02 7.9593E+00 3.2979E+02 7.9633E+00 3.4476E+02
 7.9672E+00 3.6077E+02 7.9712E+00 3.7791E+02 7.9752E+00 3.9627E+02
 7.9792E+00 4.1598E+02 7.9831E+00 4.3718E+02 7.9871E+00 4.6000E+02
 7.9911E+00 4.8462E+02 7.9950E+00 5.1122E+02 7.9990E+00 5.4003E+02
 8.0030E+00 5.7126E+02 8.0069E+00 6.0522E+02 8.0109E+00 6.4219E+02
 8.0149E+00 6.8253E+02 8.0188E+00 7.2666E+02 8.0228E+00 7.7504E+02
 8.0268E+00 8.2819E+02 8.0308E+00 8.8674E+02 8.0347E+00 9.5138E+02
 8.0387E+00 1.0230E+03 8.0427E+00 1.1024E+03 8.0466E+00 1.1908E+03
 8.0506E+00 1.2894E+03 8.0546E+00 1.3997E+03 8.0586E+00 1.5234E+03
 8.0625E+00 1.6625E+03 8.0665E+00 1.8191E+03 8.0704E+00 1.9957E+03
 8.0744E+00 2.1953E+03 8.0784E+00 2.4207E+03 8.0824E+00 2.6751E+03
 8.0863E+00 2.9616E+03 8.0903E+00 3.2826E+03 8.0943E+00 3.6398E+03
 8.0982E+00 4.0323E+03 8.1022E+00 4.4566E+03 8.1062E+00 4.9038E+03
 8.1101E+00 5.3588E+03 8.1141E+00 5.7990E+03 8.1181E+00 6.1947E+03
 8.1221E+00 6.5117E+03 8.1260E+00 6.7174E+03 8.1300E+00 6.7878E+03
 8.1610E+00 4.0893E+03 8.1921E+00 1.8648E+03 8.2076E+00 1.3239E+03
 8.2232E+00 9.7716E+02 8.2387E+00 7.4603E+02 8.2542E+00 5.8597E+02
 8.2853E+00 3.8664E+02 8.3008E+00 3.2256E+02 8.3163E+00 2.7298E+02
 8.3474E+00 2.0254E+02 8.3784E+00 1.5604E+02 8.4405E+00 1.0057E+02
 8.4716E+00 8.3300E+01 8.5027E+00 7.0113E+01 8.5648E+00 5.1646E+01
 8.6269E+00 3.9629E+01 8.7511E+00 2.5479E+01 8.8132E+00 2.1114E+01
 8.8753E+00 1.7797E+01 8.9995E+00 1.3175E+01 9.1237E+00 1.0182E+01
 9.3722E+00 6.6795E+00 9.4964E+00 5.6046E+00 9.6206E+00 4.7900E+00
 9.8691E+00 3.6592E+00 1.0118E+01 2.9311E+00 1.0614E+01 2.0852E+00
 1.0863E+01 1.8281E+00 1.1111E+01 1.6346E+00 1.1608E+01 1.3693E+00
 1.2105E+01 1.2024E+00 1.3099E+01 1.0179E+00 1.4092E+01 9.3178E-01
 1.5086E+01 8.9381E-01 1.6080E+01 8.8365E-01 1.8067E+01 9.1488E-01
 2.0055E+01 9.9737E-01 2.2043E+01 1.1312E+00 2.4030E+01 1.3317E+00
 2.6018E+01 1.6321E+00 2.8005E+01 2.0985E+00 2.8999E+01 2.4323E+00
 2.9496E+01 2.6358E+00 2.9992E+01 2.8701E+00 3.0241E+01 3.0009E+00
 3.0489E+01 3.1420E+00 3.0614E+01 3.2167E+00 3.0676E+01 3.2552E+00
 3.0738E+01 3.2945E+00 3.0800E+01 3.3345E+00 3.0831E+01 3.3548E+00
 3.0862E+01 3.3754E+00 3.0893E+01 3.3961E+00 3.0924E+01 3.4171E+00
 3.0940E+01 3.4276E+00 3.0955E+01 3.4383E+00 3.0971E+01 3.4489E+00
 3.0986E+01 3.4596E+00 3.0994E+01 3.4650E+00 3.1002E+01 3.4704E+00
 3.1010E+01 3.4758E+00 3.1017E+01 3.4813E+00 3.1025E+01 3.4867E+00
 3.1033E+01 3.4921E+00 3.1041E+01 3.4976E+00 3.1048E+01 3.5031E+00
 3.1064E+01 3.5141E+00 3.1079E+01 3.5252E+00 3.1095E+01 3.5363E+00
 3.1111E+01 3.5475E+00 3.1141E+01 3.5700E+00 3.1173E+01 3.5927E+00
 3.1204E+01 3.6158E+00 3.1235E+01 3.6390E+00 3.1297E+01 3.6862E+00
 3.1359E+01 3.7345E+00 3.1421E+01 3.7838E+00 3.1483E+01 3.8342E+00
 3.1607E+01 3.9383E+00 3.1732E+01 4.0471E+00 3.1856E+01 4.1609E+00
 3.1980E+01 4.2800E+00 3.2228E+01 4.5354E+00 3.2477E+01 4.8165E+00
 3.2725E+01 5.1267E+00 3.2974E+01 5.4702E+00 3.3222E+01 5.8521E+00
 3.3471E+01 6.2783E+00 3.3719E+01 6.7559E+00 3.3967E+01 7.2936E+00
 3.4216E+01 7.9021E+00 3.4464E+01 8.5943E+00 3.4713E+01 9.3864E+00
 3.4961E+01 1.0299E+01 3.5210E+01 1.1358E+01 3.5458E+01 1.2595E+01
 3.5707E+01 1.4055E+01 3.5955E+01 1.5795E+01 3.6203E+01 1.7889E+01
 3.6452E+01 2.0444E+01 3.6700E+01 2.3605E+01 3.6949E+01 2.7580E+01
 3.7197E+01 3.2677E+01 3.7446E+01 3.9361E+01 3.7694E+01 4.8372E+01
 3.7943E+01 6.0930E+01 3.8191E+01 7.9177E+01 3.8439E+01 1.0715E+02
 3.8564E+01 1.2710E+02 3.8688E+01 1.5322E+02 3.8812E+01 1.8834E+02
 3.8936E+01 2.3708E+02 3.9061E+01 3.0749E+02 3.9185E+01 4.1444E+02
 3.9247E+01 4.8997E+02 3.9309E+01 5.8791E+02 3.9371E+01 7.1792E+02
 3.9433E+01 8.9527E+02 3.9495E+01 1.1452E+03 3.9557E+01 1.5112E+03
 3.9588E+01 1.7603E+03 3.9620E+01 2.0723E+03 3.9650E+01 2.4683E+03
 3.9682E+01 2.9778E+03 3.9713E+01 3.6412E+03 3.9744E+01 4.5130E+03
 3.9775E+01 5.6601E+03 3.9806E+01 7.1466E+03 3.9868E+01 1.0997E+04
 3.9930E+01 1.3391E+04 4.0034E+01 8.2620E+03 4.0138E+01 3.8480E+03
 4.0190E+01 2.7466E+03 4.0242E+01 2.0344E+03 4.0294E+01 1.5569E+03
 4.0346E+01 1.2249E+03 4.0450E+01 8.0992E+02 4.0502E+01 6.7613E+02
 4.0554E+01 5.7247E+02 4.0658E+01 4.2497E+02 4.0763E+01 3.2746E+02
 4.0971E+01 2.1099E+02 4.1075E+01 1.7466E+02 4.1179E+01 1.4692E+02
 4.1387E+01 1.0803E+02 4.1595E+01 8.2704E+01 4.2011E+01 5.2847E+01
 4.2219E+01 4.3628E+01 4.2428E+01 3.6616E+01 4.2844E+01 2.6837E+01
 4.3260E+01 2.0500E+01 4.4092E+01 1.3070E+01 4.4509E+01 1.0787E+01
 4.4925E+01 9.0558E+00 4.5757E+01 6.6507E+00 4.6590E+01 5.1014E+00
 4.8255E+01 3.3040E+00 4.9088E+01 2.7606E+00 4.9920E+01 2.3546E+00
 5.1585E+01 1.8089E+00 5.3250E+01 1.4856E+00 5.4915E+01 1.3041E+00
 5.6580E+01 1.2317E+00 5.8245E+01 1.2702E+00 5.9910E+01 1.4678E+00
 6.0743E+01 1.6693E+00 6.1575E+01 1.9954E+00 6.2408E+01 2.5456E+00
 6.3240E+01 3.5569E+00 6.3656E+01 4.4103E+00 6.4073E+01 5.7157E+00
 6.4281E+01 6.6456E+00 6.4489E+01 7.8632E+00 6.4697E+01 9.5022E+00
 6.4905E+01 1.1784E+01 6.5009E+01 1.3278E+01 6.5113E+01 1.5100E+01
 6.5165E+01 1.6164E+01 6.5191E+01 1.6742E+01 6.5217E+01 1.7353E+01
 6.5230E+01 1.7672E+01 6.5243E+01 1.8000E+01 6.5256E+01 1.8338E+01
 6.5269E+01 1.8686E+01 6.5282E+01 1.9044E+01 6.5295E+01 1.9414E+01
 6.5308E+01 1.9795E+01 6.5321E+01 2.0187E+01 6.5334E+01 2.0592E+01
 6.5347E+01 2.1010E+01 6.5360E+01 2.1442E+01 6.5373E+01 2.1887E+01
 6.5399E+01 2.2822E+01 6.5425E+01 2.3822E+01 6.5451E+01 2.4891E+01
 6.5477E+01 2.6037E+01 6.5503E+01 2.7267E+01 6.5529E+01 2.8589E+01
 6.5581E+01 3.1552E+01 6.5633E+01 3.5018E+01 6.5686E+01 3.9107E+01
 6.5738E+01 4.3980E+01 6.5789E+01 4.9849E+01 6.5842E+01 5.7007E+01
 6.5894E+01 6.5860E+01 6.5946E+01 7.6988E+01 6.5998E+01 9.1240E+01
 6.6050E+01 1.0990E+02 6.6102E+01 1.3500E+02 6.6154E+01 1.6983E+02
 6.6180E+01 1.9254E+02 6.6206E+01 2.2013E+02 6.6232E+01 2.5409E+02
 6.6258E+01 2.9650E+02 6.6284E+01 3.5040E+02 6.6310E+01 4.2024E+02
 6.6336E+01 5.1286E+02 6.6362E+01 6.3901E+02 6.6388E+01 8.1641E+02
 6.6414E+01 1.0754E+03 6.6427E+01 1.2511E+03 6.6440E+01 1.4706E+03
 6.6453E+01 1.7481E+03 6.6466E+01 2.1034E+03 6.6479E+01 2.5632E+03
 6.6492E+01 3.1625E+03 6.6505E+01 3.9429E+03 6.6518E+01 4.9406E+03
 6.6544E+01 7.4568E+03 6.6570E+01 8.9803E+03 6.6619E+01 5.1529E+03
 6.6644E+01 3.3624E+03 6.6657E+01 2.7429E+03 6.6669E+01 2.2621E+03
 6.6694E+01 1.5923E+03 6.6719E+01 1.1693E+03 6.6743E+01 8.8998E+02
 6.6768E+01 6.9777E+02 6.6818E+01 4.5972E+02 6.6842E+01 3.8350E+02
 6.6867E+01 3.2462E+02 6.6917E+01 2.4108E+02 6.6966E+01 1.8601E+02
 6.7065E+01 1.2038E+02 6.7115E+01 9.9941E+01 6.7164E+01 8.4343E+01
 6.7263E+01 6.2498E+01 6.7363E+01 4.8284E+01 6.7561E+01 3.1559E+01
 6.7660E+01 2.6410E+01 6.7759E+01 2.2505E+01 6.7957E+01 1.7094E+01
 6.8155E+01 1.3636E+01 6.8551E+01 9.7307E+00 6.8749E+01 8.6212E+00
 6.8948E+01 7.8533E+00 6.9344E+01 7.0324E+00 6.9740E+01 6.9200E+00
 7.0136E+01 7.4486E+00 7.0532E+01 8.7688E+00 7.0731E+01 9.8544E+00
 7.0929E+01 1.1358E+01 7.1127E+01 1.3462E+01 7.1325E+01 1.6467E+01
 7.1424E+01 1.8461E+01 7.1523E+01 2.0911E+01 7.1573E+01 2.2349E+01
 7.1597E+01 2.3131E+01 7.1622E+01 2.3959E+01 7.1647E+01 2.4837E+01
 7.1659E+01 2.5295E+01 7.1672E+01 2.5768E+01 7.1684E+01 2.6255E+01
 7.1697E+01 2.6758E+01 7.1709E+01 2.7276E+01 7.1721E+01 2.7811E+01
 7.1734E+01 2.8362E+01 7.1746E+01 2.8932E+01 7.1758E+01 2.9520E+01
 7.1771E+01 3.0127E+01 7.1796E+01 3.1404E+01 7.1820E+01 3.2769E+01
 7.1845E+01 3.4230E+01 7.1870E+01 3.5797E+01 7.1895E+01 3.7481E+01
 7.1919E+01 3.9292E+01 7.1969E+01 4.3353E+01 7.2018E+01 4.8107E+01
 7.2068E+01 5.3720E+01 7.2117E+01 6.0412E+01 7.2167E+01 6.8476E+01
 7.2217E+01 7.8312E+01 7.2266E+01 9.0475E+01 7.2316E+01 1.0576E+02
 7.2365E+01 1.2532E+02 7.2415E+01 1.5091E+02 7.2464E+01 1.8525E+02
 7.2514E+01 2.3281E+02 7.2539E+01 2.6374E+02 7.2563E+01 3.0124E+02
 7.2588E+01 3.4727E+02 7.2613E+01 4.0456E+02 7.2638E+01 4.7706E+02
 7.2662E+01 5.7049E+02 7.2687E+01 6.9349E+02 7.2712E+01 8.5943E+02
 7.2737E+01 1.0897E+03 7.2761E+01 1.4194E+03 7.2786E+01 1.9084E+03
 7.2811E+01 2.6581E+03 7.2823E+01 3.1784E+03 7.2836E+01 3.8281E+03
 7.2848E+01 4.6288E+03 7.2860E+01 5.5845E+03 7.2885E+01 7.7062E+03
 7.2910E+01 8.8222E+03 7.2954E+01 6.0690E+03 7.2997E+01 3.1353E+03
 7.3019E+01 2.3011E+03 7.3041E+01 1.7365E+03 7.3063E+01 1.3461E+03
 7.3085E+01 1.0689E+03 7.3129E+01 7.1539E+02 7.3151E+01 5.9973E+02
 7.3173E+01 5.0952E+02 7.3216E+01 3.8027E+02 7.3260E+01 2.9422E+02
 7.3347E+01 1.9075E+02 7.3391E+01 1.5832E+02 7.3435E+01 1.3350E+02
 7.3523E+01 9.8612E+01 7.3610E+01 7.5821E+01 7.3785E+01 4.8865E+01
 7.3872E+01 4.0514E+01 7.3960E+01 3.4150E+01 7.4135E+01 2.5250E+01
 7.4310E+01 1.9461E+01 7.4660E+01 1.2632E+01 7.4835E+01 1.0519E+01
 7.5010E+01 8.9089E+00 7.5360E+01 6.6542E+00 7.5710E+01 5.1839E+00
 7.6410E+01 3.4417E+00 7.6760E+01 2.8992E+00 7.7110E+01 2.4839E+00
 7.7810E+01 1.8990E+00 7.8510E+01 1.5145E+00 7.9910E+01 1.0551E+00
 8.0610E+01 9.1162E-01 8.1310E+01 8.0223E-01 8.2710E+01 6.5135E-01
 8.4110E+01 5.5956E-01 8.5510E+01 5.0835E-01 8.6910E+01 4.9214E-01
 8.8310E+01 5.1694E-01 8.9710E+01 6.0903E-01 9.0410E+01 7.0200E-01
 9.1110E+01 8.5436E-01 9.1460E+01 9.6672E-01 9.1810E+01 1.1165E+00
 9.2160E+01 1.3211E+00 9.2510E+01 1.6093E+00 9.2860E+01 2.0319E+00
 9.3210E+01 2.6853E+00 9.3385E+01 3.1541E+00 9.3560E+01 3.7708E+00
 9.3735E+01 4.6046E+00 9.3910E+01 5.7701E+00 9.4085E+01 7.4694E+00
 9.4260E+01 1.0085E+01 9.4347E+01 1.1957E+01 9.4435E+01 1.4416E+01
 9.4523E+01 1.7735E+01 9.4610E+01 2.2367E+01 9.4698E+01 2.9105E+01
 9.4741E+01 3.3687E+01 9.4763E+01 3.6396E+01 9.4785E+01 3.9448E+01
 9.4796E+01 4.1120E+01 9.4807E+01 4.2901E+01 9.4818E+01 4.4800E+01
 9.4829E+01 4.6829E+01 9.4840E+01 4.8998E+01 9.4851E+01 5.1323E+01
 9.4862E+01 5.3817E+01 9.4872E+01 5.6497E+01 9.4883E+01 5.9382E+01
 9.4894E+01 6.2495E+01 9.4905E+01 6.5858E+01 9.4916E+01 6.9499E+01
 9.4938E+01 7.7749E+01 9.4960E+01 8.7555E+01 9.4982E+01 9.9331E+01
 9.5004E+01 1.1364E+02 9.5026E+01 1.3125E+02 9.5048E+01 1.5325E+02
 9.5069E+01 1.8122E+02 9.5091E+01 2.1746E+02 9.5113E+01 2.6555E+02
 9.5135E+01 3.3107E+02 9.5146E+01 3.7304E+02 9.5157E+01 4.2325E+02
 9.5168E+01 4.8390E+02 9.5179E+01 5.5795E+02 9.5190E+01 6.4938E+02
 9.5201E+01 7.6365E+02 9.5212E+01 9.0829E+02 9.5222E+01 1.0937E+03
 9.5233E+01 1.3339E+03 9.5244E+01 1.6475E+03 9.5255E+01 2.0569E+03
 9.5266E+01 2.5817E+03 9.5288E+01 3.9130E+03 9.5310E+01 4.7249E+03
 9.5345E+01 3.0629E+03 9.5381E+01 1.4904E+03 9.5398E+01 1.0761E+03
 9.5416E+01 8.0316E+02 9.5434E+01 6.1794E+02 9.5451E+01 4.8807E+02
 9.5487E+01 3.2443E+02 9.5504E+01 2.7136E+02 9.5522E+01 2.3014E+02
 9.5557E+01 1.7130E+02 9.5593E+01 1.3229E+02 9.5664E+01 8.5554E+01
 9.5699E+01 7.0943E+01 9.5734E+01 5.9770E+01 9.5805E+01 4.4086E+01
 9.5876E+01 3.3851E+01 9.6017E+01 2.1761E+01 9.6088E+01 1.8018E+01
 9.6158E+01 1.5169E+01 9.6300E+01 1.1186E+01 9.6441E+01 8.5978E+00
 9.6724E+01 5.5511E+00 9.6865E+01 4.6104E+00 9.7007E+01 3.8947E+00
 9.7289E+01 2.8952E+00 9.7572E+01 2.2459E+00 9.8138E+01 1.4812E+00
 9.8421E+01 1.2448E+00 9.8703E+01 1.0646E+00 9.9269E+01 8.1225E-01
 9.9834E+01 6.4751E-01 1.0097E+02 4.5163E-01 1.0153E+02 3.9026E-01
 1.0210E+02 3.4304E-01 1.0323E+02 2.7585E-01 1.0436E+02 2.3089E-01
 1.0662E+02 1.7532E-01 1.0888E+02 1.4265E-01 1.1114E+02 1.2124E-01
 1.1341E+02 1.0615E-01 1.1793E+02 8.6344E-02 1.2246E+02 7.4124E-02
 1.2698E+02 6.6171E-02 1.3151E+02 6.1053E-02 1.4055E+02 5.7367E-02
 1.4960E+02 6.5016E-02 1.5186E+02 7.0709E-02 1.5413E+02 7.9800E-02
 1.5639E+02 9.5064E-02 1.5865E+02 1.2313E-01 1.5978E+02 1.4687E-01
 1.6091E+02 1.8329E-01 1.6148E+02 2.0929E-01 1.6205E+02 2.4340E-01
 1.6261E+02 2.8938E-01 1.6318E+02 3.5354E-01 1.6374E+02 4.4692E-01
 1.6431E+02 5.9052E-01 1.6459E+02 6.9327E-01 1.6487E+02 8.2825E-01
 1.6515E+02 1.0105E+00 1.6544E+02 1.2651E+00 1.6572E+02 1.6362E+00
 1.6600E+02 2.2074E+00 1.6615E+02 2.6163E+00 1.6629E+02 3.1536E+00
 1.6643E+02 3.8792E+00 1.6657E+02 4.8928E+00 1.6671E+02 6.3695E+00
 1.6685E+02 8.6409E+00 1.6692E+02 1.0266E+01 1.6699E+02 1.2399E+01
 1.6706E+02 1.5276E+01 1.6713E+02 1.9287E+01 1.6715E+02 2.0538E+01
 1.6717E+02 2.1914E+01 1.6719E+02 2.3433E+01 1.6720E+02 2.5116E+01
 1.6721E+02 2.6026E+01 1.6722E+02 2.6987E+01 1.6723E+02 2.8002E+01
 1.6724E+02 2.9075E+01 1.6725E+02 3.0210E+01 1.6726E+02 3.1414E+01
 1.6727E+02 3.2690E+01 1.6728E+02 3.4046E+01 1.6728E+02 3.5488E+01
 1.6729E+02 3.7023E+01 1.6730E+02 3.8660E+01 1.6731E+02 4.0407E+01
 1.6733E+02 4.4275E+01 1.6735E+02 4.8724E+01 1.6736E+02 5.3874E+01
 1.6738E+02 5.9881E+01 1.6740E+02 6.6943E+01 1.6742E+02 7.5320E+01
 1.6744E+02 8.5358E+01 1.6745E+02 9.7517E+01 1.6747E+02 1.1243E+02
 1.6749E+02 1.3098E+02 1.6751E+02 1.5444E+02 1.6752E+02 1.8462E+02
 1.6754E+02 2.2429E+02 1.6756E+02 2.7768E+02 1.6758E+02 3.5153E+02
 1.6759E+02 4.5685E+02 1.6760E+02 5.2664E+02 1.6761E+02 6.1202E+02
 1.6762E+02 7.1722E+02 1.6763E+02 8.4758E+02 1.6764E+02 1.0095E+03
 1.6765E+02 1.2098E+03 1.6766E+02 1.4539E+03 1.6766E+02 1.7414E+03
 1.6768E+02 2.3649E+03 1.6770E+02 2.6853E+03 1.6774E+02 1.4577E+03
 1.6777E+02 9.2761E+02 1.6778E+02 7.5027E+02 1.6779E+02 6.1467E+02
 1.6781E+02 4.2872E+02 1.6783E+02 3.1299E+02 1.6785E+02 2.3729E+02
 1.6788E+02 1.8552E+02 1.6792E+02 1.2176E+02 1.6794E+02 1.0143E+02
 1.6796E+02 8.5748E+01 1.6801E+02 6.3542E+01 1.6805E+02 4.8926E+01
 1.6814E+02 3.1529E+01 1.6818E+02 2.6116E+01 1.6823E+02 2.1984E+01
 1.6832E+02 1.6196E+01 1.6840E+02 1.2426E+01 1.6858E+02 7.9802E+00
 1.6867E+02 6.6058E+00 1.6876E+02 5.5596E+00 1.6893E+02 4.0985E+00
 1.6911E+02 3.1496E+00 1.6946E+02 2.0333E+00 1.6964E+02 1.6890E+00
 1.6981E+02 1.4271E+00 1.7017E+02 1.0618E+00 1.7052E+02 8.2490E-01
 1.7122E+02 5.4682E-01 1.7158E+02 4.6126E-01 1.7193E+02 3.9633E-01
 1.7263E+02 3.0607E-01 1.7334E+02 2.4793E-01 1.7475E+02 1.8067E-01
 1.7616E+02 1.4550E-01 1.7757E+02 1.2566E-01 1.7898E+02 1.1420E-01
 1.8179E+02 1.0491E-01 1.8461E+02 1.0615E-01 1.8743E+02 1.1494E-01
 1.9025E+02 1.3154E-01 1.9307E+02 1.5860E-01 1.9589E+02 2.0232E-01
 1.9730E+02 2.3417E-01 1.9871E+02 2.7630E-01 2.0012E+02 3.3345E-01
 2.0152E+02 4.1349E-01 2.0293E+02 5.3028E-01 2.0434E+02 7.1016E-01
 2.0505E+02 8.3894E-01 2.0575E+02 1.0082E+00 2.0646E+02 1.2367E+00
 2.0716E+02 1.5559E+00 2.0752E+02 1.7652E+00 2.0787E+02 2.0209E+00
 2.0804E+02 2.1705E+00 2.0822E+02 2.3377E+00 2.0840E+02 2.5252E+00
 2.0848E+02 2.6277E+00 2.0857E+02 2.7366E+00 2.0862E+02 2.7936E+00
 2.0866E+02 2.8525E+00 2.0868E+02 2.8826E+00 2.0870E+02 2.9133E+00
 2.0873E+02 2.9444E+00 2.0875E+02 2.9760E+00 2.0876E+02 2.9920E+00
 2.0877E+02 3.0082E+00 2.0878E+02 3.0245E+00 2.0879E+02 3.0409E+00
 2.0880E+02 3.0574E+00 2.0881E+02 3.0741E+00 2.0882E+02 3.0909E+00
 2.0884E+02 3.1079E+00 2.0885E+02 3.1250E+00 2.0886E+02 3.1422E+00
 2.0887E+02 3.1596E+00 2.0888E+02 3.1771E+00 2.0890E+02 3.2126E+00
 2.0892E+02 3.2488E+00 2.0897E+02 3.3229E+00 2.0901E+02 3.3996E+00
 2.0906E+02 3.4790E+00 2.0910E+02 3.5612E+00 2.0919E+02 3.7348E+00
 2.0928E+02 3.9216E+00 2.0936E+02 4.1228E+00 2.0945E+02 4.3401E+00
 2.0954E+02 4.5751E+00 2.0963E+02 4.8300E+00 2.0981E+02 5.4084E+00
 2.0998E+02 6.0983E+00 2.1016E+02 6.9299E+00 2.1033E+02 7.9450E+00
 2.1051E+02 9.2019E+00 2.1069E+02 1.0784E+01 2.1086E+02 1.2813E+01
 2.1104E+02 1.5475E+01 2.1121E+02 1.9063E+01 2.1139E+02 2.4060E+01
 2.1148E+02 2.7329E+01 2.1157E+02 3.1311E+01 2.1165E+02 3.6227E+01
 2.1174E+02 4.2394E+01 2.1183E+02 5.0270E+01 2.1192E+02 6.0546E+01
 2.1201E+02 7.4293E+01 2.1210E+02 9.3242E+01 2.1218E+02 1.2034E+02
 2.1227E+02 1.6086E+02 2.1232E+02 1.8903E+02 2.1236E+02 2.2501E+02
 2.1240E+02 2.7184E+02 2.1245E+02 3.3404E+02 2.1249E+02 4.1857E+02
 2.1254E+02 5.3617E+02 2.1258E+02 7.0342E+02 2.1262E+02 9.4451E+02
 2.1271E+02 1.7395E+03 2.1280E+02 2.4174E+03 2.1291E+02 1.4843E+03
 2.1302E+02 6.8799E+02 2.1308E+02 4.9057E+02 2.1314E+02 3.6318E+02
 2.1319E+02 2.7789E+02 2.1325E+02 2.1864E+02 2.1336E+02 1.4462E+02
 2.1341E+02 1.2076E+02 2.1347E+02 1.0228E+02 2.1358E+02 7.5988E+01
 2.1369E+02 5.8601E+01 2.1392E+02 3.7825E+01 2.1403E+02 3.1342E+01
 2.1414E+02 2.6388E+01 2.1436E+02 1.9440E+01 2.1459E+02 1.4910E+01
 2.1503E+02 9.5624E+00 2.1526E+02 7.9084E+00 2.1548E+02 6.6493E+00
 2.1593E+02 4.8903E+00 2.1638E+02 3.7478E+00 2.1727E+02 2.4040E+00
 2.1772E+02 1.9895E+00 2.1816E+02 1.6743E+00 2.1906E+02 1.2346E+00
 2.1995E+02 9.4957E-01 2.2174E+02 6.1501E-01 2.2263E+02 5.1207E-01
 2.2352E+02 4.3394E-01 2.2531E+02 3.2533E-01 2.2710E+02 2.5535E-01
 2.3068E+02 1.7440E-01 2.3246E+02 1.5016E-01 2.3425E+02 1.3228E-01
 2.3782E+02 1.0910E-01 2.4140E+02 9.6880E-02 2.4498E+02 9.2368E-02
 2.4855E+02 9.4832E-02 2.5213E+02 1.0586E-01 2.5570E+02 1.3115E-01
 2.5749E+02 1.5364E-01 2.5927E+02 1.8838E-01 2.6017E+02 2.1314E-01
 2.6106E+02 2.4547E-01 2.6196E+02 2.8882E-01 2.6285E+02 3.4886E-01
 2.6374E+02 4.3562E-01 2.6464E+02 5.6805E-01 2.6508E+02 6.6231E-01
 2.6553E+02 7.8573E-01 2.6598E+02 9.5189E-01 2.6642E+02 1.1833E+00
 2.6687E+02 1.5197E+00 2.6732E+02 2.0365E+00 2.6754E+02 2.4059E+00
 2.6777E+02 2.8910E+00 2.6799E+02 3.5456E+00 2.6821E+02 4.4595E+00
 2.6832E+02 5.0588E+00 2.6844E+02 5.7903E+00 2.6846E+02 5.9984E+00
 2.6849E+02 6.2182E+00 2.6852E+02 6.4504E+00 2.6855E+02 6.6961E+00
 2.6856E+02 6.8244E+00 2.6858E+02 6.9564E+00 2.6858E+02 7.0238E+00
 2.6859E+02 7.0923E+00 2.6860E+02 7.1618E+00 2.6860E+02 7.2323E+00
 2.6861E+02 7.3039E+00 2.6862E+02 7.3765E+00 2.6862E+02 7.4503E+00
 2.6863E+02 7.5252E+00 2.6865E+02 7.6785E+00 2.6866E+02 7.8365E+00
 2.6867E+02 7.9995E+00 2.6869E+02 8.1678E+00 2.6870E+02 8.3414E+00
 2.6872E+02 8.5208E+00 2.6874E+02 8.8974E+00 2.6877E+02 9.2998E+00
 2.6880E+02 9.7305E+00 2.6883E+02 1.0192E+01 2.6885E+02 1.0688E+01
 2.6888E+02 1.1221E+01 2.6894E+02 1.2415E+01 2.6900E+02 1.3811E+01
 2.6905E+02 1.5460E+01 2.6911E+02 1.7423E+01 2.6916E+02 1.9788E+01
 2.6922E+02 2.2672E+01 2.6927E+02 2.6236E+01 2.6933E+02 3.0712E+01
 2.6939E+02 3.6439E+01 2.6944E+02 4.3927E+01 2.6950E+02 5.3974E+01
 2.6955E+02 6.7877E+01 2.6958E+02 7.6916E+01 2.6961E+02 8.7868E+01
 2.6964E+02 1.0130E+02 2.6967E+02 1.1802E+02 2.6969E+02 1.3914E+02
 2.6972E+02 1.6634E+02 2.6975E+02 2.0210E+02 2.6978E+02 2.5024E+02
 2.6980E+02 3.1686E+02 2.6983E+02 4.1192E+02 2.6986E+02 5.5211E+02
 2.6989E+02 7.6523E+02 2.6994E+02 1.5770E+03 2.7000E+02 2.4398E+03
 2.7006E+02 1.4183E+03 2.7010E+02 9.3110E+02 2.7011E+02 7.6115E+02
 2.7013E+02 6.2874E+02 2.7016E+02 4.4356E+02 2.7019E+02 3.2616E+02
 2.7022E+02 2.4846E+02 2.7026E+02 1.9489E+02 2.7032E+02 1.2845E+02
 2.7035E+02 1.0715E+02 2.7038E+02 9.0686E+01 2.7045E+02 6.7314E+01
 2.7051E+02 5.1895E+01 2.7064E+02 3.3506E+01 2.7070E+02 2.7776E+01
 2.7077E+02 2.3399E+01 2.7090E+02 1.7266E+01 2.7102E+02 1.3269E+01
 2.7128E+02 8.5546E+00 2.7141E+02 7.0973E+00 2.7154E+02 5.9883E+00
 2.7179E+02 4.4402E+00 2.7205E+02 3.4363E+00 2.7256E+02 2.2590E+00
 2.7282E+02 1.8977E+00 2.7308E+02 1.6244E+00 2.7359E+02 1.2470E+00
 2.7410E+02 1.0075E+00 2.7513E+02 7.4179E-01 2.7564E+02 6.6919E-01
 2.7615E+02 6.2140E-01 2.7717E+02 5.7929E-01 2.7820E+02 5.9316E-01
 2.7923E+02 6.6205E-01 2.8025E+02 8.0375E-01 2.8076E+02 9.1509E-01
 2.8127E+02 1.0669E+00 2.8179E+02 1.2771E+00 2.8230E+02 1.5755E+00
 2.8281E+02 2.0151E+00 2.8333E+02 2.6965E+00 2.8358E+02 3.1859E+00
 2.8384E+02 3.8300E+00 2.8397E+02 4.2311E+00 2.8403E+02 4.4564E+00
 2.8409E+02 4.7008E+00 2.8416E+02 4.9664E+00 2.8419E+02 5.1080E+00
 2.8422E+02 5.2558E+00 2.8424E+02 5.3322E+00 2.8425E+02 5.4103E+00
 2.8427E+02 5.4901E+00 2.8429E+02 5.5718E+00 2.8430E+02 5.6554E+00
 2.8432E+02 5.7409E+00 2.8433E+02 5.8284E+00 2.8435E+02 5.9179E+00
 2.8437E+02 6.0095E+00 2.8438E+02 6.1034E+00 2.8440E+02 6.1995E+00
 2.8441E+02 6.2979E+00 2.8445E+02 6.5020E+00 2.8448E+02 6.7164E+00
 2.8451E+02 6.9417E+00 2.8454E+02 7.1788E+00 2.8457E+02 7.4284E+00
 2.8461E+02 7.6914E+00 2.8467E+02 8.2618E+00 2.8473E+02 8.8989E+00
 2.8480E+02 9.6135E+00 2.8486E+02 1.0419E+01 2.8493E+02 1.1331E+01
 2.8499E+02 1.2369E+01 2.8506E+02 1.3557E+01 2.8512E+02 1.4927E+01
 2.8518E+02 1.6516E+01 2.8525E+02 1.8374E+01 2.8531E+02 2.0566E+01
 2.8538E+02 2.3175E+01 2.8544E+02 2.6314E+01 2.8550E+02 3.0136E+01
 2.8557E+02 3.4855E+01 2.8563E+02 4.0770E+01 2.8569E+02 4.8321E+01
 2.8576E+02 5.8164E+01 2.8582E+02 7.1316E+01 2.8589E+02 8.9419E+01
 2.8595E+02 1.1524E+02 2.8602E+02 1.5375E+02 2.8605E+02 1.8042E+02
 2.8608E+02 2.1439E+02 2.8611E+02 2.5841E+02 2.8614E+02 3.1658E+02
 2.8618E+02 3.9507E+02 2.8621E+02 5.0321E+02 2.8624E+02 6.5492E+02
 2.8627E+02 8.6939E+02 2.8634E+02 1.5433E+03 2.8640E+02 2.0809E+03
 2.8647E+02 1.4700E+03 2.8654E+02 7.8169E+02 2.8658E+02 5.7853E+02
 2.8661E+02 4.3907E+02 2.8665E+02 3.4171E+02 2.8668E+02 2.7210E+02
 2.8675E+02 1.8275E+02 2.8678E+02 1.5337E+02 2.8682E+02 1.3041E+02
 2.8689E+02 9.7440E+01 2.8696E+02 7.5436E+01 2.8710E+02 4.8928E+01
 2.8717E+02 4.0608E+01 2.8724E+02 3.4234E+01 2.8738E+02 2.5272E+01
 2.8752E+02 1.9413E+01 2.8780E+02 1.2481E+01 2.8794E+02 1.0333E+01
 2.8808E+02 8.6960E+00 2.8836E+02 6.4072E+00 2.8864E+02 4.9189E+00
 2.8920E+02 3.1658E+00 2.8948E+02 2.6241E+00 2.8976E+02 2.2118E+00
 2.9032E+02 1.6357E+00 2.9088E+02 1.2613E+00 2.9199E+02 8.2010E-01
 2.9255E+02 6.8359E-01 2.9311E+02 5.7957E-01 2.9423E+02 4.3394E-01
 2.9535E+02 3.3899E-01 2.9759E+02 2.2653E-01 2.9871E+02 1.9154E-01
 2.9983E+02 1.6480E-01 3.0206E+02 1.2722E-01 3.0430E+02 1.0263E-01
 3.0877E+02 7.3585E-02 3.1101E+02 6.4690E-02 3.1325E+02 5.8042E-02
 3.1773E+02 4.9278E-02 3.2220E+02 4.4577E-02 3.2667E+02 4.2857E-02
 3.3115E+02 4.3969E-02 3.3563E+02 4.8717E-02 3.4010E+02 5.9743E-02
 3.4234E+02 6.9689E-02 3.4458E+02 8.5243E-02 3.4569E+02 9.6428E-02
 3.4681E+02 1.1113E-01 3.4793E+02 1.3097E-01 3.4905E+02 1.5864E-01
 3.5017E+02 1.9886E-01 3.5129E+02 2.6063E-01 3.5185E+02 3.0478E-01
 3.5241E+02 3.6273E-01 3.5297E+02 4.4093E-01 3.5352E+02 5.5008E-01
 3.5408E+02 7.0907E-01 3.5464E+02 9.5369E-01 3.5492E+02 1.1288E+00
 3.5520E+02 1.3588E+00 3.5548E+02 1.6695E+00 3.5576E+02 2.1035E+00
 3.5604E+02 2.7360E+00 3.5632E+02 3.7092E+00 3.5646E+02 4.4057E+00
 3.5660E+02 5.3206E+00 3.5667E+02 5.8895E+00 3.5674E+02 6.5554E+00
 3.5678E+02 6.9317E+00 3.5679E+02 7.1322E+00 3.5681E+02 7.3416E+00
 3.5683E+02 7.5603E+00 3.5684E+02 7.6734E+00 3.5685E+02 7.7890E+00
 3.5685E+02 7.9073E+00 3.5686E+02 8.0283E+00 3.5687E+02 8.1521E+00
 3.5688E+02 8.2788E+00 3.5689E+02 8.4084E+00 3.5690E+02 8.5412E+00
 3.5691E+02 8.6771E+00 3.5692E+02 8.8163E+00 3.5693E+02 9.1051E+00
 3.5695E+02 9.4082E+00 3.5697E+02 9.7268E+00 3.5699E+02 1.0062E+01
 3.5700E+02 1.0415E+01 3.5702E+02 1.0786E+01 3.5706E+02 1.1592E+01
 3.5709E+02 1.2491E+01 3.5713E+02 1.3500E+01 3.5716E+02 1.4636E+01
 3.5720E+02 1.5921E+01 3.5723E+02 1.7384E+01 3.5727E+02 1.9057E+01
 3.5730E+02 2.0984E+01 3.5734E+02 2.3218E+01 3.5737E+02 2.5827E+01
 3.5741E+02 2.8901E+01 3.5744E+02 3.2554E+01 3.5748E+02 3.6944E+01
 3.5751E+02 4.2277E+01 3.5755E+02 4.8845E+01 3.5758E+02 5.7054E+01
 3.5761E+02 6.7493E+01 3.5765E+02 8.1032E+01 3.5768E+02 9.9006E+01
 3.5772E+02 1.2353E+02 3.5775E+02 1.5808E+02 3.5779E+02 2.0867E+02
 3.5781E+02 2.4309E+02 3.5783E+02 2.8618E+02 3.5784E+02 3.4087E+02
 3.5786E+02 4.1117E+02 3.5788E+02 5.0265E+02 3.5790E+02 6.2273E+02
 3.5791E+02 7.8050E+02 3.5793E+02 9.8462E+02 3.5797E+02 1.5118E+03
 3.5800E+02 1.8401E+03 3.5805E+02 1.2616E+03 3.5810E+02 6.4925E+02
 3.5813E+02 4.7599E+02 3.5815E+02 3.5892E+02 3.5818E+02 2.7808E+02
 3.5820E+02 2.2073E+02 3.5825E+02 1.4765E+02 3.5828E+02 1.2375E+02
 3.5831E+02 1.0511E+02 3.5835E+02 7.8417E+01 3.5841E+02 6.0648E+01
 3.5851E+02 3.9287E+01 3.5856E+02 3.2593E+01 3.5861E+02 2.7469E+01
 3.5871E+02 2.0268E+01 3.5881E+02 1.5564E+01 3.5902E+02 1.0001E+01
 3.5912E+02 8.2786E+00 3.5922E+02 6.9661E+00 3.5942E+02 5.1315E+00
 3.5963E+02 3.9390E+00 3.6003E+02 2.5352E+00 3.6023E+02 2.1019E+00
 3.6044E+02 1.7723E+00 3.6084E+02 1.3124E+00 3.6125E+02 1.0142E+00
 3.6206E+02 6.6421E-01 3.6247E+02 5.5662E-01 3.6288E+02 4.7505E-01
 3.6369E+02 3.6196E-01 3.6450E+02 2.8954E-01 3.6613E+02 2.0716E-01
 3.6694E+02 1.8336E-01 3.6775E+02 1.6650E-01 3.6938E+02 1.4704E-01
 3.7100E+02 1.4104E-01 3.7263E+02 1.4621E-01 3.7425E+02 1.6395E-01
 3.7588E+02 2.0046E-01 3.7750E+02 2.7257E-01 3.7831E+02 3.3478E-01
 3.7913E+02 4.3064E-01 3.7953E+02 4.9915E-01 3.7994E+02 5.8899E-01
 3.8034E+02 7.1004E-01 3.8075E+02 8.7871E-01 3.8116E+02 1.1239E+00
 3.8156E+02 1.5004E+00 3.8177E+02 1.7695E+00 3.8197E+02 2.1227E+00
 3.8217E+02 2.5993E+00 3.8238E+02 3.2645E+00 3.8258E+02 4.2329E+00
 3.8278E+02 5.7217E+00 3.8283E+02 6.2195E+00 3.8288E+02 6.7862E+00
 3.8291E+02 7.0995E+00 3.8293E+02 7.4353E+00 3.8296E+02 7.7957E+00
 3.8297E+02 7.9860E+00 3.8298E+02 8.1834E+00 3.8300E+02 8.3882E+00
 3.8301E+02 8.6010E+00 3.8302E+02 8.8220E+00 3.8303E+02 9.0517E+00
 3.8305E+02 9.2907E+00 3.8306E+02 9.5392E+00 3.8307E+02 9.7980E+00
 3.8309E+02 1.0068E+01 3.8310E+02 1.0349E+01 3.8311E+02 1.0641E+01
 3.8312E+02 1.0947E+01 3.8314E+02 1.1266E+01 3.8316E+02 1.1948E+01
 3.8319E+02 1.2694E+01 3.8321E+02 1.3513E+01 3.8324E+02 1.4414E+01
 3.8326E+02 1.5408E+01 3.8329E+02 1.6510E+01 3.8331E+02 1.7734E+01
 3.8334E+02 1.9101E+01 3.8336E+02 2.0632E+01 3.8339E+02 2.2354E+01
 3.8344E+02 2.6517E+01 3.8349E+02 3.1957E+01 3.8352E+02 3.5326E+01
 3.8354E+02 3.9255E+01 3.8357E+02 4.3873E+01 3.8359E+02 4.9350E+01
 3.8362E+02 5.5911E+01 3.8365E+02 6.3857E+01 3.8367E+02 7.3601E+01
 3.8369E+02 8.5717E+01 3.8372E+02 1.0103E+02 3.8375E+02 1.2072E+02
 3.8377E+02 1.4657E+02 3.8380E+02 1.8134E+02 3.8382E+02 2.2936E+02
 3.8385E+02 2.9771E+02 3.8387E+02 3.9811E+02 3.8390E+02 5.4987E+02
 3.8395E+02 1.1185E+03 3.8400E+02 1.7069E+03 3.8404E+02 1.3015E+03
 3.8408E+02 7.6004E+02 3.8410E+02 5.7931E+02 3.8412E+02 4.4887E+02
 3.8414E+02 3.5453E+02 3.8416E+02 2.8534E+02 3.8419E+02 1.9434E+02
 3.8422E+02 1.6387E+02 3.8423E+02 1.3985E+02 3.8427E+02 1.0506E+02
 3.8431E+02 8.1634E+01 3.8439E+02 5.3200E+01 3.8443E+02 4.4225E+01
 3.8447E+02 3.7334E+01 3.8455E+02 2.7620E+01 3.8463E+02 2.1256E+01
 3.8478E+02 1.3712E+01 3.8486E+02 1.1371E+01 3.8494E+02 9.5869E+00
 3.8509E+02 7.0920E+00 3.8525E+02 5.4704E+00 3.8556E+02 3.5636E+00
 3.8572E+02 2.9765E+00 3.8588E+02 2.5311E+00 3.8619E+02 1.9130E+00
 3.8650E+02 1.5168E+00 3.8713E+02 1.0659E+00 3.8744E+02 9.3571E-01
 3.8775E+02 8.4379E-01 3.8838E+02 7.3905E-01 3.8900E+02 7.1058E-01
 3.8963E+02 7.4808E-01 3.9025E+02 8.6371E-01 3.9056E+02 9.6260E-01
 3.9088E+02 1.1015E+00 3.9119E+02 1.2974E+00 3.9150E+02 1.5789E+00
 3.9181E+02 1.9970E+00 3.9213E+02 2.6481E+00 3.9228E+02 3.1170E+00
 3.9244E+02 3.7347E+00 3.9259E+02 4.5705E+00 3.9275E+02 5.7395E+00
 3.9283E+02 6.5066E+00 3.9291E+02 7.4434E+00 3.9294E+02 7.9914E+00
 3.9298E+02 8.6035E+00 3.9302E+02 9.2902E+00 3.9304E+02 9.6652E+00
 3.9306E+02 1.0064E+01 3.9308E+02 1.0488E+01 3.9309E+02 1.0710E+01
 3.9310E+02 1.0940E+01 3.9311E+02 1.1177E+01 3.9312E+02 1.1422E+01
 3.9313E+02 1.1675E+01 3.9314E+02 1.1937E+01 3.9315E+02 1.2208E+01
 3.9316E+02 1.2488E+01 3.9317E+02 1.2778E+01 3.9318E+02 1.3079E+01
 3.9320E+02 1.3712E+01 3.9322E+02 1.4394E+01 3.9324E+02 1.5128E+01
 3.9326E+02 1.5920E+01 3.9328E+02 1.6776E+01 3.9330E+02 1.7703E+01
 3.9334E+02 1.9806E+01 3.9338E+02 2.2308E+01 3.9341E+02 2.5317E+01
 3.9345E+02 2.8979E+01 3.9349E+02 3.3496E+01 3.9353E+02 3.9153E+01
 3.9357E+02 4.6366E+01 3.9361E+02 5.5752E+01 3.9365E+02 6.8266E+01
 3.9369E+02 8.5440E+01 3.9371E+02 9.6516E+01 3.9373E+02 1.0984E+02
 3.9375E+02 1.2605E+02 3.9377E+02 1.4600E+02 3.9378E+02 1.7089E+02
 3.9381E+02 2.0240E+02 3.9382E+02 2.4295E+02 3.9384E+02 2.9602E+02
 3.9386E+02 3.6672E+02 3.9388E+02 4.6245E+02 3.9390E+02 5.9358E+02
 3.9392E+02 7.7292E+02 3.9396E+02 1.2945E+03 3.9400E+02 1.6701E+03
 3.9405E+02 1.0935E+03 3.9410E+02 5.3725E+02 3.9413E+02 3.8889E+02
 3.9416E+02 2.9077E+02 3.9418E+02 2.2399E+02 3.9421E+02 1.7707E+02
 3.9426E+02 1.1785E+02 3.9429E+02 9.8615E+01 3.9432E+02 8.3664E+01
 3.9437E+02 6.2316E+01 3.9442E+02 4.8150E+01 3.9453E+02 3.1168E+01
 3.9458E+02 2.5857E+01 3.9463E+02 2.1794E+01 3.9474E+02 1.6089E+01
 3.9484E+02 1.2365E+01 3.9505E+02 7.9631E+00 3.9516E+02 6.6000E+00
 3.9526E+02 5.5615E+00 3.9547E+02 4.1094E+00 3.9568E+02 3.1650E+00
 3.9610E+02 2.0517E+00 3.9632E+02 1.7074E+00 3.9653E+02 1.4450E+00
 3.9695E+02 1.0780E+00 3.9737E+02 8.3885E-01 3.9821E+02 5.5595E-01
 3.9863E+02 4.6802E-01 3.9905E+02 4.0080E-01 3.9990E+02 3.0626E-01
 4.0074E+02 2.4422E-01 4.0242E+02 1.7015E-01 4.0326E+02 1.4694E-01
 4.0411E+02 1.2914E-01 4.0579E+02 1.0411E-01 4.0748E+02 8.7836E-02
 4.1084E+02 6.9288E-02 4.1421E+02 6.0720E-02 4.1758E+02 5.7913E-02
 4.2095E+02 5.9523E-02 4.2432E+02 6.5697E-02 4.2769E+02 7.8023E-02
 4.2937E+02 8.7597E-02 4.3106E+02 1.0055E-01 4.3274E+02 1.1832E-01
 4.3442E+02 1.4330E-01 4.3611E+02 1.7965E-01 4.3779E+02 2.3518E-01
 4.3864E+02 2.7458E-01 4.3948E+02 3.2595E-01 4.4032E+02 3.9471E-01
 4.4116E+02 4.8976E-01 4.4200E+02 6.2668E-01 4.4285E+02 8.3472E-01
 4.4327E+02 9.8219E-01 4.4369E+02 1.1746E+00 4.4411E+02 1.4325E+00
 4.4453E+02 1.7900E+00 4.4474E+02 2.0233E+00 4.4495E+02 2.3071E+00
 4.4506E+02 2.4727E+00 4.4516E+02 2.6573E+00 4.4522E+02 2.7577E+00
 4.4527E+02 2.8641E+00 4.4532E+02 2.9770E+00 4.4535E+02 3.0359E+00
 4.4537E+02 3.0968E+00 4.4540E+02 3.1595E+00 4.4541E+02 3.1916E+00
 4.4543E+02 3.2242E+00 4.4544E+02 3.2573E+00 4.4545E+02 3.2741E+00
 4.4545E+02 3.2909E+00 4.4546E+02 3.3080E+00 4.4547E+02 3.3251E+00
 4.4547E+02 3.3424E+00 4.4548E+02 3.3599E+00 4.4549E+02 3.3952E+00
 4.4550E+02 3.4310E+00 4.4552E+02 3.4675E+00 4.4553E+02 3.5045E+00
 4.4556E+02 3.5804E+00 4.4558E+02 3.6590E+00 4.4561E+02 3.7401E+00
 4.4564E+02 3.8241E+00 4.4566E+02 3.9110E+00 4.4569E+02 4.0010E+00
 4.4574E+02 4.1908E+00 4.4580E+02 4.3947E+00 4.4585E+02 4.6142E+00
 4.4590E+02 4.8511E+00 4.4595E+02 5.1071E+00 4.4600E+02 5.3844E+00
 4.4611E+02 6.0129E+00 4.4622E+02 6.7609E+00 4.4632E+02 7.6610E+00
 4.4643E+02 8.7575E+00 4.4653E+02 1.0112E+01 4.4664E+02 1.1813E+01
 4.4674E+02 1.3990E+01 4.4685E+02 1.6837E+01 4.4695E+02 2.0660E+01
 4.4706E+02 2.5962E+01 4.4711E+02 2.9416E+01 4.4716E+02 3.3609E+01
 4.4722E+02 3.8764E+01 4.4727E+02 4.5198E+01 4.4732E+02 5.3365E+01
 4.4737E+02 6.3934E+01 4.4743E+02 7.7924E+01 4.4748E+02 9.6938E+01
 4.4753E+02 1.2359E+02 4.4758E+02 1.6234E+02 4.4761E+02 1.8851E+02
 4.4764E+02 2.2106E+02 4.4766E+02 2.6203E+02 4.4769E+02 3.1415E+02
 4.4772E+02 3.8107E+02 4.4774E+02 4.6740E+02 4.4777E+02 5.7830E+02
 4.4780E+02 7.1766E+02 4.4785E+02 1.0576E+03 4.4790E+02 1.2558E+03
 4.4796E+02 1.0034E+03 4.4802E+02 6.2612E+02 4.4805E+02 4.8846E+02
 4.4808E+02 3.8505E+02 4.4811E+02 3.0803E+02 4.4814E+02 2.5031E+02
 4.4820E+02 1.7275E+02 4.4827E+02 1.2539E+02 4.4833E+02 9.4783E+01
 4.4839E+02 7.4023E+01 4.4851E+02 4.8661E+01 4.4857E+02 4.0626E+01
 4.4863E+02 3.4449E+01 4.4875E+02 2.5744E+01 4.4888E+02 2.0056E+01
 4.4912E+02 1.3383E+01 4.4924E+02 1.1359E+01 4.4936E+02 9.8544E+00
 4.4961E+02 7.8784E+00 4.4985E+02 6.8112E+00 4.5009E+02 6.3940E+00
 4.5034E+02 6.5866E+00 4.5058E+02 7.5704E+00 4.5083E+02 9.9539E+00
 4.5095E+02 1.2151E+01 4.5107E+02 1.5632E+01 4.5113E+02 1.8153E+01
 4.5119E+02 2.1479E+01 4.5122E+02 2.3551E+01 4.5124E+02 2.4714E+01
 4.5125E+02 2.5975E+01 4.5127E+02 2.7345E+01 4.5128E+02 2.8836E+01
 4.5130E+02 3.0462E+01 4.5131E+02 3.2240E+01 4.5133E+02 3.4190E+01
 4.5134E+02 3.6333E+01 4.5136E+02 3.8695E+01 4.5137E+02 4.1308E+01
 4.5139E+02 4.4206E+01 4.5140E+02 4.7433E+01 4.5142E+02 5.1039E+01
 4.5143E+02 5.5084E+01 4.5145E+02 5.9643E+01 4.5147E+02 6.4802E+01
 4.5148E+02 7.0671E+01 4.5150E+02 7.7383E+01 4.5151E+02 8.5102E+01
 4.5153E+02 9.4036E+01 4.5154E+02 1.0445E+02 4.5156E+02 1.1666E+02
 4.5157E+02 1.3112E+02 4.5159E+02 1.4836E+02 4.5160E+02 1.6912E+02
 4.5162E+02 1.9437E+02 4.5163E+02 2.2540E+02 4.5165E+02 2.6394E+02
 4.5166E+02 3.1236E+02 4.5168E+02 3.7381E+02 4.5169E+02 4.5246E+02
 4.5171E+02 5.5351E+02 4.5172E+02 6.8266E+02 4.5174E+02 8.4390E+02
 4.5177E+02 1.2323E+03 4.5180E+02 1.4558E+03 4.5184E+02 1.1204E+03
 4.5186E+02 8.6997E+02 4.5188E+02 6.6274E+02 4.5190E+02 5.0747E+02
 4.5192E+02 3.9460E+02 4.5194E+02 3.1255E+02 4.5196E+02 2.5215E+02
 4.5200E+02 1.7240E+02 4.5201E+02 1.4561E+02 4.5203E+02 1.2447E+02
 4.5207E+02 9.3802E+01 4.5211E+02 7.3122E+01 4.5219E+02 4.7972E+01
 4.5223E+02 4.0021E+01 4.5227E+02 3.3909E+01 4.5235E+02 2.5282E+01
 4.5243E+02 1.9617E+01 4.5258E+02 1.2876E+01 4.5266E+02 1.0775E+01
 4.5274E+02 9.1677E+00 4.5290E+02 6.9063E+00 4.5305E+02 5.4224E+00
 4.5336E+02 3.6485E+00 4.5352E+02 3.0904E+00 4.5368E+02 2.6603E+00
 4.5399E+02 2.0478E+00 4.5431E+02 1.6386E+00 4.5493E+02 1.1365E+00
 4.5524E+02 9.7403E-01 4.5556E+02 8.4673E-01 4.5618E+02 6.6151E-01
 4.5681E+02 5.3455E-01 4.5806E+02 3.7436E-01 4.5931E+02 2.7949E-01
 4.6057E+02 2.1801E-01 4.6182E+02 1.7560E-01 4.6432E+02 1.2210E-01
 4.6558E+02 1.0451E-01 4.6683E+02 9.0668E-02 4.6933E+02 7.0535E-02
 4.7184E+02 5.6825E-02 4.7685E+02 3.9820E-02 4.7935E+02 3.4320E-02
 4.8186E+02 3.0035E-02 4.8687E+02 2.3879E-02 4.9188E+02 1.9756E-02
 5.0189E+02 1.4778E-02 5.1191E+02 1.2080E-02 5.2193E+02 1.0589E-02
 5.3195E+02 9.8744E-03 5.4197E+02 9.7950E-03 5.5199E+02 1.0406E-02
 5.6201E+02 1.2018E-02 5.7203E+02 1.5512E-02 5.7703E+02 1.8641E-02
 5.8204E+02 2.3555E-02 5.8455E+02 2.7105E-02 5.8705E+02 3.1791E-02
 5.8956E+02 3.8140E-02 5.9206E+02 4.7031E-02 5.9457E+02 6.0011E-02
 5.9707E+02 8.0014E-02 5.9832E+02 9.4344E-02 5.9958E+02 1.1318E-01
 6.0083E+02 1.3863E-01 6.0208E+02 1.7420E-01 6.0333E+02 2.2605E-01
 6.0459E+02 3.0590E-01 6.0521E+02 3.6308E-01 6.0584E+02 4.3824E-01
 6.0646E+02 5.3977E-01 6.0709E+02 6.8163E-01 6.0772E+02 8.8841E-01
 6.0834E+02 1.2067E+00 6.0866E+02 1.4346E+00 6.0897E+02 1.7340E+00
 6.0913E+02 1.9202E+00 6.0928E+02 2.1382E+00 6.0936E+02 2.2615E+00
 6.0944E+02 2.3957E+00 6.0952E+02 2.5422E+00 6.0956E+02 2.6206E+00
 6.0960E+02 2.7027E+00 6.0962E+02 2.7451E+00 6.0963E+02 2.7886E+00
 6.0965E+02 2.8332E+00 6.0967E+02 2.8788E+00 6.0968E+02 2.9020E+00
 6.0969E+02 2.9255E+00 6.0970E+02 2.9493E+00 6.0971E+02 2.9734E+00
 6.0972E+02 2.9977E+00 6.0973E+02 3.0224E+00 6.0974E+02 3.0474E+00
 6.0975E+02 3.0727E+00 6.0977E+02 3.1243E+00 6.0979E+02 3.1771E+00
 6.0981E+02 3.2313E+00 6.0983E+02 3.2870E+00 6.0987E+02 3.4026E+00
 6.0991E+02 3.5244E+00 6.0995E+02 3.6529E+00 6.0999E+02 3.7886E+00
 6.1003E+02 3.9319E+00 6.1006E+02 4.0836E+00 6.1014E+02 4.4145E+00
 6.1022E+02 4.7872E+00 6.1030E+02 5.2092E+00 6.1038E+02 5.6895E+00
 6.1046E+02 6.2394E+00 6.1053E+02 6.8728E+00 6.1061E+02 7.6077E+00
 6.1069E+02 8.4667E+00 6.1077E+02 9.4794E+00 6.1085E+02 1.0685E+01
 6.1093E+02 1.2134E+01 6.1100E+02 1.3898E+01 6.1108E+02 1.6074E+01
 6.1116E+02 1.8800E+01 6.1124E+02 2.2276E+01 6.1132E+02 2.6802E+01
 6.1140E+02 3.2839E+01 6.1147E+02 4.1129E+01 6.1155E+02 5.2917E+01
 6.1163E+02 7.0409E+01 6.1167E+02 8.2468E+01 6.1171E+02 9.7756E+01
 6.1175E+02 1.1746E+02 6.1179E+02 1.4330E+02 6.1183E+02 1.7782E+02
 6.1187E+02 2.2474E+02 6.1190E+02 2.8935E+02 6.1194E+02 3.7834E+02
 6.1202E+02 6.4136E+02 6.1210E+02 8.3474E+02 6.1217E+02 6.6077E+02
 6.1225E+02 4.0662E+02 6.1228E+02 3.1558E+02 6.1232E+02 2.4778E+02
 6.1236E+02 1.9760E+02 6.1239E+02 1.6018E+02 6.1247E+02 1.1012E+02
 6.1250E+02 9.3137E+01 6.1254E+02 7.9680E+01 6.1261E+02 6.0060E+01
 6.1269E+02 4.6771E+01 6.1283E+02 3.0548E+01 6.1290E+02 2.5407E+01
 6.1298E+02 2.1452E+01 6.1312E+02 1.5868E+01 6.1327E+02 1.2203E+01
 6.1356E+02 7.8509E+00 6.1371E+02 6.4988E+00 6.1385E+02 5.4676E+00
 6.1415E+02 4.0241E+00 6.1444E+02 3.0846E+00 6.1502E+02 1.9772E+00
 6.1532E+02 1.6350E+00 6.1561E+02 1.3746E+00 6.1619E+02 1.0109E+00
 6.1678E+02 7.7472E-01 6.1795E+02 4.9690E-01 6.1853E+02 4.1118E-01
 6.1912E+02 3.4599E-01 6.2029E+02 2.5500E-01 6.2146E+02 1.9597E-01
 6.2379E+02 1.2658E-01 6.2497E+02 1.0519E-01 6.2613E+02 8.8928E-02
 6.2847E+02 6.6246E-02 6.3081E+02 5.1543E-02 6.3549E+02 3.4293E-02
 6.3783E+02 2.8988E-02 6.4017E+02 2.4965E-02 6.4485E+02 1.9382E-02
 6.4953E+02 1.5800E-02 6.5888E+02 1.1713E-02 6.6824E+02 9.6809E-03
 6.7759E+02 8.6974E-03 6.8695E+02 8.3821E-03 6.9631E+02 8.6214E-03
 7.0566E+02 9.4803E-03 7.1502E+02 1.1254E-02 7.2438E+02 1.4745E-02
 7.2905E+02 1.7741E-02 7.3373E+02 2.2336E-02 7.3607E+02 2.5610E-02
 7.3841E+02 2.9891E-02 7.4075E+02 3.5647E-02 7.4309E+02 4.3648E-02
 7.4543E+02 5.5253E-02 7.4777E+02 7.3038E-02 7.4894E+02 8.5735E-02
 7.5010E+02 1.0239E-01 7.5127E+02 1.2485E-01 7.5244E+02 1.5620E-01
 7.5361E+02 2.0183E-01 7.5478E+02 2.7202E-01 7.5537E+02 3.2225E-01
 7.5595E+02 3.8825E-01 7.5654E+02 4.7738E-01 7.5712E+02 6.0188E-01
 7.5771E+02 7.8332E-01 7.5829E+02 1.0626E+00 7.5858E+02 1.2625E+00
 7.5888E+02 1.5251E+00 7.5917E+02 1.8796E+00 7.5931E+02 2.1054E+00
 7.5939E+02 2.2339E+00 7.5946E+02 2.3746E+00 7.5950E+02 2.4500E+00
 7.5953E+02 2.5290E+00 7.5955E+02 2.5700E+00 7.5957E+02 2.6120E+00
 7.5959E+02 2.6550E+00 7.5961E+02 2.6991E+00 7.5962E+02 2.7215E+00
 7.5963E+02 2.7443E+00 7.5963E+02 2.7673E+00 7.5964E+02 2.7906E+00
 7.5965E+02 2.8143E+00 7.5966E+02 2.8382E+00 7.5967E+02 2.8624E+00
 7.5968E+02 2.8869E+00 7.5970E+02 2.9370E+00 7.5972E+02 2.9883E+00
 7.5974E+02 3.0410E+00 7.5975E+02 3.0952E+00 7.5979E+02 3.2078E+00
 7.5983E+02 3.3268E+00 7.5986E+02 3.4525E+00 7.5990E+02 3.5854E+00
 7.5994E+02 3.7262E+00 7.5997E+02 3.8755E+00 7.6001E+02 4.0339E+00
 7.6005E+02 4.2023E+00 7.6012E+02 4.5722E+00 7.6019E+02 4.9932E+00
 7.6026E+02 5.4752E+00 7.6034E+02 6.0303E+00 7.6041E+02 6.6742E+00
 7.6048E+02 7.4269E+00 7.6056E+02 8.3141E+00 7.6063E+02 9.3697E+00
 7.6070E+02 1.0639E+01 7.6078E+02 1.2183E+01 7.6085E+02 1.4088E+01
 7.6092E+02 1.6473E+01 7.6100E+02 1.9513E+01 7.6107E+02 2.3467E+01
 7.6114E+02 2.8738E+01 7.6122E+02 3.5968E+01 7.6129E+02 4.6233E+01
 7.6136E+02 6.1428E+01 7.6140E+02 7.1879E+01 7.6144E+02 8.5099E+01
 7.6147E+02 1.0209E+02 7.6151E+02 1.2429E+02 7.6154E+02 1.5380E+02
 7.6158E+02 1.9366E+02 7.6162E+02 2.4806E+02 7.6165E+02 3.2209E+02
 7.6173E+02 5.3496E+02 7.6180E+02 6.8608E+02 7.6189E+02 4.7450E+02
 7.6198E+02 2.4650E+02 7.6203E+02 1.8120E+02 7.6208E+02 1.3688E+02
 7.6212E+02 1.0618E+02 7.6217E+02 8.4358E+01 7.6226E+02 5.6490E+01
 7.6231E+02 4.7363E+01 7.6235E+02 4.0242E+01 7.6244E+02 3.0034E+01
 7.6253E+02 2.3234E+01 7.6272E+02 1.5055E+01 7.6281E+02 1.2490E+01
 7.6290E+02 1.0527E+01 7.6308E+02 7.7671E+00 7.6327E+02 5.9640E+00
 7.6364E+02 3.8314E+00 7.6382E+02 3.1708E+00 7.6400E+02 2.6675E+00
 7.6437E+02 1.9640E+00 7.6474E+02 1.5067E+00 7.6547E+02 9.6825E-01
 7.6584E+02 8.0203E-01 7.6621E+02 6.7561E-01 7.6694E+02 4.9918E-01
 7.6767E+02 3.8475E-01 7.6914E+02 2.5044E-01 7.6988E+02 2.0913E-01
 7.7061E+02 1.7781E-01 7.7208E+02 1.3436E-01 7.7355E+02 1.0651E-01
 7.7649E+02 7.4762E-02 7.7796E+02 6.5553E-02 7.7942E+02 5.9011E-02
 7.8236E+02 5.1400E-02 7.8530E+02 4.8995E-02 7.8824E+02 5.0986E-02
 7.9117E+02 5.8059E-02 7.9264E+02 6.4229E-02 7.9411E+02 7.2946E-02
 7.9558E+02 8.5285E-02 7.9705E+02 1.0305E-01 7.9852E+02 1.2947E-01
 7.9999E+02 1.7065E-01 8.0072E+02 2.0031E-01 8.0146E+02 2.3942E-01
 8.0219E+02 2.9237E-01 8.0292E+02 3.6648E-01 8.0366E+02 4.7465E-01
 8.0439E+02 6.4135E-01 8.0476E+02 7.6076E-01 8.0513E+02 9.1771E-01
 8.0549E+02 1.1297E+00 8.0586E+02 1.4259E+00 8.0623E+02 1.8574E+00
 8.0641E+02 2.1512E+00 8.0651E+02 2.3251E+00 8.0660E+02 2.5211E+00
 8.0664E+02 2.6286E+00 8.0669E+02 2.7431E+00 8.0671E+02 2.8032E+00
 8.0674E+02 2.8653E+00 8.0676E+02 2.9294E+00 8.0678E+02 2.9958E+00
 8.0679E+02 3.0298E+00 8.0680E+02 3.0644E+00 8.0681E+02 3.0997E+00
 8.0683E+02 3.1355E+00 8.0684E+02 3.1719E+00 8.0685E+02 3.2090E+00
 8.0686E+02 3.2468E+00 8.0687E+02 3.2852E+00 8.0688E+02 3.3243E+00
 8.0690E+02 3.3641E+00 8.0691E+02 3.4047E+00 8.0692E+02 3.4459E+00
 8.0694E+02 3.5308E+00 8.0696E+02 3.6188E+00 8.0699E+02 3.7101E+00
 8.0701E+02 3.8050E+00 8.0703E+02 3.9035E+00 8.0706E+02 4.0060E+00
 8.0710E+02 4.2233E+00 8.0715E+02 4.4589E+00 8.0719E+02 4.7147E+00
 8.0724E+02 4.9932E+00 8.0728E+02 5.2971E+00 8.0733E+02 5.6296E+00
 8.0742E+02 6.3958E+00 8.0751E+02 7.3295E+00 8.0761E+02 8.4830E+00
 8.0770E+02 9.9308E+00 8.0779E+02 1.1782E+01 8.0788E+02 1.4199E+01
 8.0797E+02 1.7436E+01 8.0807E+02 2.1907E+01 8.0811E+02 2.4807E+01
 8.0816E+02 2.8315E+01 8.0820E+02 3.2608E+01 8.0825E+02 3.7934E+01
 8.0829E+02 4.4644E+01 8.0834E+02 5.3244E+01 8.0839E+02 6.4484E+01
 8.0843E+02 7.9501E+01 8.0848E+02 1.0007E+02 8.0853E+02 1.2898E+02
 8.0857E+02 1.7074E+02 8.0862E+02 2.3226E+02 8.0871E+02 4.4704E+02
 8.0880E+02 6.4621E+02 8.0892E+02 3.7375E+02 8.0898E+02 2.4476E+02
 8.0901E+02 1.9991E+02 8.0903E+02 1.6503E+02 8.0909E+02 1.1631E+02
 8.0915E+02 8.5474E+01 8.0921E+02 6.5081E+01 8.0927E+02 5.1033E+01
 8.0939E+02 3.3618E+01 8.0945E+02 2.8038E+01 8.0950E+02 2.3724E+01
 8.0962E+02 1.7603E+01 8.0974E+02 1.3565E+01 8.0997E+02 8.7500E+00
 8.1009E+02 7.2495E+00 8.1021E+02 6.1036E+00 8.1044E+02 4.4974E+00
 8.1068E+02 3.4507E+00 8.1115E+02 2.2154E+00 8.1138E+02 1.8334E+00
 8.1162E+02 1.5425E+00 8.1209E+02 1.1361E+00 8.1256E+02 8.7208E-01
 8.1349E+02 5.6134E-01 8.1397E+02 4.6541E-01 8.1443E+02 3.9242E-01
 8.1537E+02 2.9053E-01 8.1631E+02 2.2439E-01 8.1819E+02 1.4658E-01
 8.1913E+02 1.2258E-01 8.2007E+02 1.0433E-01 8.2195E+02 7.8883E-02
 8.2383E+02 6.2410E-02 8.2758E+02 4.3209E-02 8.2946E+02 3.7403E-02
 8.3134E+02 3.3089E-02 8.3509E+02 2.7426E-02 8.3885E+02 2.4374E-02
 8.4261E+02 2.3199E-02 8.4636E+02 2.3795E-02 8.5012E+02 2.6696E-02
 8.5388E+02 3.3684E-02 8.5575E+02 4.0124E-02 8.5763E+02 5.0344E-02
 8.5857E+02 5.7767E-02 8.5951E+02 6.7591E-02 8.6045E+02 8.0933E-02
 8.6139E+02 9.9652E-02 8.6233E+02 1.2702E-01 8.6327E+02 1.6925E-01
 8.6374E+02 1.9953E-01 8.6421E+02 2.3935E-01 8.6467E+02 2.9317E-01
 8.6514E+02 3.6842E-01 8.6561E+02 4.7816E-01 8.6608E+02 6.4718E-01
 8.6632E+02 7.6823E-01 8.6655E+02 9.2732E-01 8.6679E+02 1.1422E+00
 8.6702E+02 1.4425E+00 8.6726E+02 1.8799E+00 8.6749E+02 2.5529E+00
 8.6761E+02 3.0343E+00 8.6773E+02 3.6663E+00 8.6784E+02 4.5188E+00
 8.6790E+02 5.0611E+00 8.6793E+02 5.3697E+00 8.6796E+02 5.7073E+00
 8.6798E+02 5.8881E+00 8.6799E+02 6.0777E+00 8.6801E+02 6.2766E+00
 8.6802E+02 6.4854E+00 8.6803E+02 6.7048E+00 8.6804E+02 6.8186E+00
 8.6805E+02 6.9355E+00 8.6806E+02 7.0553E+00 8.6806E+02 7.1782E+00
 8.6807E+02 7.3044E+00 8.6808E+02 7.4340E+00 8.6809E+02 7.7036E+00
 8.6811E+02 7.9881E+00 8.6812E+02 8.2886E+00 8.6814E+02 8.6064E+00
 8.6815E+02 8.9427E+00 8.6817E+02 9.2991E+00 8.6818E+02 9.6772E+00
 8.6820E+02 1.0079E+01 8.6822E+02 1.0960E+01 8.6825E+02 1.1962E+01
 8.6828E+02 1.3107E+01 8.6831E+02 1.4424E+01 8.6834E+02 1.5948E+01
 8.6837E+02 1.7725E+01 8.6840E+02 1.9813E+01 8.6843E+02 2.2290E+01
 8.6846E+02 2.5257E+01 8.6849E+02 2.8849E+01 8.6852E+02 3.3253E+01
 8.6855E+02 3.8727E+01 8.6858E+02 4.5639E+01 8.6861E+02 5.4527E+01
 8.6864E+02 6.6190E+01 8.6867E+02 8.1856E+01 8.6869E+02 1.0347E+02
 8.6872E+02 1.3417E+02 8.6874E+02 1.5443E+02 8.6875E+02 1.7914E+02
 8.6877E+02 2.0947E+02 8.6878E+02 2.4686E+02 8.6880E+02 2.9300E+02
 8.6881E+02 3.4966E+02 8.6883E+02 4.1805E+02 8.6884E+02 4.9770E+02
 8.6887E+02 6.6720E+02 8.6890E+02 7.5263E+02 8.6894E+02 6.0285E+02
 8.6896E+02 4.8276E+02 8.6898E+02 3.7749E+02 8.6900E+02 2.9483E+02
 8.6902E+02 2.3259E+02 8.6904E+02 1.8614E+02 8.6906E+02 1.5129E+02
 8.6910E+02 1.0438E+02 8.6915E+02 7.5693E+01 8.6919E+02 5.7137E+01
 8.6923E+02 4.4539E+01 8.6931E+02 2.9127E+01 8.6935E+02 2.4236E+01
 8.6939E+02 2.0471E+01 8.6947E+02 1.5151E+01 8.6955E+02 1.1656E+01
 8.6972E+02 7.5042E+00 8.6980E+02 6.2138E+00 8.6988E+02 5.2293E+00
 8.7004E+02 3.8510E+00 8.7021E+02 2.9537E+00 8.7053E+02 1.8958E+00
 8.7070E+02 1.5688E+00 8.7086E+02 1.3199E+00 8.7119E+02 9.7229E-01
 8.7152E+02 7.4650E-01 8.7217E+02 4.8083E-01 8.7250E+02 3.9883E-01
 8.7282E+02 3.3646E-01 8.7348E+02 2.4938E-01 8.7413E+02 1.9286E-01
 8.7544E+02 1.2639E-01 8.7609E+02 1.0588E-01 8.7675E+02 9.0278E-02
 8.7806E+02 6.8512E-02 8.7936E+02 5.4393E-02 8.8198E+02 3.7822E-02
 8.8329E+02 3.2729E-02 8.8459E+02 2.8873E-02 8.8721E+02 2.3542E-02
 8.8983E+02 2.0159E-02 8.9506E+02 1.6424E-02 9.0029E+02 1.4772E-02
 9.0552E+02 1.4246E-02 9.1075E+02 1.4494E-02 9.1598E+02 1.5427E-02
 9.2121E+02 1.7122E-02 9.2644E+02 1.9852E-02 9.3167E+02 2.4260E-02
 9.3429E+02 2.7529E-02 9.3691E+02 3.2011E-02 9.3952E+02 3.8542E-02
 9.4214E+02 4.9025E-02 9.4344E+02 5.7120E-02 9.4475E+02 6.8815E-02
 9.4606E+02 8.7106E-02 9.4737E+02 1.1911E-01 9.4802E+02 1.4553E-01
 9.4868E+02 1.8554E-01 9.4900E+02 2.1390E-01 9.4933E+02 2.5096E-01
 9.4966E+02 3.0077E-01 9.4998E+02 3.7007E-01 9.5031E+02 4.7073E-01
 9.5064E+02 6.2529E-01 9.5080E+02 7.3578E-01 9.5097E+02 8.8083E-01
 9.5113E+02 1.0766E+00 9.5129E+02 1.3499E+00 9.5146E+02 1.7478E+00
 9.5162E+02 2.3597E+00 9.5170E+02 2.7972E+00 9.5178E+02 3.3715E+00
 9.5186E+02 4.1459E+00 9.5195E+02 5.2252E+00 9.5199E+02 5.9318E+00
 9.5203E+02 6.7928E+00 9.5205E+02 7.2958E+00 9.5207E+02 7.8569E+00
 9.5208E+02 8.1622E+00 9.5209E+02 8.4855E+00 9.5210E+02 8.8286E+00
 9.5210E+02 9.0080E+00 9.5211E+02 9.1929E+00 9.5212E+02 9.3835E+00
 9.5212E+02 9.5802E+00 9.5213E+02 9.7831E+00 9.5213E+02 9.9925E+00
 9.5214E+02 1.0432E+01 9.5215E+02 1.0901E+01 9.5216E+02 1.1403E+01
 9.5217E+02 1.1940E+01 9.5218E+02 1.2515E+01 9.5219E+02 1.3133E+01
 9.5221E+02 1.4514E+01 9.5223E+02 1.6125E+01 9.5225E+02 1.8017E+01
 9.5227E+02 2.0259E+01 9.5229E+02 2.2944E+01 9.5231E+02 2.6193E+01
 9.5233E+02 3.0173E+01 9.5235E+02 3.5116E+01 9.5238E+02 4.1351E+01
 9.5240E+02 4.9356E+01 9.5242E+02 5.9841E+01 9.5244E+02 7.3892E+01
 9.5246E+02 9.3209E+01 9.5248E+02 1.2052E+02 9.5249E+02 1.3847E+02
 9.5250E+02 1.6027E+02 9.5251E+02 1.8690E+02 9.5252E+02 2.1952E+02
 9.5253E+02 2.5950E+02 9.5254E+02 3.0814E+02 9.5255E+02 3.6622E+02
 9.5256E+02 4.3300E+02 9.5258E+02 5.7211E+02 9.5260E+02 6.4072E+02
 9.5265E+02 3.7049E+02 9.5268E+02 2.4260E+02 9.5269E+02 1.9815E+02
 9.5270E+02 1.6357E+02 9.5273E+02 1.1529E+02 9.5275E+02 8.4734E+01
 9.5278E+02 6.4528E+01 9.5280E+02 5.0609E+01 9.5285E+02 3.3354E+01
 9.5288E+02 2.7825E+01 9.5290E+02 2.3552E+01 9.5295E+02 1.7487E+01
 9.5300E+02 1.3486E+01 9.5310E+02 8.7161E+00 9.5315E+02 7.2296E+00
 9.5321E+02 6.0944E+00 9.5331E+02 4.5033E+00 9.5341E+02 3.4665E+00
 9.5361E+02 2.2433E+00 9.5371E+02 1.8652E+00 9.5381E+02 1.5774E+00
 9.5401E+02 1.1755E+00 9.5421E+02 9.1474E-01 9.5462E+02 6.0866E-01
 9.5482E+02 5.1457E-01 9.5502E+02 4.4324E-01 9.5542E+02 3.4436E-01
 9.5583E+02 2.8100E-01 9.5663E+02 2.0867E-01 9.5744E+02 1.7210E-01
 9.5824E+02 1.5281E-01 9.5905E+02 1.4314E-01 9.6066E+02 1.4013E-01
 9.6112E+02 1.4322E-01 9.6112E+02 5.3901E+00 1.0000E+03 5.1651E+00
 1.5000E+03 3.7507E+00 2.1500E+03 2.8642E+00 3.0000E+03 2.2717E+00
 4.6500E+03 1.7310E+00 7.0000E+03 1.3917E+00 1.0000E+04 1.1769E+00
 1.5000E+04 9.8588E-01 2.1500E+04 8.4342E-01 2.4500E+04 7.9614E-01
 3.0000E+04 7.2700E-01 4.6500E+04 5.9592E-01 7.0000E+04 5.0106E-01
 1.0000E+05 4.4312E-01 1.5000E+05 4.0014E-01 2.1500E+05 3.7042E-01
 3.0000E+05 3.4451E-01 4.6500E+05 3.1024E-01 7.0000E+05 2.9565E-01
 1.0000E+06 3.1456E-01 1.5000E+06 2.0924E-01 2.1500E+06 1.2594E-01
 3.0000E+06 5.9520E-02 4.6500E+06 9.5500E-03 7.0000E+06 1.4000E-03
 1.0000E+07 1.5100E-03 1.2000E+07 1.3400E-03 1.3000E+07 1.2200E-03
 1.4000E+07 1.1100E-03 1.5000E+07 1.0000E-03 1.6000E+07 9.1000E-04
 1.7000E+07 8.2000E-04 1.8000E+07 7.5000E-04 1.9000E+07 6.8000E-04
 2.0000E+07 6.2000E-04
