0.00222628005348149
0.00494808538199243
0.00713773893578167
0.00887187414544607
0.0102173582936483
0.0112324572728359
0.0119678671016821
0.0124676270114658
0.0127699273012868
0.0129078237214179
0.0129098688589725
0.0128006698530408
0.0126013807428719
0.0123301368394578
0.0120024376962603
0.0116314845283235
0.0112284772812402
0.0108028759739804
0.0103626304249336
0.00991438201193453
0.00946364070853137
0.00901494027492517
0.00857197415807204
0.00813771436708326
0.00771451533345225
0.00730420453734795
0.00690816147817595
0.00652738638708196
0.00616255991861333
0.00581409491617748
0.00548218121928959
0.00516682436814964
0.00486787896126870
0.00458507733329909
0.00431805414166717
0.00406636738096247
0.00382951628231688
0.00360695650033343
0.00339811294171779
0.00320239054692354
0.00301918329822952
0.00284788169416608
0.00268787890060638
0.00253857576269846
0.00239938483874563
0.00226973359679488
0.00214906689676064
0.00203684886511665
0.00193256425528752
0.00183571937464694
0.00174584264828914
0.00166248488030953
0.00158521926506081
0.00151364119360443
0.00144736789423488
0.00138603794040970
0.00132931065457661
0.00127686543216732
0.00122840100635127
0.00118363467094575
0.00114230147610511
0.00110415340900664
0.00106895856967276
0.00103650035027464
0.00100657662471844
0.000978998953989269
0.000953591811592729
0.000930191832465448
0.000908647087902077
0.000888816388349036
0.000870568615327426
0.000853782083255019
0.000838343931526622
0.000824149546873500
0.000811102015743942
0.000799111606222445
0.000788095278824706
0.000777976225364338
0.000768683434978746
0.000760151286321094
0.000752319164868307
0.000745131104257993
0.000738535450546586
0.000732484548274252
0.000726934447226686
0.000721844628797454
0.000717177750876239
0.000712899410214792
0.000708977921254586
0.000705384110435040
0.000702091125038880
0.000699074255670603
0.000696310771504390
0.000693779767478737
0.000691462022656040
0.000689339869005928
0.000687397069911192
0.000685618707733989
0.000683991079818401
0.000682501602341660
0.000681138721462166
0.000679891831246207
0.000678751197887865
0.000677707889767608
0.000676753712924570
0.000675881151545552
0.000675083313100285
0.000674353877777585
0.000673687051900681
0.000673077525022281
0.000672520430420901
0.000672011308739647
0.000671546074527105
0.000671120985457290
0.000670732614021749
0.000670377821502040
0.000670053734045034
0.000669757720676212
0.000669487373099264
0.000669240487140644
0.000669015045709217
0.000668809203150583
0.000668621270884955
0.000668449704226010
0.000668293090285973
0.000668150136879590
0.000668019662346399
0.000667900586216996
0.000667791920654856
0.000667692762610604
0.000667602286630652
0.000667519738266707
0.000667444428036918
0.000667375725893350
0.000667313056154098
0.000667255892861734
0.000667203755532808
0.000667156205266036
0.000667112841179386
0.000667073297148709
0.000667037238822781
0.000667004360891775
0.000666974384587675
0.000666947055397691
0.000666922140972316
0.000666899429211958
0.000666878726517004
0.000666859856187568
0.000666842656960271
0.000666826981670460
0.000666812696029260
0.000666799677505694
0.000666787814304971
0.000666777004434752
0.000666767154851896
0.000666758180682842
0.000666750004511318
0.000666742555727645
0.000666735769934340
0.000666729588403221
0.000666723957579569
0.000666718828629327
0.000666714157025628
0.000666709902171264
0.000666706027054005
0.000666702497931933
0.000666699284046181
0.000666696357358824
0.000666693692313425
0.000666691265616784
0.000666689056039565
0.000666687044234441
0.000666685212570155
0.000666683544980112
0.000666682026824254
0.000666680644763053
0.000666679386642564
0.000666678241389583
0.000666677198916017
0.000666676250031674
0.000666675386364722
0.000666674600289167
0.000666673884858708
0.000666673233746442
0.000666672641189877
0.000666672101940808
0.000666671611219620
0.000666671164673631
0.000666670758339119
0.000666670388606712
0.000666670052189840
0.000666669746095969
0.000666669467600475
0.000666669214222612
0.000666668983703909
0.000666668773988261
0.000666668583203880
0.000666668409646839
0.000666668251766068
0.000666668108149697
0.000666667977512622
0.000666667858685077
0.000666667750602545
0.000666667652295966
0.000666667562883593
0.000666667481562897
0.000666667407603456
0.000666667340340779
0.000666667279169966
0.000666667223540815
0.000666667172952459
0.000666667126949387
0.000666667085116922
0.000666667047077999
0.000666667012489336
0.000666666981038846
0.000666666952442380
0.000666666926441667
0.000666666902801530
0.000666666881308258
0.000666666861767225
0.000666666844001619
0.000666666827850388
0.000666666813167265
0.000666666799818990
0.000666666787684584
0.000666666776653791
0.000666666766626560
0.000666666757511676
0.000666666749226409
0.000666666741695299
0.000666666734849918
0.000666666728627961
0.000666666722972684
0.000666666717832686
0.000666666713161003
0.000666666708915157
0.000666666705056299
0.000666666701549335
0.000666666698362127
0.000666666695465684
0.000666666692833421
0.000666666690441397
0.000666666688267618
0.000666666686292315
0.000666666684497292
0.000666666682866232
0.000666666681384078
0.000666666680037367
0.000666666678813635
0.000666666677701780
0.000666666676691484
0.000666666675773593
0.000666666674939562
0.000666666674181850
0.000666666673493378
0.000666666672867906
0.000666666672299685
0.000666666671783399
0.000666666671314417
0.000666666670888303
0.000666666670501254
0.000666666670149585
0.000666666669830176
0.000666666669539963
0.000666666669276391
0.000666666669036909
0.000666666668819427
0.000666666668621819
0.000666666668442379
0.000666666668279331
0.000666666668131289
0.000666666667996765
0.000666666667874634
0.000666666667763649
0.000666666667662902
0.000666666667571341
0.000666666667488239
0.000666666667412707
0.000666666667344164
0.000666666667281857
0.000666666667225297
0.000666666667173960
0.000666666667127282
0.000666666667084947
0.000666666667046444
0.000666666667011536
0.000666666666979778
0.000666666666950995
0.000666666666924802
0.000666666666901072
0.000666666666879467
0.000666666666859905
0.000666666666842086
0.000666666666825962
0.000666666666811264
0.000666666666797975
0.000666666666785852
0.000666666666774901
0.000666666666764901
0.000666666666755878
0.000666666666747629
0.000666666666740195
0.000666666666733390
0.000666666666727268
0.000666666666721652
0.000666666666716611
0.000666666666711978
0.000666666666707798
0.000666666666704032
0.000666666666700558
0.000666666666697460
0.000666666666694591
0.000666666666692042
0.000666666666689673
0.000666666666687578
0.000666666666685620
0.000666666666683898
0.000666666666682280
0.000666666666680866
0.000666666666679527
0.000666666666678368
0.000666666666677259
0.000666666666676309
0.000666666666675391
0.000666666666674613
0.000666666666673851
0.000666666666673215
0.000666666666672582
0.000666666666672064
0.000666666666671537
0.000666666666671115
0.000666666666670676
0.000666666666670304
0.000666666666669996
0.000666666666669660
0.000666666666669411
0.000666666666669129
0.000666666666668930
0.000666666666668692
0.000666666666668533
0.000666666666668332
0.000666666666668207
0.000666666666668036
0.000666666666667937
0.000666666666667792
0.000666666666667716
0.000666666666667591
0.000666666666667533
0.000666666666667425
0.000666666666667383
0.000666666666667289
0.000666666666667259
0.000666666666667176
0.000666666666667157
0.000666666666667084
0.000666666666667073
0.000666666666667008
0.000666666666666975
0.000666666666666974
0.000666666666666918
0.000666666666666923
0.000666666666666871
0.000666666666666880
0.000666666666666832
0.000666666666666845
0.000666666666666800
0.000666666666666816
0.000666666666666774
0.000666666666666793
0.000666666666666753
0.000666666666666773
0.000666666666666735
0.000666666666666757
0.000666666666666720
0.000666666666666744
0.000666666666666708
0.000666666666666733
0.000666666666666698
0.000666666666666724
0.000666666666666690
0.000666666666666717
0.000666666666666684
0.000666666666666681
0.000666666666666708
0.000666666666666676
0.000666666666666703
0.000666666666666672
0.000666666666666700
0.000666666666666668
0.000666666666666696
0.000666666666666666
0.000666666666666694
0.000666666666666663
0.000666666666666692
0.000666666666666661
0.000666666666666690
0.000666666666666660
0.000666666666666689
0.000666666666666658
0.000666666666666658
0.000666666666666717
0.000666666666666657
0.000666666666666657
0.000666666666666656
0.000666666666666715
0.000666666666666656
0.000666666666666655
0.000666666666666655
0.000666666666666655
0.000666666666666714
0.000666666666666654
0.000666666666666654
0.000666666666666654
0.000666666666666713
0.000666666666666654
0.000666666666666654
0.000666666666666654
0.000666666666666713
0.000666666666666653
0.000666666666666653
0.000666666666666653
0.000666666666666712
0.000666666666666653
0.000666666666666653
0.000666666666666653
0.000666666666666712
0.000666666666666653
0.000666666666666653
0.000666666666666653
0.000666666666666712
0.000666666666666653
0.000666666666666653
0.000666666666666653
0.000666666666666712
0.000666666666666653
0.000666666666666653
0.000666666666666653
0.000666666666666653
0.000666666666666712
0.000666666666666653
0.000666666666666653
0.000666666666666653
0.000666666666666712
0.000666666666666653
0.000666666666666652
0.000666666666666652
0.000666666666666712
0.000666666666666652
0.000666666666666652
0.000666666666666652
0.000666666666666712
0.000666666666666652
0.000666666666666652
0.000666666666666652
0.000666666666666712
0.000666666666666652
0.000666666666666652
0.000666666666666652
0.000666666666666712
0.000666666666666652
0.000666666666666652
0.000666666666666652
0.000666666666666652
0.000666666666666712
0.000666666666666652
0.000666666666666652
0.000666666666666652
0.000666666666666712
0.000666666666666652
0.000666666666666652
0.000666666666666652
0.000666666666666712
0.000666666666666652
0.000666666666666652
0.000666666666666652
0.000666666666666712
0.000666666666666652
0.000666666666666652
0.000666666666666652
0.000666666666666712
0.000666666666666652
0.000666666666666652
0.000666666666666652
0.000666666666666712
0.000666666666666652
0.000666666666666652
0.000666666666666652
0.000666666666666652
0.000666666666666712
0.000666666666666652
0.000666666666666652
0.000666666666666652
0.000666666666666712
0.000666666666666652
0.000666666666666652
0.000666666666666652
0.000666666666666712
0.000666666666666652
0.000666666666666652
0.000666666666666652
0.000666666666666712
0.000666666666666652
0.000666666666666652
0.000666666666666652
0.000666666666666712
0.000666666666666652
0.000666666666666652
0.000666666666666652
0.000666666666666712
0.000666666666666652
0.000666666666666652
0.000666666666666652
0.000666666666666652
0.000666666666666712
0.000666666666666652
0.000666666666666652
0.000666666666666652
0.000666666666666712
0.000666666666666652
0.000666666666666652
0.000666666666666652
0.000666666666666712
0.000666666666666652
0.000666666666666652
0.000666666666666652
0.000666666666666712
0.000666666666666652
0.000666666666666652
0.000666666666666652
0.000666666666666712
0.000666666666666652
0.000666666666666652
0.000666666666666652
0.000666666666666712
0.000666666666666652
0.000666666666666652
0.000666666666666652
0.000666666666666652
0.000666666666666712
0.000666666666666652
0.000666666666666652
0.000666666666666652
0.000666666666666712
0.000666666666666652
0.000666666666666652
0.000666666666666652
0.000666666666666712
0.000666666666666652
0.000666666666666652
0.000666666666666652
0.000666666666666712
0.000666666666666652
0.000666666666666652
0.000666666666666652
0.000666666666666712
0.000666666666666652
0.000666666666666652
0.000666666666666652
0.000666666666666712
0.000666666666666652
0.000666666666666652
0.000666666666666652
0.000666666666666652
0.000666666666666712
0.000666666666666652
0.000666666666666652
0.000666666666666652
0.000666666666666712
0.000666666666666652
0.000666666666666652
0.000666666666666652
0.000666666666666712
0.000666666666666652
0.000666666666666652
0.000666666666666652
0.000666666666666712
0.000666666666666652
0.000666666666666652
0.000666666666666652
0.000666666666666712
0.000666666666666652
0.000666666666666652
0.000666666666666652
0.000666666666666712
0.000666666666666652
0.000666666666666652
0.000666666666666652
0.000666666666666652
0.000666666666666712
0.000666666666666652
0.000666666666666652
0.000666666666666652
0.000666666666666712
0.000666666666666652
0.000666666666666652
0.000666666666666652
0.000666666666666712
0.000666666666666652
0.000666666666666652
0.000666666666666652
0.000666666666666712
0.000666666666666652
0.000666666666666652
0.000666666666666652
0.000666666666666712
0.000666666666666652
0.000666666666666652
0.000666666666666652
0.000666666666666712
0.000666666666666652
0.000666666666666652
0.000666666666666652
0.000666666666666712
0.000666666666666652
0.000666666666666652
0.000666666666666652
0.000666666666666652
0.000666666666666712
0.000666666666666652
0.000666666666666652
0.000666666666666652
0.000666666666666712
0.000666666666666652
0.000666666666666652
0.000666666666666652
0.000666666666666712
0.000666666666666652
0.000666666666666652
0.000666666666666652
0.000666666666666712
0.000666666666666652
0.000666666666666652
0.000666666666666652
0.000666666666666712
0.000666666666666652
0.000666666666666652
0.000666666666666652
0.000666666666666712
0.000666666666666652
0.000666666666666652
0.000666666666666652
0.000666666666666652
0.000666666666666712
0.000666666666666652
0.000666666666666652
0.000666666666666652
0.000666666666666712
0.000666666666666652
0.000666666666666652
0.000666666666666652
0.000666666666666712
0.000666666666666652
0.000666666666666652
0.000666666666666652
0.000666666666666712
0.000666666666666652
0.000666666666666652
0.000666666666666652
0.000666666666666712
0.000666666666666652
0.000666666666666652
0.000666666666666652
0.000666666666666712
0.000666666666666652
0.000666666666666652
0.000666666666666652
0.000666666666666652
0.000666666666666712
0.000666666666666652
0.000666666666666652
0.000666666666666652
0.000666666666666712
0.000666666666666652
0.000666666666666652
0.000666666666666652
0.000666666666666712
0.000666666666666652
0.000666666666666652
0.000666666666666652
0.000666666666666712
0.000666666666666652
0.000666666666666652
0.000666666666666652
0.000666666666666712
0.000666666666666652
0.000666666666666652
0.000666666666666652
0.000666666666666712
0.000666666666666652
0.000666666666666652
0.000666666666666652
0.000666666666666652
0.000666666666666712
0.000666666666666652
0.000666666666666652
0.000666666666666652
0.000666666666666712
0.000666666666666652
0.000666666666666652
0.000666666666666652
0.000666666666666712
0.000666666666666652
0.000666666666666652
0.000666666666666652
0.000666666666666712
0.000666666666666652
0.000666666666666652
0.000666666666666652
0.000666666666666712
0.000666666666666652
0.000666666666666652
0.000666666666666652
0.000666666666666712
0.000666666666666652
0.000666666666666652
0.000666666666666652
0.000666666666666652
0.000666666666666712
0.000666666666666652
0.000666666666666652
0.000666666666666652
0.000666666666666712
0.000666666666666652
0.000666666666666652
0.000666666666666652
0.000666666666666712
0.000666666666666652
0.000666666666666652
0.000666666666666652
0.000666666666666712
0.000666666666666652
0.000666666666666652
0.000666666666666652
0.000666666666666712
0.000666666666666652
0.000666666666666652
0.000666666666666652
0.000666666666666712
0.000666666666666652
0.000666666666666652
0.000666666666666652
0.000666666666666652
0.000666666666666712
0.000666666666666652
0.000666666666666652
0.000666666666666652
0.000666666666666712
0.000666666666666652
0.000666666666666652
0.000666666666666652
0.000666666666666712
0.000666666666666652
0.000666666666666652
0.000666666666666652
0.000666666666666712
0.000666666666666652
0.000666666666666652
0.000666666666666652
0.000666666666666712
0.000666666666666652
0.000666666666666652
0.000666666666666652
0.000666666666666712
0.000666666666666652
0.000666666666666652
0.000666666666666652
0.000666666666666652
0.000666666666666712
0.000666666666666652
0.000666666666666652
0.000666666666666652
0.000666666666666712
0.000666666666666652
0.000666666666666652
0.000666666666666652
0.000666666666666712
0.000666666666666652
0.000666666666666652
0.000666666666666652
0.000666666666666712
0.000666666666666652
0.000666666666666652
0.000666666666666652
0.000666666666666712
0.000666666666666652
0.000666666666666652
0.000666666666666652
0.000666666666666712
0.000666666666666652
0.000666666666666652
0.000666666666666652
0.000666666666666712
0.000666666666666652
0.000666666666666652
0.000666666666666652
0.000666666666666652
0.000666666666666712
0.000666666666666652
0.000666666666666652
0.000666666666666652
0.000666666666666652
0.000666666666666652
0.000666666666666771
0.000666666666666652
0.000666666666666652
0.000666666666666652
0.000666666666666652
0.000666666666666652
0.000666666666666652
0.000666666666666652
0.000666666666666771
0.000666666666666652
0.000666666666666652
0.000666666666666652
0.000666666666666652
0.000666666666666652
0.000666666666666652
0.000666666666666652
0.000666666666666652
0.000666666666666771
0.000666666666666652
0.000666666666666652
0.000666666666666652
0.000666666666666652
0.000666666666666652
0.000666666666666652
0.000666666666666652
0.000666666666666771
0.000666666666666652
0.000666666666666652
0.000666666666666652
0.000666666666666652
0.000666666666666652
0.000666666666666652
0.000666666666666652
0.000666666666666771
0.000666666666666652
0.000666666666666652
0.000666666666666652
0.000666666666666652
0.000666666666666652
0.000666666666666652
0.000666666666666652
0.000666666666666652
0.000666666666666771
0.000666666666666652
0.000666666666666652
0.000666666666666652
0.000666666666666652
0.000666666666666652
0.000666666666666652
0.000666666666666652
0.000666666666666771
0.000666666666666652
0.000666666666666652
0.000666666666666652
0.000666666666666652
0.000666666666666652
0.000666666666666652
0.000666666666666652
0.000666666666666771
0.000666666666666652
0.000666666666666652
0.000666666666666652
0.000666666666666652
0.000666666666666652
0.000666666666666652
0.000666666666666652
0.000666666666666771
0.000666666666666652
0.000666666666666652
0.000666666666666652
0.000666666666666652
0.000666666666666652
0.000666666666666652
0.000666666666666652
0.000666666666666652
0.000666666666666771
0.000666666666666652
0.000666666666666652
0.000666666666666652
0.000666666666666652
0.000666666666666652
0.000666666666666652
0.000666666666666652
0.000666666666666771
0.000666666666666652
0.000666666666666652
0.000666666666666652
0.000666666666666652
0.000666666666666652
0.000666666666666652
0.000666666666666652
0.000666666666666771
0.000666666666666652
0.000666666666666652
0.000666666666666652
0.000666666666666652
0.000666666666666652
0.000666666666666652
0.000666666666666652
0.000666666666666652
0.000666666666666771
0.000666666666666652
0.000666666666666652
0.000666666666666652
0.000666666666666652
0.000666666666666652
0.000666666666666652
0.000666666666666652
0.000666666666666771
0.000666666666666652
0.000666666666666652
0.000666666666666652
0.000666666666666652
0.000666666666666652
0.000666666666666652
0.000666666666666652
0.000666666666666771
0.000666666666666652
0.000666666666666652
0.000666666666666652
0.000666666666666652
0.000666666666666652
0.000666666666666652
0.000666666666666652
0.000666666666666652
0.000666666666666771
0.000666666666666652
0.000666666666666652
0.000666666666666652
0.000666666666666652
0.000666666666666652
0.000666666666666652
0.000666666666666652
0.000666666666666771
0.000666666666666652
0.000666666666666652
0.000666666666666652
0.000666666666666652
0.000666666666666652
0.000666666666666652
0.000666666666666652
0.000666666666666771
0.000666666666666652
0.000666666666666652
0.000666666666666652
0.000666666666666652
0.000666666666666652
0.000666666666666652
0.000666666666666652
0.000666666666666652
0.000666666666666771
0.000666666666666652
0.000666666666666652
0.000666666666666652
0.000666666666666652
0.000666666666666652
0.000666666666666652
0.000666666666666652
0.000666666666666771
0.000666666666666652
0.000666666666666652
0.000666666666666652
0.000666666666666652
0.000666666666666652
0.000666666666666652
0.000666666666666652
0.000666666666666771
0.000666666666666652
0.000666666666666652
0.000666666666666652
0.000666666666666652
0.000666666666666652
0.000666666666666652
0.000666666666666652
0.000666666666666652
0.000666666666666771
0.000666666666666652
0.000666666666666652
0.000666666666666652
0.000666666666666652
0.000666666666666652
0.000666666666666652
0.000666666666666652
0.000666666666666771
0.000666666666666652
0.000666666666666652
0.000666666666666652
0.000666666666666652
0.000666666666666652
0.000666666666666652
0.000666666666666652
0.000666666666666771
0.000666666666666652
0.000666666666666652
0.000666666666666652
0.000666666666666652
0.000666666666666652